0,125
1,131
2,114
3,100
4,96
5,107
6,149
7,95
8,125
9,94
10,175
11,155
12,92
13,132
14,109
15,109
16,116
17,119
18,135
19,110
20,114
21,122
22,105
23,85
24,129
25,131
26,129
27,129
28,145
29,126
30,133
31,146
32,100
33,138
34,123
35,106
36,154
37,106
38,130
39,138
40,99
41,102
42,110
43,102
44,75
45,124
46,122
47,128
48,119
49,122
50,87
51,144
52,116
53,138
54,109
55,144
56,97
57,140
58,104
59,172
60,125
61,130
62,142
63,118
64,143
65,103
66,141
67,122
68,126
69,160
70,116
71,115
72,110
73,141
74,123
75,144
76,139
77,126
78,123
79,124
80,111
81,143
82,104
83,137
84,120
85,97
86,107
87,130
88,127
89,131
90,98
91,124
92,125
93,125
94,134
95,133
96,126
97,134
98,111
99,130
100,123
101,158
102,125
103,109
104,119
105,117
106,118
107,114
108,127
109,119
110,137
111,123
112,145
113,108
114,107
115,133
116,89
117,96
118,109
119,117
120,128
121,116
122,128
123,112
124,81
125,131
126,127
127,140
128,120
129,151
130,105
131,138
132,166
133,146
134,97
135,131
136,117
137,108
138,110
139,114
140,105
141,115
142,107
143,138
144,141
145,136
146,106
147,120
148,153
149,104
150,130
151,142
152,132
153,113
154,119
155,144
156,148
157,113
158,143
159,102
160,108
161,107
162,130
163,138
164,137
165,115
166,138
167,162
168,96
169,119
170,109
171,96
172,111
173,120
174,113
175,139
176,107
177,145
178,119
179,135
180,143
181,140
182,116
183,152
184,143
185,108
186,116
187,121
188,140
189,131
190,142
191,114
192,93
193,99
194,155
195,125
196,119
197,140
198,152
199,110
200,99
201,128
202,129
203,103
204,154
205,119
206,122
207,120
208,156
209,128
210,145
211,122
212,78
213,137
214,102
215,129
216,109
217,148
218,129
219,143
220,118
221,135
222,105
223,113
224,122
225,118
226,119
227,109
228,111
229,131
230,112
231,124
232,121
233,128
234,118
235,128
236,120
237,121
238,100
239,103
240,115
241,102
242,119
243,124
244,142
245,150
246,148
247,151
248,79
249,125
250,123
251,121
252,143
253,115
254,138
255,98
256,100
257,124
258,142
259,109
260,96
261,125
262,109
263,112
264,112
265,102
266,120
267,140
268,80
269,93
270,102
271,92
272,81
273,141
274,149
275,132
276,143
277,122
278,146
279,95
280,108
281,128
282,170
283,108
284,131
285,137
286,152
287,93
288,140
289,120
290,128
291,169
292,135
293,142
294,129
295,127
296,124
297,127
298,141
299,138
300,113
301,140
302,103
303,135
304,120
305,112
306,102
307,126
308,105
309,96
310,147
311,126
312,100
313,81
314,134
315,147
316,143
317,107
318,101
319,108
320,102
321,130
322,114
323,129
324,145
325,126
326,109
327,119
328,98
329,129
330,129
331,121
332,152
333,146
334,159
335,127
336,131
337,143
338,129
339,114
340,110
341,112
342,125
343,109
344,140
345,105
346,125
347,109
348,135
349,107
350,89
351,115
352,115
353,89
354,140
355,124
356,85
357,176
358,118
359,92
360,139
361,111
362,130
363,127
364,103
365,77
366,96
367,105
368,150
369,149
370,117
371,136
372,102
373,148
374,126
375,128
376,116
377,158
378,110
379,128
380,129
381,99
382,121
383,123
384,132
385,132
386,117
387,87
388,124
389,146
390,143
391,143
392,108
393,130
394,105
395,94
396,112
397,91
398,124
399,169
400,138
401,116
402,100
403,79
404,138
405,124
406,148
407,104
408,167
409,99
410,126
411,84
412,113
413,120
414,156
415,109
416,110
417,154
418,120
419,123
420,86
421,115
422,131
423,136
424,147
425,123
426,156
427,108
428,111
429,115
430,113
431,112
432,105
433,130
434,108
435,142
436,107
437,120
438,131
439,136
440,133
441,126
442,85
443,138
444,95
445,133
446,151
447,128
448,107
449,113
450,127
451,117
452,133
453,123
454,99
455,133
456,124
457,122
458,141
459,120
460,105
461,119
462,130
463,124
464,93
465,124
466,114
467,130
468,180
469,111
470,98
471,139
472,146
473,134
474,151
475,118
476,118
477,113
478,114
479,107
480,98
481,138
482,176
483,131
484,114
485,133
486,123
487,144
488,143
489,132
490,116
491,115
492,106
493,126
494,99
495,140
496,154
497,149
498,91
499,117
500,150
501,139
502,148
503,112
504,148
505,108
506,93
507,123
508,126
509,123
510,84
511,114
512,120
513,134
514,128
515,123
516,92
517,145
518,106
519,124
520,129
521,139
522,100
523,126
524,127
525,99
526,97
527,109
528,109
529,136
530,113
531,115
532,139
533,122
534,162
535,142
536,132
537,136
538,179
539,93
540,129
541,122
542,133
543,96
544,107
545,113
546,107
547,129
548,112
549,119
550,124
551,126
552,131
553,98
554,117
555,116
556,148
557,93
558,104
559,132
560,117
561,128
562,148
563,122
564,159
565,114
566,122
567,95
568,152
569,106
570,153
571,166
572,118
573,115
574,154
575,118
576,131
577,147
578,107
579,131
580,114
581,141
582,131
583,136
584,110
585,129
586,106
587,99
588,144
589,117
590,128
591,157
592,136
593,115
594,108
595,149
596,89
597,127
598,146
599,101
600,136
601,92
602,111
603,124
604,119
605,108
606,145
607,137
608,147
609,150
610,151
611,125
612,126
613,123
614,124
615,109
616,127
617,99
618,171
619,105
620,122
621,121
622,128
623,113
624,93
625,119
626,127
627,98
628,124
629,110
630,124
631,139
632,113
633,151
634,131
635,112
636,123
637,146
638,128
639,115
640,141
641,105
642,121
643,153
644,139
645,129
646,144
647,102
648,110
649,138
650,138
651,127
652,116
653,134
654,113
655,121
656,132
657,117
658,122
659,97
660,116
661,144
662,115
663,148
664,125
665,112
666,102
667,133
668,106
669,108
670,135
671,98
672,116
673,144
674,114
675,100
676,150
677,111
678,140
679,172
680,119
681,132
682,151
683,120
684,121
685,132
686,133
687,115
688,141
689,84
690,115
691,168
692,122
693,115
694,145
695,155
696,143
697,118
698,179
699,112
700,97
701,91
702,132
703,104
704,120
705,148
706,130
707,110
708,95
709,111
710,115
711,157
712,125
713,109
714,120
715,124
716,121
717,123
718,142
719,101
720,128
721,135
722,128
723,167
724,118
725,145
726,128
727,87
728,132
729,117
730,116
731,130
732,155
733,132
734,102
735,109
736,113
737,134
738,128
739,154
740,95
741,137
742,143
743,136
744,94
745,144
746,133
747,94
748,123
749,110
750,135
751,138
752,124
753,110
754,142
755,142
756,135
757,114
758,88
759,110
760,153
761,132
762,126
763,117
764,116
765,111
766,139
767,143
768,128
769,113
770,93
771,135
772,106
773,119
774,124
775,153
776,109
777,145
778,134
779,112
780,139
781,140
782,150
783,122
784,139
785,134
786,142
787,143
788,120
789,132
790,132
791,109
792,159
793,126
794,146
795,105
796,111
797,111
798,148
799,176
800,130
801,124
802,127
803,100
804,136
805,131
806,127
807,114
808,135
809,105
810,113
811,128
812,110
813,131
814,165
815,130
816,111
817,126
818,108
819,114
820,129
821,104
822,107
823,96
824,160
825,94
826,96
827,112
828,119
829,121
830,115
831,158
832,105
833,140
834,137
835,109
836,97
837,109
838,133
839,118
840,158
841,107
842,136
843,126
844,111
845,115
846,120
847,129
848,121
849,147
850,117
851,143
852,100
853,116
854,144
855,119
856,121
857,121
858,136
859,127
860,104
861,117
862,145
863,136
864,131
865,126
866,129
867,159
868,172
869,128
870,105
871,161
872,85
873,114
874,133
875,88
876,103
877,139
878,118
879,121
880,117
881,159
882,130
883,94
884,141
885,105
886,162
887,135
888,138
889,122
890,116
891,126
892,145
893,136
894,112
895,113
896,173
897,119
898,133
899,173
900,122
901,116
902,131
903,109
904,97
905,121
906,112
907,101
908,87
909,111
910,137
911,124
912,127
913,100
914,126
915,97
916,121
917,120
918,96
919,130
920,128
921,103
922,146
923,127
924,87
925,168
926,105
927,115
928,133
929,128
930,114
931,142
932,126
933,118
934,142
935,117
936,97
937,136
938,127
939,165
940,127
941,130
942,120
943,179
944,130
945,135
946,103
947,111
948,141
949,125
950,135
951,159
952,133
953,107
954,119
955,143
956,134
957,127
958,90
959,115
960,97
961,123
962,95
963,97
964,102
965,127
966,133
967,126
968,146
969,110
970,123
971,119
972,110
973,134
974,114
975,123
976,142
977,120
978,120
979,99
980,127
981,108
982,159
983,168
984,122
985,130
986,125
987,116
988,129
989,130
990,127
991,97
992,99
993,102
994,127
995,139
996,147
997,126
998,112
999,129
1000,112
1001,104
1002,137
1003,106
1004,118
1005,94
1006,174
1007,111
1008,119
1009,100
1010,194
1011,96
1012,123
1013,125
1014,112
1015,107
1016,123
1017,113
1018,111
1019,112
1020,119
1021,116
1022,135
1023,123
1024,105
1025,113
1026,157
1027,144
1028,119
1029,142
1030,98
1031,112
1032,170
1033,160
1034,194
1035,158
1036,156
1037,127
1038,138
1039,114
1040,115
1041,123
1042,97
1043,127
1044,127
1045,142
1046,127
1047,109
1048,105
1049,136
1050,141
1051,135
1052,130
1053,144
1054,97
1055,115
1056,98
1057,109
1058,109
1059,129
1060,107
1061,131
1062,136
1063,134
1064,132
1065,113
1066,153
1067,135
1068,111
1069,127
1070,109
1071,149
1072,134
1073,126
1074,94
1075,109
1076,121
1077,147
1078,114
1079,109
1080,135
1081,120
1082,125
1083,114
1084,109
1085,131
1086,129
1087,102
1088,128
1089,130
1090,97
1091,96
1092,120
1093,134
1094,123
1095,110
1096,152
1097,120
1098,120
1099,132
1100,153
1101,108
1102,130
1103,105
1104,108
1105,105
1106,107
1107,110
1108,122
1109,110
1110,135
1111,109
1112,131
1113,118
1114,119
1115,108
1116,120
1117,136
1118,103
1119,117
1120,128
1121,99
1122,121
1123,135
1124,113
1125,142
1126,127
1127,97
1128,99
1129,143
1130,127
1131,112
1132,117
1133,116
1134,122
1135,115
1136,122
1137,126
1138,106
1139,127
1140,122
1141,156
1142,116
1143,129
1144,106
1145,117
1146,129
1147,109
1148,150
1149,134
1150,130
1151,139
1152,168
1153,104
1154,121
1155,168
1156,142
1157,116
1158,114
1159,126
1160,112
1161,137
1162,117
1163,158
1164,106
1165,147
1166,109
1167,135
1168,125
1169,93
1170,146
1171,101
1172,113
1173,101
1174,123
1175,133
1176,133
1177,134
1178,99
1179,106
1180,96
1181,121
1182,141
1183,147
1184,119
1185,152
1186,129
1187,100
1188,124
1189,166
1190,147
1191,120
1192,156
1193,119
1194,150
1195,119
1196,106
1197,104
1198,143
1199,148
1200,156
1201,109
1202,150
1203,112
1204,113
1205,107
1206,119
1207,158
1208,98
1209,159
1210,123
1211,139
1212,111
1213,121
1214,122
1215,121
1216,161
1217,119
1218,128
1219,136
1220,122
1221,122
1222,137
1223,141
1224,133
1225,143
1226,156
1227,108
1228,115
1229,122
1230,108
1231,88
1232,124
1233,157
1234,97
1235,119
1236,126
1237,127
1238,106
1239,92
1240,115
1241,120
1242,106
1243,110
1244,95
1245,113
1246,120
1247,117
1248,140
1249,112
1250,121
1251,107
1252,106
1253,119
1254,117
1255,101
1256,86
1257,100
1258,114
1259,115
1260,113
1261,101
1262,112
1263,149
1264,117
1265,114
1266,135
1267,162
1268,108
1269,126
1270,129
1271,98
1272,93
1273,149
1274,107
1275,150
1276,119
1277,121
1278,116
1279,93
1280,135
1281,113
1282,122
1283,112
1284,145
1285,123
1286,134
1287,107
1288,113
1289,133
1290,102
1291,121
1292,141
1293,122
1294,114
1295,115
1296,132
1297,108
1298,100
1299,102
1300,169
1301,116
1302,134
1303,130
1304,139
1305,150
1306,100
1307,143
1308,188
1309,100
1310,112
1311,104
1312,127
1313,128
1314,108
1315,132
1316,104
1317,142
1318,147
1319,141
1320,145
1321,107
1322,108
1323,106
1324,100
1325,117
1326,124
1327,108
1328,109
1329,182
1330,128
1331,99
1332,134
1333,96
1334,130
1335,110
1336,121
1337,148
1338,163
1339,135
1340,104
1341,140
1342,95
1343,136
1344,164
1345,104
1346,116
1347,123
1348,115
1349,117
1350,122
1351,127
1352,134
1353,113
1354,137
1355,104
1356,110
1357,142
1358,159
1359,116
1360,140
1361,114
1362,112
1363,108
1364,99
1365,125
1366,101
1367,102
1368,96
1369,119
1370,103
1371,121
1372,105
1373,77
1374,108
1375,122
1376,115
1377,138
1378,90
1379,103
1380,150
1381,124
1382,132
1383,150
1384,117
1385,126
1386,120
1387,139
1388,125
1389,128
1390,106
1391,114
1392,125
1393,125
1394,125
1395,126
1396,156
1397,87
1398,126
1399,141
1400,141
1401,118
1402,160
1403,123
1404,136
1405,114
1406,115
1407,105
1408,127
1409,144
1410,131
1411,138
1412,131
1413,123
1414,141
1415,113
1416,123
1417,83
1418,111
1419,128
1420,138
1421,128
1422,114
1423,154
1424,124
1425,107
1426,111
1427,115
1428,114
1429,123
1430,141
1431,108
1432,133
1433,99
1434,102
1435,133
1436,117
1437,116
1438,158
1439,121
1440,137
1441,143
1442,133
1443,77
1444,118
1445,133
1446,106
1447,117
1448,132
1449,139
1450,103
1451,112
1452,122
1453,115
1454,140
1455,119
1456,122
1457,128
1458,85
1459,120
1460,143
1461,140
1462,108
1463,134
1464,158
1465,113
1466,166
1467,110
1468,132
1469,131
1470,126
1471,123
1472,83
1473,133
1474,105
1475,176
1476,126
1477,158
1478,120
1479,130
1480,126
1481,166
1482,124
1483,144
1484,99
1485,111
1486,142
1487,143
1488,150
1489,116
1490,112
1491,156
1492,123
1493,128
1494,96
1495,101
1496,132
1497,72
1498,185
1499,81
1500,111
1501,158
1502,125
1503,107
1504,123
1505,126
1506,123
1507,146
1508,108
1509,127
1510,118
1511,138
1512,146
1513,138
1514,133
1515,136
1516,132
1517,107
1518,130
1519,148
1520,123
1521,99
1522,146
1523,109
1524,112
1525,150
1526,108
1527,130
1528,128
1529,117
1530,124
1531,110
1532,104
1533,123
1534,117
1535,113
1536,80
1537,115
1538,106
1539,101
1540,134
1541,142
1542,115
1543,117
1544,102
1545,113
1546,152
1547,111
1548,136
1549,126
1550,107
1551,117
1552,110
1553,113
1554,151
1555,115
1556,153
1557,97
1558,127
1559,129
1560,166
1561,110
1562,118
1563,111
1564,144
1565,128
1566,119
1567,117
1568,129
1569,117
1570,133
1571,122
1572,110
1573,118
1574,147
1575,105
1576,105
1577,121
1578,102
1579,105
1580,157
1581,104
1582,132
1583,137
1584,119
1585,123
1586,90
1587,137
1588,125
1589,121
1590,137
1591,89
1592,111
1593,121
1594,120
1595,121
1596,128
1597,110
1598,124
1599,101
1600,149
1601,153
1602,136
1603,156
1604,98
1605,110
1606,133
1607,139
1608,126
1609,156
1610,107
1611,157
1612,115
1613,122
1614,136
1615,113
1616,161
1617,152
1618,129
1619,138
1620,100
1621,151
1622,147
1623,139
1624,142
1625,122
1626,130
1627,173
1628,142
1629,138
1630,116
1631,134
1632,119
1633,131
1634,106
1635,113
1636,130
1637,156
1638,125
1639,110
1640,158
1641,104
1642,88
1643,131
1644,103
1645,137
1646,119
1647,143
1648,113
1649,125
1650,143
1651,134
1652,94
1653,159
1654,142
1655,130
1656,89
1657,141
1658,131
1659,127
1660,134
1661,135
1662,145
1663,112
1664,134
1665,104
1666,89
1667,149
1668,95
1669,136
1670,78
1671,146
1672,88
1673,139
1674,122
1675,110
1676,109
1677,110
1678,122
1679,112
1680,165
1681,130
1682,150
1683,111
1684,137
1685,105
1686,124
1687,130
1688,130
1689,126
1690,144
1691,141
1692,141
1693,89
1694,125
1695,129
1696,104
1697,122
1698,80
1699,102
1700,181
1701,112
1702,94
1703,121
1704,111
1705,132
1706,113
1707,130
1708,123
1709,146
1710,98
1711,126
1712,122
1713,91
1714,131
1715,138
1716,131
1717,128
1718,155
1719,128
1720,145
1721,133
1722,101
1723,132
1724,101
1725,127
1726,160
1727,144
1728,123
1729,131
1730,149
1731,130
1732,122
1733,80
1734,107
1735,92
1736,141
1737,97
1738,160
1739,98
1740,133
1741,122
1742,126
1743,117
1744,126
1745,116
1746,119
1747,162
1748,126
1749,122
1750,167
1751,130
1752,123
1753,153
1754,101
1755,116
1756,125
1757,104
1758,100
1759,153
1760,114
1761,126
1762,104
1763,109
1764,108
1765,114
1766,128
1767,119
1768,140
1769,97
1770,116
1771,118
1772,114
1773,122
1774,152
1775,98
1776,112
1777,131
1778,119
1779,120
1780,107
1781,119
1782,117
1783,131
1784,89
1785,103
1786,124
1787,109
1788,158
1789,130
1790,123
1791,148
1792,132
1793,86
1794,111
1795,143
1796,165
1797,98
1798,104
1799,127
1800,142
1801,107
1802,108
1803,116
1804,139
1805,152
1806,116
1807,119
1808,105
1809,114
1810,138
1811,152
1812,132
1813,120
1814,114
1815,125
1816,102
1817,121
1818,115
1819,112
1820,119
1821,110
1822,104
1823,122
1824,111
1825,105
1826,142
1827,119
1828,149
1829,132
1830,130
1831,152
1832,121
1833,105
1834,118
1835,126
1836,129
1837,113
1838,145
1839,103
1840,124
1841,100
1842,122
1843,101
1844,136
1845,163
1846,139
1847,121
1848,133
1849,180
1850,146
1851,93
1852,100
1853,162
1854,133
1855,136
1856,128
1857,123
1858,124
1859,161
1860,106
1861,106
1862,116
1863,131
1864,131
1865,116
1866,106
1867,143
1868,127
1869,113
1870,148
1871,103
1872,123
1873,121
1874,113
1875,136
1876,124
1877,100
1878,149
1879,105
1880,133
1881,130
1882,112
1883,143
1884,120
1885,133
1886,114
1887,138
1888,116
1889,148
1890,125
1891,126
1892,116
1893,111
1894,135
1895,123
1896,95
1897,135
1898,126
1899,98
1900,137
1901,117
1902,145
1903,126
1904,151
1905,116
1906,127
1907,123
1908,118
1909,127
1910,99
1911,133
1912,93
1913,128
1914,78
1915,113
1916,139
1917,120
1918,106
1919,110
1920,124
1921,112
1922,135
1923,147
1924,125
1925,122
1926,100
1927,104
1928,120
1929,162
1930,98
1931,145
1932,112
1933,124
1934,99
1935,134
1936,158
1937,112
1938,140
1939,110
1940,122
1941,76
1942,105
1943,145
1944,99
1945,126
1946,157
1947,144
1948,98
1949,103
1950,118
1951,112
1952,108
1953,129
1954,118
1955,137
1956,146
1957,112
1958,134
1959,112
1960,100
1961,111
1962,127
1963,119
1964,134
1965,122
1966,116
1967,113
1968,145
1969,161
1970,123
1971,94
1972,113
1973,112
1974,123
1975,153
1976,111
1977,153
1978,139
1979,135
1980,99
1981,116
1982,117
1983,138
1984,142
1985,125
1986,119
1987,93
1988,113
1989,122
1990,109
1991,116
1992,162
1993,134
1994,115
1995,100
1996,122
1997,107
1998,118
1999,106
2000,110
2001,127
2002,125
2003,146
2004,144
2005,90
2006,124
2007,127
2008,133
2009,100
2010,98
2011,104
2012,105
2013,112
2014,103
2015,115
2016,133
2017,124
2018,103
2019,148
2020,152
2021,97
2022,136
2023,104
2024,130
2025,108
2026,97
2027,113
2028,115
2029,167
2030,117
2031,116
2032,132
2033,116
2034,127
2035,144
2036,119
2037,125
2038,127
2039,109
2040,100
2041,115
2042,91
2043,114
2044,126
2045,126
2046,162
2047,108
2048,111
2049,90
2050,143
2051,149
2052,144
2053,114
2054,94
2055,135
2056,133
2057,93
2058,143
2059,137
2060,157
2061,111
2062,143
2063,107
2064,142
2065,123
2066,78
2067,129
2068,97
2069,119
2070,87
2071,145
2072,93
2073,119
2074,181
2075,122
2076,104
2077,137
2078,134
2079,144
2080,126
2081,118
2082,128
2083,116
2084,145
2085,118
2086,86
2087,112
2088,122
2089,134
2090,95
2091,128
2092,123
2093,151
2094,86
2095,114
2096,119
2097,143
2098,122
2099,100
2100,138
2101,124
2102,181
2103,118
2104,81
2105,137
2106,102
2107,99
2108,90
2109,101
2110,118
2111,109
2112,132
2113,117
2114,163
2115,109
2116,119
2117,175
2118,132
2119,134
2120,150
2121,117
2122,138
2123,138
2124,137
2125,124
2126,104
2127,127
2128,141
2129,133
2130,141
2131,115
2132,142
2133,154
2134,124
2135,139
2136,114
2137,117
2138,123
2139,145
2140,111
2141,133
2142,108
2143,130
2144,126
2145,107
2146,107
2147,138
2148,147
2149,140
2150,123
2151,136
2152,119
2153,102
2154,109
2155,128
2156,129
2157,127
2158,121
2159,117
2160,116
2161,137
2162,129
2163,106
2164,154
2165,136
2166,141
2167,107
2168,98
2169,122
2170,168
2171,104
2172,134
2173,108
2174,147
2175,110
2176,94
2177,106
2178,137
2179,117
2180,142
2181,130
2182,135
2183,134
2184,147
2185,140
2186,111
2187,125
2188,157
2189,105
2190,131
2191,151
2192,97
2193,113
2194,141
2195,132
2196,132
2197,163
2198,101
2199,114
2200,107
2201,158
2202,138
2203,104
2204,113
2205,152
2206,142
2207,120
2208,121
2209,152
2210,125
2211,94
2212,129
2213,139
2214,114
2215,110
2216,135
2217,129
2218,128
2219,117
2220,115
2221,108
2222,124
2223,106
2224,129
2225,101
2226,130
2227,158
2228,118
2229,135
2230,111
2231,131
2232,131
2233,119
2234,124
2235,127
2236,127
2237,115
2238,127
2239,142
2240,105
2241,124
2242,109
2243,127
2244,93
2245,133
2246,172
2247,124
2248,104
2249,159
2250,140
2251,131
2252,121
2253,121
2254,106
2255,109
2256,154
2257,144
2258,124
2259,101
2260,132
2261,149
2262,122
2263,143
2264,122
2265,145
2266,112
2267,133
2268,181
2269,108
2270,124
2271,104
2272,128
2273,120
2274,141
2275,141
2276,105
2277,116
2278,92
2279,97
2280,130
2281,118
2282,120
2283,120
2284,129
2285,137
2286,137
2287,172
2288,125
2289,135
2290,130
2291,143
2292,126
2293,136
2294,153
2295,126
2296,105
2297,105
2298,106
2299,106
2300,128
2301,146
2302,132
2303,113
2304,152
2305,103
2306,136
2307,130
2308,118
2309,123
2310,90
2311,117
2312,117
2313,141
2314,152
2315,105
2316,125
2317,124
2318,127
2319,144
2320,120
2321,118
2322,126
2323,95
2324,105
2325,147
2326,117
2327,117
2328,111
2329,112
2330,104
2331,134
2332,120
2333,131
2334,120
2335,125
2336,162
2337,109
2338,121
2339,137
2340,139
2341,135
2342,107
2343,125
2344,133
2345,101
2346,134
2347,124
2348,97
2349,144
2350,134
2351,129
2352,147
2353,114
2354,152
2355,126
2356,148
2357,121
2358,114
2359,96
2360,132
2361,117
2362,132
2363,114
2364,108
2365,168
2366,150
2367,112
2368,117
2369,95
2370,103
2371,92
2372,87
2373,114
2374,116
2375,103
2376,146
2377,116
2378,151
2379,129
2380,124
2381,94
2382,113
2383,94
2384,133
2385,117
2386,139
2387,118
2388,135
2389,104
2390,109
2391,122
2392,107
2393,112
2394,114
2395,127
2396,120
2397,105
2398,124
2399,112
2400,104
2401,157
2402,120
2403,183
2404,132
2405,117
2406,135
2407,107
2408,156
2409,140
2410,132
2411,122
2412,159
2413,108
2414,128
2415,138
2416,114
2417,104
2418,134
2419,129
2420,109
2421,126
2422,118
2423,142
2424,124
2425,126
2426,106
2427,109
2428,114
2429,114
2430,131
2431,118
2432,107
2433,136
2434,129
2435,99
2436,122
2437,102
2438,138
2439,105
2440,134
2441,113
2442,93
2443,121
2444,158
2445,146
2446,103
2447,118
2448,134
2449,139
2450,106
2451,157
2452,108
2453,172
2454,92
2455,141
2456,109
2457,108
2458,139
2459,132
2460,134
2461,92
2462,140
2463,125
2464,127
2465,123
2466,124
2467,120
2468,116
2469,145
2470,137
2471,117
2472,172
2473,116
2474,120
2475,136
2476,130
2477,104
2478,114
2479,114
2480,131
2481,112
2482,127
2483,86
2484,140
2485,140
2486,155
2487,144
2488,119
2489,120
2490,127
2491,111
2492,119
2493,124
2494,114
2495,100
2496,117
2497,103
2498,146
2499,104
2500,148
2501,156
2502,144
2503,120
2504,135
2505,127
2506,138
2507,128
2508,125
2509,112
2510,115
2511,106
2512,128
2513,108
2514,87
2515,88
2516,131
2517,89
2518,129
2519,129
2520,114
2521,152
2522,131
2523,131
2524,109
2525,176
2526,153
2527,164
2528,145
2529,165
2530,110
2531,128
2532,115
2533,130
2534,149
2535,140
2536,110
2537,118
2538,122
2539,147
2540,117
2541,120
2542,121
2543,121
2544,101
2545,114
2546,98
2547,123
2548,144
2549,139
2550,121
2551,102
2552,94
2553,132
2554,118
2555,140
2556,141
2557,157
2558,144
2559,124
2560,96
2561,112
2562,142
2563,130
2564,150
2565,132
2566,117
2567,82
2568,109
2569,118
2570,118
2571,117
2572,133
2573,109
2574,119
2575,102
2576,142
2577,134
2578,122
2579,98
2580,143
2581,112
2582,145
2583,119
2584,121
2585,126
2586,143
2587,99
2588,144
2589,117
2590,99
2591,126
2592,144
2593,97
2594,112
2595,93
2596,135
2597,83
2598,137
2599,119
2600,126
2601,105
2602,123
2603,145
2604,151
2605,156
2606,151
2607,122
2608,124
2609,129
2610,131
2611,77
2612,99
2613,124
2614,128
2615,124
2616,120
2617,162
2618,142
2619,101
2620,135
2621,120
2622,134
2623,133
2624,134
2625,131
2626,102
2627,123
2628,99
2629,128
2630,137
2631,126
2632,126
2633,119
2634,140
2635,108
2636,176
2637,98
2638,138
2639,100
2640,140
2641,130
2642,124
2643,125
2644,115
2645,149
2646,115
2647,134
2648,120
2649,147
2650,144
2651,98
2652,91
2653,113
2654,132
2655,138
2656,114
2657,90
2658,113
2659,162
2660,129
2661,114
2662,122
2663,111
2664,127
2665,73
2666,164
2667,103
2668,147
2669,97
2670,159
2671,95
2672,155
2673,157
2674,118
2675,144
2676,111
2677,157
2678,123
2679,126
2680,111
2681,120
2682,138
2683,91
2684,106
2685,107
2686,125
2687,130
2688,134
2689,114
2690,103
2691,171
2692,85
2693,110
2694,102
2695,138
2696,139
2697,110
2698,156
2699,128
2700,98
2701,138
2702,105
2703,106
2704,156
2705,111
2706,124
2707,112
2708,107
2709,86
2710,95
2711,106
2712,110
2713,104
2714,117
2715,120
2716,99
2717,96
2718,115
2719,115
2720,129
2721,139
2722,114
2723,94
2724,147
2725,121
2726,109
2727,142
2728,107
2729,141
2730,108
2731,140
2732,119
2733,141
2734,144
2735,136
2736,108
2737,124
2738,104
2739,134
2740,129
2741,134
2742,123
2743,131
2744,126
2745,165
2746,143
2747,90
2748,125
2749,109
2750,122
2751,138
2752,134
2753,124
2754,119
2755,126
2756,96
2757,105
2758,131
2759,101
2760,141
2761,122
2762,131
2763,139
2764,102
2765,121
2766,105
2767,142
2768,124
2769,113
2770,139
2771,163
2772,123
2773,137
2774,137
2775,132
2776,125
2777,128
2778,107
2779,108
2780,117
2781,92
2782,148
2783,117
2784,137
2785,98
2786,116
2787,117
2788,120
2789,98
2790,138
2791,107
2792,122
2793,118
2794,179
2795,155
2796,121
2797,114
2798,114
2799,107
2800,124
2801,135
2802,158
2803,135
2804,93
2805,147
2806,123
2807,131
2808,119
2809,126
2810,107
2811,126
2812,119
2813,112
2814,117
2815,126
2816,141
2817,168
2818,115
2819,104
2820,141
2821,130
2822,140
2823,122
2824,133
2825,130
2826,91
2827,131
2828,158
2829,104
2830,149
2831,143
2832,117
2833,136
2834,112
2835,171
2836,123
2837,125
2838,95
2839,174
2840,104
2841,99
2842,117
2843,108
2844,149
2845,137
2846,108
2847,141
2848,104
2849,134
2850,123
2851,113
2852,131
2853,114
2854,119
2855,110
2856,118
2857,109
2858,127
2859,131
2860,145
2861,113
2862,119
2863,146
2864,145
2865,121
2866,93
2867,113
2868,113
2869,84
2870,137
2871,135
2872,135
2873,124
2874,111
2875,139
2876,121
2877,119
2878,148
2879,130
2880,114
2881,113
2882,97
2883,121
2884,136
2885,158
2886,110
2887,112
2888,151
2889,127
2890,110
2891,136
2892,137
2893,114
2894,100
2895,126
2896,120
2897,156
2898,118
2899,133
2900,130
2901,74
2902,125
2903,88
2904,123
2905,142
2906,131
2907,112
2908,121
2909,121
2910,120
2911,128
2912,125
2913,113
2914,131
2915,124
2916,131
2917,97
2918,109
2919,73
2920,101
2921,109
2922,114
2923,145
2924,118
2925,118
2926,126
2927,110
2928,125
2929,166
2930,107
2931,122
2932,104
2933,121
2934,115
2935,106
2936,118
2937,125
2938,138
2939,120
2940,99
2941,100
2942,123
2943,108
2944,134
2945,147
2946,104
2947,128
2948,118
2949,95
2950,158
2951,145
2952,138
2953,91
2954,101
2955,96
2956,132
2957,120
2958,105
2959,119
2960,100
2961,140
2962,103
2963,99
2964,131
2965,143
2966,111
2967,106
2968,115
2969,122
2970,86
2971,132
2972,93
2973,116
2974,99
2975,106
2976,118
2977,85
2978,114
2979,130
2980,133
2981,127
2982,115
2983,126
2984,142
2985,133
2986,148
2987,148
2988,101
2989,103
2990,113
2991,131
2992,147
2993,122
2994,108
2995,135
2996,111
2997,103
2998,116
2999,119
3000,106
3001,99
3002,115
3003,125
3004,143
3005,101
3006,128
3007,135
3008,111
3009,111
3010,140
3011,143
3012,103
3013,106
3014,138
3015,113
3016,180
3017,140
3018,121
3019,124
3020,114
3021,185
3022,95
3023,99
3024,119
3025,140
3026,114
3027,128
3028,129
3029,112
3030,173
3031,142
3032,111
3033,113
3034,101
3035,94
3036,107
3037,132
3038,84
3039,132
3040,150
3041,96
3042,91
3043,121
3044,119
3045,150
3046,118
3047,141
3048,125
3049,132
3050,137
3051,156
3052,131
3053,115
3054,123
3055,120
3056,135
3057,138
3058,162
3059,104
3060,153
3061,136
3062,131
3063,128
3064,130
3065,96
3066,110
3067,105
3068,101
3069,121
3070,137
3071,128
3072,128
3073,174
3074,88
3075,149
3076,125
3077,140
3078,122
3079,109
3080,108
3081,160
3082,159
3083,88
3084,102
3085,120
3086,122
3087,141
3088,121
3089,131
3090,124
3091,127
3092,126
3093,130
3094,121
3095,115
3096,133
3097,109
3098,147
3099,93
3100,117
3101,127
3102,146
3103,124
3104,103
3105,102
3106,143
3107,130
3108,149
3109,115
3110,137
3111,104
3112,138
3113,107
3114,108
3115,125
3116,148
3117,168
3118,118
3119,133
3120,136
3121,146
3122,91
3123,119
3124,118
3125,120
3126,159
3127,120
3128,117
3129,99
3130,123
3131,132
3132,114
3133,144
3134,139
3135,94
3136,134
3137,146
3138,111
3139,108
3140,156
3141,117
3142,147
3143,125
3144,92
3145,134
3146,81
3147,159
3148,106
3149,122
3150,112
3151,97
3152,142
3153,126
3154,107
3155,119
3156,100
3157,118
3158,110
3159,119
3160,121
3161,170
3162,129
3163,130
3164,132
3165,118
3166,118
3167,103
3168,121
3169,132
3170,158
3171,104
3172,128
3173,175
3174,129
3175,103
3176,152
3177,134
3178,150
3179,100
3180,111
3181,113
3182,129
3183,120
3184,119
3185,132
3186,91
3187,147
3188,127
3189,104
3190,145
3191,126
3192,98
3193,128
3194,137
3195,142
3196,140
3197,90
3198,142
3199,115
3200,120
3201,118
3202,148
3203,99
3204,131
3205,90
3206,140
3207,105
3208,113
3209,133
3210,118
3211,141
3212,141
3213,131
3214,126
3215,153
3216,164
3217,134
3218,126
3219,147
3220,112
3221,140
3222,149
3223,112
3224,118
3225,133
3226,125
3227,95
3228,131
3229,90
3230,120
3231,143
3232,129
3233,103
3234,131
3235,125
3236,134
3237,105
3238,121
3239,97
3240,169
3241,140
3242,161
3243,134
3244,153
3245,109
3246,138
3247,148
3248,114
3249,99
3250,122
3251,129
3252,102
3253,121
3254,161
3255,101
3256,110
3257,127
3258,128
3259,117
3260,147
3261,127
3262,117
3263,110
3264,82
3265,142
3266,145
3267,144
3268,112
3269,102
3270,124
3271,120
3272,120
3273,123
3274,95
3275,153
3276,141
3277,106
3278,103
3279,122
3280,129
3281,88
3282,136
3283,95
3284,162
3285,147
3286,136
3287,124
3288,125
3289,140
3290,94
3291,127
3292,157
3293,146
3294,142
3295,147
3296,79
3297,150
3298,117
3299,128
3300,131
3301,135
3302,144
3303,140
3304,110
3305,115
3306,124
3307,134
3308,129
3309,167
3310,127
3311,122
3312,113
3313,126
3314,128
3315,143
3316,152
3317,130
3318,132
3319,93
3320,137
3321,125
3322,115
3323,158
3324,115
3325,167
3326,121
3327,116
3328,105
3329,84
3330,159
3331,113
3332,110
3333,91
3334,108
3335,129
3336,124
3337,118
3338,95
3339,119
3340,122
3341,111
3342,102
3343,136
3344,103
3345,104
3346,131
3347,116
3348,139
3349,112
3350,121
3351,141
3352,98
3353,103
3354,87
3355,135
3356,105
3357,105
3358,112
3359,107
3360,121
3361,132
3362,126
3363,136
3364,176
3365,138
3366,89
3367,105
3368,129
3369,137
3370,129
3371,139
3372,124
3373,112
3374,135
3375,148
3376,98
3377,147
3378,106
3379,97
3380,132
3381,117
3382,118
3383,118
3384,161
3385,122
3386,132
3387,153
3388,123
3389,86
3390,120
3391,101
3392,119
3393,133
3394,140
3395,109
3396,134
3397,134
3398,124
3399,102
3400,121
3401,133
3402,130
3403,118
3404,110
3405,97
3406,141
3407,107
3408,144
3409,130
3410,135
3411,142
3412,87
3413,104
3414,106
3415,119
3416,148
3417,112
3418,147
3419,127
3420,130
3421,111
3422,101
3423,163
3424,119
3425,158
3426,111
3427,161
3428,139
3429,149
3430,111
3431,133
3432,123
3433,121
3434,143
3435,129
3436,123
3437,119
3438,122
3439,143
3440,115
3441,104
3442,111
3443,99
3444,113
3445,128
3446,114
3447,92
3448,104
3449,97
3450,153
3451,101
3452,127
3453,120
3454,116
3455,122
3456,110
3457,92
3458,154
3459,121
3460,147
3461,124
3462,152
3463,127
3464,128
3465,118
3466,116
3467,121
3468,126
3469,114
3470,98
3471,88
3472,105
3473,87
3474,120
3475,123
3476,166
3477,113
3478,115
3479,149
3480,133
3481,116
3482,135
3483,123
3484,142
3485,131
3486,139
3487,126
3488,124
3489,152
3490,125
3491,140
3492,130
3493,143
3494,143
3495,115
3496,144
3497,113
3498,125
3499,118
3500,123
3501,151
3502,140
3503,113
3504,152
3505,146
3506,146
3507,143
3508,134
3509,137
3510,108
3511,168
3512,102
3513,105
3514,132
3515,118
3516,132
3517,133
3518,159
3519,119
3520,144
3521,160
3522,98
3523,117
3524,135
3525,123
3526,145
3527,138
3528,121
3529,113
3530,121
3531,156
3532,126
3533,138
3534,132
3535,121
3536,106
3537,98
3538,140
3539,114
3540,118
3541,115
3542,109
3543,116
3544,128
3545,104
3546,125
3547,102
3548,116
3549,118
3550,146
3551,115
3552,112
3553,134
3554,151
3555,138
3556,140
3557,126
3558,148
3559,136
3560,127
3561,150
3562,74
3563,113
3564,118
3565,128
3566,145
3567,138
3568,129
3569,149
3570,119
3571,124
3572,121
3573,133
3574,96
3575,119
3576,106
3577,97
3578,162
3579,110
3580,142
3581,109
3582,111
3583,97
3584,126
3585,148
3586,121
3587,101
3588,146
3589,126
3590,101
3591,140
3592,111
3593,141
3594,147
3595,113
3596,131
3597,134
3598,111
3599,116
3600,114
3601,123
3602,162
3603,102
3604,114
3605,161
3606,117
3607,104
3608,139
3609,155
3610,117
3611,95
3612,88
3613,94
3614,141
3615,133
3616,125
3617,109
3618,138
3619,109
3620,119
3621,131
3622,128
3623,133
3624,135
3625,96
3626,105
3627,102
3628,128
3629,134
3630,118
3631,121
3632,121
3633,129
3634,142
3635,133
3636,99
3637,138
3638,144
3639,84
3640,99
3641,139
3642,132
3643,112
3644,131
3645,113
3646,124
3647,127
3648,104
3649,109
3650,143
3651,130
3652,106
3653,126
3654,118
3655,114
3656,110
3657,145
3658,128
3659,107
3660,129
3661,132
3662,131
3663,130
3664,135
3665,117
3666,131
3667,132
3668,84
3669,143
3670,141
3671,126
3672,118
3673,128
3674,125
3675,128
3676,122
3677,122
3678,113
3679,127
3680,144
3681,100
3682,108
3683,130
3684,111
3685,105
3686,120
3687,108
3688,128
3689,122
3690,123
3691,104
3692,118
3693,100
3694,118
3695,134
3696,102
3697,119
3698,117
3699,128
3700,118
3701,135
3702,160
3703,118
3704,153
3705,116
3706,134
3707,137
3708,141
3709,149
3710,178
3711,91
3712,139
3713,113
3714,139
3715,152
3716,109
3717,103
3718,96
3719,123
3720,135
3721,93
3722,122
3723,112
3724,85
3725,114
3726,142
3727,116
3728,140
3729,112
3730,117
3731,98
3732,117
3733,156
3734,152
3735,127
3736,118
3737,113
3738,138
3739,136
3740,85
3741,129
3742,113
3743,137
3744,119
3745,152
3746,123
3747,106
3748,111
3749,98
3750,129
3751,112
3752,168
3753,112
3754,115
3755,85
3756,169
3757,131
3758,160
3759,113
3760,110
3761,118
3762,123
3763,146
3764,119
3765,105
3766,119
3767,117
3768,117
3769,136
3770,126
3771,119
3772,115
3773,106
3774,119
3775,89
3776,107
3777,164
3778,124
3779,112
3780,124
3781,132
3782,114
3783,123
3784,138
3785,136
3786,120
3787,174
3788,103
3789,113
3790,99
3791,87
3792,149
3793,153
3794,112
3795,141
3796,136
3797,134
3798,107
3799,118
3800,170
3801,107
3802,137
3803,125
3804,131
3805,163
3806,126
3807,141
3808,131
3809,130
3810,125
3811,126
3812,124
3813,110
3814,105
3815,110
3816,110
3817,115
3818,142
3819,113
3820,134
3821,101
3822,100
3823,91
3824,117
3825,162
3826,110
3827,109
3828,115
3829,128
3830,139
3831,124
3832,126
3833,130
3834,145
3835,133
3836,108
3837,132
3838,122
3839,131
3840,138
3841,110
3842,108
3843,112
3844,119
3845,165
3846,131
3847,148
3848,159
3849,142
3850,116
3851,119
3852,188
3853,134
3854,150
3855,129
3856,137
3857,103
3858,94
3859,128
3860,106
3861,106
3862,106
3863,102
3864,118
3865,107
3866,116
3867,114
3868,129
3869,120
3870,124
3871,116
3872,83
3873,92
3874,115
3875,130
3876,106
3877,146
3878,132
3879,98
3880,108
3881,139
3882,110
3883,140
3884,154
3885,104
3886,123
3887,127
3888,120
3889,137
3890,125
3891,115
3892,102
3893,129
3894,122
3895,125
3896,125
3897,107
3898,150
3899,110
3900,112
3901,112
3902,116
3903,107
3904,117
3905,94
3906,133
3907,119
3908,95
3909,110
3910,140
3911,109
3912,135
3913,112
3914,125
3915,92
3916,127
3917,133
3918,170
3919,118
3920,155
3921,117
3922,115
3923,149
3924,130
3925,125
3926,161
3927,132
3928,129
3929,114
3930,108
3931,104
3932,136
3933,112
3934,112
3935,114
3936,104
3937,110
3938,117
3939,107
3940,158
3941,137
3942,110
3943,133
3944,93
3945,125
3946,147
3947,100
3948,111
3949,112
3950,164
3951,111
3952,137
3953,131
3954,101
3955,132
3956,123
3957,140
3958,119
3959,114
3960,144
3961,116
3962,168
3963,142
3964,95
3965,101
3966,114
3967,116
3968,104
3969,1336
3970,110
3971,134
3972,186
3973,141
3974,140
3975,113
3976,127
3977,112
3978,113
3979,119
3980,142
3981,97
3982,119
3983,97
3984,102
3985,146
3986,133
3987,148
3988,119
3989,152
3990,166
3991,105
3992,126
3993,154
3994,112
3995,107
3996,132
3997,108
3998,131
3999,115
4000,105
4001,102
4002,133
4003,181
4004,122
4005,114
4006,130
4007,143
4008,149
4009,149
4010,110
4011,101
4012,128
4013,127
4014,131
4015,95
4016,130
4017,98
4018,139
4019,121
4020,97
4021,113
4022,107
4023,145
4024,126
4025,117
4026,125
4027,138
4028,135
4029,106
4030,142
4031,105
4032,97
4033,107
4034,94
4035,123
4036,125
4037,126
4038,127
4039,133
4040,116
4041,129
4042,126
4043,147
4044,128
4045,97
4046,144
4047,115
4048,138
4049,114
4050,124
4051,128
4052,122
4053,110
4054,116
4055,128
4056,114
4057,96
4058,125
4059,114
4060,143
4061,109
4062,134
4063,98
4064,133
4065,117
4066,111
4067,183
4068,119
4069,143
4070,146
4071,130
4072,135
4073,111
4074,125
4075,131
4076,139
4077,116
4078,152
4079,127
4080,154
4081,124
4082,112
4083,111
4084,127
4085,130
4086,102
4087,86
4088,108
4089,132
4090,122
4091,111
4092,129
4093,134
4094,112
4095,122
