0,343
1,285
2,300
3,314
4,279
5,301
6,286
7,312
8,315
9,330
10,305
11,321
12,310
13,301
14,306
15,354
16,304
17,325
18,290
19,320
20,319
21,298
22,335
23,323
24,306
25,328
26,324
27,324
28,279
29,326
30,293
31,316
32,305
33,297
34,312
35,300
36,292
37,313
38,293
39,327
40,317
41,340
42,309
43,301
44,292
45,294
46,294
47,334
48,281
49,304
50,328
51,293
52,320
53,327
54,291
55,306
56,314
57,317
58,315
59,320
60,323
61,304
62,323
63,306
64,338
65,317
66,339
67,303
68,340
69,315
70,318
71,308
72,304
73,304
74,290
75,317
76,324
77,319
78,348
79,310
80,326
81,329
82,295
83,287
84,316
85,290
86,295
87,307
88,305
89,307
90,321
91,279
92,315
93,313
94,282
95,309
96,343
97,346
98,340
99,313
100,309
101,298
102,321
103,295
104,328
105,321
106,296
107,335
108,329
109,278
110,346
111,337
112,295
113,333
114,327
115,303
116,324
117,297
118,278
119,317
120,298
121,320
122,305
123,342
124,295
125,283
126,307
127,291
128,285
129,319
130,303
131,293
132,335
133,330
134,294
135,300
136,287
137,295
138,313
139,300
140,281
141,337
142,278
143,270
144,311
145,304
146,304
147,281
148,293
149,309
150,302
151,339
152,352
153,308
154,334
155,295
156,335
157,299
158,265
159,295
160,293
161,325
162,315
163,303
164,258
165,318
166,293
167,340
168,285
169,334
170,307
171,340
172,297
173,308
174,319
175,285
176,298
177,326
178,287
179,287
180,303
181,325
182,307
183,322
184,315
185,301
186,311
187,322
188,308
189,307
190,332
191,339
192,284
193,322
194,322
195,306
196,288
197,297
198,335
199,321
200,321
201,335
202,272
203,329
204,296
205,332
206,311
207,297
208,293
209,309
210,297
211,306
212,301
213,306
214,311
215,307
216,281
217,309
218,292
219,316
220,321
221,323
222,309
223,322
224,303
225,288
226,335
227,329
228,321
229,323
230,287
231,279
232,306
233,337
234,306
235,286
236,309
237,328
238,288
239,290
240,317
241,311
242,327
243,312
244,282
245,303
246,289
247,315
248,295
249,316
250,325
251,299
252,307
253,308
254,318
255,313
256,327
257,328
258,286
259,297
260,339
261,323
262,305
263,325
264,320
265,324
266,301
267,337
268,300
269,315
270,337
271,299
272,301
273,326
274,345
275,298
276,320
277,329
278,292
279,319
280,290
281,298
282,321
283,330
284,295
285,295
286,289
287,291
288,326
289,311
290,360
291,316
292,326
293,338
294,299
295,320
296,316
297,319
298,294
299,297
300,284
301,290
302,335
303,275
304,308
305,298
306,295
307,312
308,327
309,296
310,326
311,297
312,297
313,303
314,324
315,305
316,349
317,305
318,295
319,290
320,317
321,351
322,288
323,309
324,319
325,281
326,316
327,293
328,315
329,310
330,291
331,347
332,293
333,334
334,296
335,284
336,311
337,298
338,307
339,337
340,311
341,307
342,287
343,289
344,304
345,305
346,291
347,342
348,325
349,295
350,286
351,299
352,314
353,310
354,327
355,303
356,332
357,320
358,292
359,300
360,304
361,302
362,307
363,316
364,301
365,296
366,280
367,321
368,311
369,303
370,300
371,333
372,333
373,321
374,303
375,303
376,310
377,318
378,307
379,317
380,289
381,284
382,309
383,293
384,318
385,296
386,260
387,315
388,298
389,305
390,296
391,308
392,303
393,301
394,303
395,335
396,298
397,313
398,335
399,289
400,301
401,325
402,306
403,289
404,272
405,320
406,299
407,275
408,281
409,320
410,307
411,286
412,291
413,316
414,337
415,328
416,333
417,289
418,307
419,336
420,322
421,303
422,300
423,319
424,311
425,328
426,307
427,299
428,295
429,337
430,344
431,311
432,300
433,284
434,300
435,299
436,294
437,306
438,336
439,289
440,282
441,313
442,270
443,294
444,315
445,309
446,317
447,319
448,308
449,308
450,314
451,286
452,285
453,332
454,300
455,313
456,316
457,295
458,317
459,306
460,327
461,310
462,279
463,291
464,292
465,360
466,314
467,304
468,285
469,289
470,318
471,289
472,293
473,306
474,290
475,301
476,339
477,290
478,299
479,293
480,314
481,278
482,329
483,304
484,316
485,295
486,277
487,323
488,307
489,286
490,317
491,298
492,321
493,309
494,327
495,335
496,304
497,332
498,311
499,276
500,324
501,294
502,327
503,289
504,322
505,326
506,278
507,299
508,336
509,316
510,322
511,282
512,314
513,322
514,346
515,292
516,322
517,304
518,330
519,305
520,312
521,299
522,285
523,320
524,324
525,314
526,316
527,329
528,370
529,336
530,316
531,303
532,292
533,326
534,281
535,295
536,309
537,313
538,291
539,339
540,288
541,304
542,308
543,317
544,292
545,294
546,271
547,310
548,298
549,327
550,300
551,312
552,299
553,274
554,296
555,317
556,287
557,308
558,304
559,290
560,320
561,340
562,299
563,315
564,290
565,300
566,291
567,339
568,328
569,316
570,307
571,328
572,310
573,301
574,318
575,315
576,305
577,295
578,298
579,272
580,310
581,308
582,313
583,331
584,292
585,339
586,296
587,289
588,309
589,309
590,304
591,319
592,304
593,326
594,273
595,269
596,296
597,302
598,334
599,304
600,318
601,299
602,333
603,307
604,287
605,297
606,293
607,296
608,294
609,314
610,298
611,349
612,307
613,337
614,276
615,259
616,307
617,295
618,275
619,338
620,341
621,291
622,304
623,308
624,313
625,293
626,339
627,292
628,302
629,307
630,288
631,305
632,307
633,290
634,305
635,319
636,332
637,290
638,316
639,290
640,317
641,284
642,293
643,288
644,298
645,284
646,294
647,317
648,310
649,293
650,315
651,288
652,318
653,309
654,321
655,289
656,320
657,338
658,316
659,304
660,305
661,289
662,295
663,302
664,326
665,324
666,295
667,290
668,320
669,325
670,327
671,320
672,280
673,329
674,289
675,305
676,288
677,288
678,283
679,292
680,317
681,290
682,288
683,309
684,302
685,291
686,297
687,310
688,329
689,325
690,293
691,310
692,301
693,321
694,283
695,329
696,311
697,318
698,279
699,269
700,291
701,322
702,336
703,328
704,347
705,295
706,364
707,313
708,298
709,297
710,304
711,316
712,302
713,321
714,305
715,288
716,299
717,316
718,285
719,315
720,302
721,339
722,300
723,328
724,313
725,323
726,329
727,337
728,292
729,310
730,305
731,291
732,281
733,311
734,327
735,312
736,332
737,271
738,300
739,300
740,322
741,314
742,310
743,315
744,321
745,283
746,283
747,290
748,311
749,312
750,312
751,273
752,306
753,314
754,328
755,288
756,298
757,290
758,299
759,312
760,309
761,299
762,323
763,336
764,304
765,333
766,277
767,325
768,278
769,324
770,311
771,294
772,284
773,321
774,299
775,312
776,311
777,302
778,278
779,305
780,321
781,309
782,304
783,289
784,338
785,282
786,320
787,287
788,311
789,307
790,272
791,299
792,297
793,306
794,316
795,295
796,330
797,325
798,295
799,326
800,247
801,288
802,291
803,305
804,293
805,319
806,275
807,306
808,322
809,314
810,317
811,287
812,298
813,301
814,290
815,299
816,301
817,300
818,293
819,296
820,282
821,285
822,312
823,315
824,315
825,271
826,311
827,281
828,321
829,293
830,299
831,322
832,310
833,308
834,301
835,323
836,326
837,320
838,305
839,313
840,302
841,270
842,317
843,300
844,319
845,317
846,332
847,318
848,323
849,305
850,291
851,324
852,292
853,290
854,332
855,312
856,320
857,312
858,313
859,315
860,312
861,313
862,279
863,312
864,330
865,336
866,319
867,327
868,294
869,306
870,311
871,338
872,330
873,299
874,313
875,302
876,324
877,284
878,280
879,319
880,299
881,317
882,289
883,290
884,300
885,287
886,322
887,280
888,313
889,336
890,303
891,294
892,321
893,309
894,324
895,327
896,330
897,343
898,309
899,324
900,297
901,325
902,280
903,286
904,306
905,282
906,303
907,313
908,295
909,299
910,317
911,311
912,330
913,300
914,309
915,334
916,341
917,315
918,299
919,295
920,291
921,345
922,306
923,308
924,334
925,281
926,317
927,289
928,282
929,306
930,301
931,322
932,308
933,308
934,294
935,349
936,300
937,317
938,338
939,310
940,348
941,326
942,291
943,333
944,308
945,304
946,293
947,301
948,303
949,273
950,321
951,295
952,296
953,320
954,301
955,319
956,308
957,306
958,336
959,292
960,310
961,333
962,296
963,319
964,316
965,306
966,296
967,298
968,316
969,298
970,300
971,322
972,291
973,317
974,283
975,320
976,352
977,288
978,303
979,329
980,317
981,301
982,320
983,320
984,298
985,291
986,298
987,302
988,313
989,321
990,319
991,299
992,315
993,304
994,314
995,326
996,320
997,291
998,322
999,332
1000,290
1001,306
1002,305
1003,346
1004,330
1005,315
1006,307
1007,311
1008,287
1009,273
1010,305
1011,310
1012,318
1013,304
1014,306
1015,337
1016,331
1017,275
1018,313
1019,286
1020,310
1021,313
1022,303
1023,354
1024,284
1025,293
1026,335
1027,301
1028,285
1029,324
1030,290
1031,298
1032,337
1033,315
1034,314
1035,275
1036,283
1037,356
1038,320
1039,295
1040,309
1041,277
1042,298
1043,301
1044,299
1045,334
1046,301
1047,288
1048,309
1049,311
1050,307
1051,294
1052,327
1053,326
1054,309
1055,318
1056,292
1057,306
1058,313
1059,298
1060,310
1061,324
1062,297
1063,322
1064,318
1065,302
1066,293
1067,306
1068,308
1069,307
1070,304
1071,300
1072,316
1073,320
1074,318
1075,289
1076,314
1077,301
1078,319
1079,333
1080,270
1081,295
1082,310
1083,312
1084,318
1085,328
1086,307
1087,294
1088,340
1089,315
1090,316
1091,300
1092,313
1093,291
1094,317
1095,295
1096,321
1097,295
1098,278
1099,314
1100,316
1101,310
1102,308
1103,297
1104,334
1105,299
1106,305
1107,306
1108,315
1109,327
1110,299
1111,335
1112,297
1113,320
1114,293
1115,356
1116,292
1117,294
1118,320
1119,312
1120,307
1121,297
1122,313
1123,300
1124,330
1125,315
1126,296
1127,313
1128,303
1129,330
1130,301
1131,269
1132,304
1133,304
1134,334
1135,334
1136,316
1137,297
1138,280
1139,338
1140,345
1141,282
1142,291
1143,312
1144,302
1145,302
1146,308
1147,335
1148,292
1149,346
1150,316
1151,297
1152,327
1153,283
1154,302
1155,297
1156,301
1157,320
1158,305
1159,289
1160,299
1161,289
1162,282
1163,330
1164,323
1165,291
1166,297
1167,299
1168,291
1169,307
1170,330
1171,311
1172,299
1173,299
1174,297
1175,329
1176,304
1177,308
1178,307
1179,291
1180,327
1181,302
1182,304
1183,294
1184,301
1185,331
1186,319
1187,287
1188,325
1189,321
1190,297
1191,325
1192,302
1193,290
1194,297
1195,295
1196,274
1197,330
1198,348
1199,315
1200,308
1201,310
1202,303
1203,304
1204,283
1205,303
1206,306
1207,321
1208,326
1209,321
1210,316
1211,294
1212,294
1213,296
1214,319
1215,305
1216,307
1217,323
1218,289
1219,312
1220,338
1221,285
1222,308
1223,273
1224,317
1225,319
1226,297
1227,344
1228,298
1229,311
1230,333
1231,304
1232,288
1233,305
1234,330
1235,328
1236,297
1237,302
1238,321
1239,319
1240,340
1241,308
1242,319
1243,313
1244,319
1245,310
1246,318
1247,333
1248,317
1249,316
1250,319
1251,318
1252,300
1253,338
1254,314
1255,291
1256,309
1257,310
1258,300
1259,298
1260,327
1261,305
1262,294
1263,309
1264,309
1265,282
1266,304
1267,270
1268,315
1269,323
1270,325
1271,318
1272,309
1273,309
1274,348
1275,320
1276,325
1277,329
1278,308
1279,279
1280,293
1281,329
1282,321
1283,287
1284,274
1285,318
1286,326
1287,288
1288,328
1289,309
1290,308
1291,320
1292,299
1293,315
1294,326
1295,314
1296,306
1297,289
1298,322
1299,286
1300,301
1301,319
1302,328
1303,325
1304,316
1305,288
1306,304
1307,271
1308,330
1309,286
1310,317
1311,308
1312,299
1313,303
1314,307
1315,324
1316,332
1317,313
1318,318
1319,330
1320,309
1321,322
1322,298
1323,340
1324,320
1325,307
1326,300
1327,291
1328,345
1329,323
1330,278
1331,350
1332,283
1333,268
1334,309
1335,335
1336,315
1337,299
1338,313
1339,297
1340,292
1341,325
1342,331
1343,314
1344,333
1345,257
1346,314
1347,307
1348,305
1349,296
1350,333
1351,302
1352,293
1353,283
1354,281
1355,306
1356,323
1357,308
1358,303
1359,316
1360,329
1361,323
1362,315
1363,287
1364,319
1365,296
1366,292
1367,278
1368,292
1369,307
1370,292
1371,290
1372,331
1373,297
1374,302
1375,300
1376,309
1377,299
1378,323
1379,313
1380,295
1381,286
1382,315
1383,303
1384,292
1385,300
1386,314
1387,308
1388,362
1389,327
1390,316
1391,297
1392,298
1393,306
1394,310
1395,327
1396,310
1397,325
1398,303
1399,320
1400,284
1401,302
1402,330
1403,281
1404,315
1405,299
1406,299
1407,280
1408,322
1409,291
1410,332
1411,309
1412,319
1413,318
1414,292
1415,302
1416,294
1417,301
1418,313
1419,311
1420,294
1421,295
1422,307
1423,319
1424,322
1425,333
1426,296
1427,302
1428,319
1429,297
1430,327
1431,319
1432,310
1433,252
1434,312
1435,298
1436,319
1437,301
1438,280
1439,318
1440,316
1441,314
1442,311
1443,313
1444,309
1445,293
1446,300
1447,318
1448,330
1449,329
1450,337
1451,328
1452,299
1453,320
1454,280
1455,301
1456,316
1457,313
1458,283
1459,314
1460,293
1461,302
1462,275
1463,280
1464,272
1465,306
1466,316
1467,296
1468,323
1469,293
1470,325
1471,283
1472,323
1473,266
1474,310
1475,318
1476,297
1477,316
1478,306
1479,341
1480,301
1481,322
1482,325
1483,301
1484,303
1485,301
1486,329
1487,291
1488,321
1489,352
1490,319
1491,287
1492,329
1493,301
1494,290
1495,275
1496,338
1497,288
1498,317
1499,295
1500,278
1501,281
1502,296
1503,333
1504,301
1505,303
1506,282
1507,316
1508,295
1509,290
1510,307
1511,339
1512,284
1513,297
1514,345
1515,296
1516,280
1517,271
1518,277
1519,266
1520,329
1521,292
1522,309
1523,320
1524,311
1525,314
1526,314
1527,307
1528,289
1529,320
1530,340
1531,326
1532,302
1533,314
1534,299
1535,262
1536,303
1537,350
1538,314
1539,318
1540,305
1541,292
1542,318
1543,298
1544,284
1545,297
1546,304
1547,334
1548,289
1549,323
1550,314
1551,343
1552,302
1553,308
1554,293
1555,315
1556,332
1557,304
1558,317
1559,320
1560,309
1561,300
1562,329
1563,305
1564,299
1565,325
1566,323
1567,317
1568,306
1569,344
1570,303
1571,298
1572,302
1573,304
1574,290
1575,302
1576,311
1577,281
1578,313
1579,292
1580,341
1581,292
1582,314
1583,308
1584,318
1585,305
1586,286
1587,306
1588,327
1589,300
1590,312
1591,289
1592,314
1593,292
1594,322
1595,332
1596,332
1597,317
1598,303
1599,311
1600,313
1601,325
1602,314
1603,304
1604,317
1605,315
1606,319
1607,303
1608,332
1609,296
1610,294
1611,301
1612,309
1613,327
1614,309
1615,292
1616,283
1617,319
1618,326
1619,305
1620,310
1621,336
1622,307
1623,305
1624,326
1625,325
1626,298
1627,287
1628,325
1629,288
1630,298
1631,328
1632,310
1633,279
1634,294
1635,311
1636,310
1637,262
1638,319
1639,332
1640,309
1641,301
1642,302
1643,302
1644,335
1645,288
1646,324
1647,309
1648,308
1649,307
1650,331
1651,347
1652,324
1653,314
1654,324
1655,317
1656,305
1657,323
1658,290
1659,319
1660,307
1661,294
1662,315
1663,296
1664,321
1665,292
1666,312
1667,302
1668,341
1669,301
1670,334
1671,295
1672,313
1673,279
1674,300
1675,312
1676,304
1677,354
1678,303
1679,316
1680,295
1681,312
1682,291
1683,333
1684,317
1685,319
1686,304
1687,289
1688,283
1689,304
1690,292
1691,287
1692,327
1693,310
1694,283
1695,289
1696,319
1697,307
1698,302
1699,297
1700,294
1701,286
1702,311
1703,302
1704,333
1705,305
1706,291
1707,325
1708,299
1709,312
1710,297
1711,325
1712,277
1713,308
1714,292
1715,315
1716,327
1717,337
1718,306
1719,315
1720,312
1721,304
1722,309
1723,287
1724,285
1725,295
1726,323
1727,319
1728,309
1729,299
1730,319
1731,310
1732,304
1733,329
1734,275
1735,323
1736,341
1737,322
1738,330
1739,298
1740,307
1741,315
1742,315
1743,336
1744,287
1745,302
1746,330
1747,309
1748,301
1749,287
1750,311
1751,293
1752,320
1753,332
1754,334
1755,318
1756,284
1757,297
1758,312
1759,296
1760,313
1761,341
1762,318
1763,294
1764,324
1765,327
1766,326
1767,310
1768,297
1769,270
1770,319
1771,309
1772,280
1773,312
1774,312
1775,329
1776,327
1777,319
1778,295
1779,305
1780,320
1781,297
1782,291
1783,294
1784,295
1785,305
1786,288
1787,326
1788,294
1789,324
1790,316
1791,300
1792,314
1793,310
1794,317
1795,293
1796,337
1797,314
1798,323
1799,293
1800,285
1801,306
1802,286
1803,307
1804,346
1805,303
1806,307
1807,304
1808,353
1809,306
1810,317
1811,299
1812,273
1813,285
1814,332
1815,310
1816,315
1817,309
1818,337
1819,293
1820,285
1821,324
1822,308
1823,317
1824,291
1825,307
1826,309
1827,312
1828,299
1829,282
1830,314
1831,273
1832,313
1833,308
1834,302
1835,323
1836,289
1837,327
1838,297
1839,271
1840,311
1841,315
1842,345
1843,290
1844,292
1845,337
1846,315
1847,304
1848,327
1849,322
1850,312
1851,356
1852,288
1853,311
1854,287
1855,318
1856,301
1857,310
1858,320
1859,285
1860,300
1861,291
1862,328
1863,280
1864,319
1865,304
1866,326
1867,293
1868,296
1869,279
1870,304
1871,301
1872,292
1873,284
1874,296
1875,303
1876,330
1877,318
1878,325
1879,309
1880,285
1881,301
1882,301
1883,323
1884,310
1885,315
1886,318
1887,281
1888,291
1889,318
1890,311
1891,317
1892,327
1893,316
1894,302
1895,299
1896,303
1897,290
1898,297
1899,312
1900,318
1901,303
1902,282
1903,272
1904,319
1905,299
1906,337
1907,332
1908,312
1909,321
1910,293
1911,296
1912,313
1913,299
1914,318
1915,329
1916,310
1917,305
1918,277
1919,323
1920,287
1921,326
1922,309
1923,319
1924,330
1925,345
1926,304
1927,315
1928,313
1929,314
1930,295
1931,318
1932,308
1933,331
1934,294
1935,334
1936,322
1937,319
1938,291
1939,285
1940,285
1941,321
1942,307
1943,289
1944,296
1945,335
1946,273
1947,280
1948,324
1949,274
1950,314
1951,293
1952,308
1953,319
1954,330
1955,311
1956,321
1957,320
1958,310
1959,286
1960,296
1961,338
1962,306
1963,313
1964,304
1965,313
1966,320
1967,333
1968,293
1969,283
1970,302
1971,304
1972,278
1973,297
1974,328
1975,309
1976,305
1977,333
1978,333
1979,313
1980,298
1981,293
1982,297
1983,296
1984,282
1985,323
1986,301
1987,325
1988,317
1989,342
1990,323
1991,319
1992,299
1993,322
1994,275
1995,312
1996,274
1997,308
1998,312
1999,313
2000,286
2001,292
2002,311
2003,344
2004,309
2005,286
2006,315
2007,307
2008,329
2009,316
2010,295
2011,306
2012,311
2013,320
2014,326
2015,298
2016,357
2017,306
2018,314
2019,347
2020,309
2021,284
2022,290
2023,308
2024,305
2025,313
2026,330
2027,314
2028,309
2029,352
2030,323
2031,315
2032,319
2033,288
2034,298
2035,324
2036,325
2037,296
2038,313
2039,306
2040,306
2041,281
2042,293
2043,306
2044,315
2045,306
2046,299
2047,308
2048,324
2049,324
2050,308
2051,290
2052,252
2053,297
2054,302
2055,300
2056,305
2057,288
2058,299
2059,296
2060,307
2061,305
2062,330
2063,321
2064,278
2065,297
2066,333
2067,336
2068,283
2069,304
2070,295
2071,260
2072,312
2073,309
2074,293
2075,317
2076,356
2077,322
2078,297
2079,305
2080,299
2081,296
2082,291
2083,293
2084,301
2085,296
2086,293
2087,278
2088,333
2089,339
2090,320
2091,316
2092,308
2093,303
2094,316
2095,335
2096,289
2097,297
2098,292
2099,359
2100,282
2101,292
2102,266
2103,337
2104,326
2105,290
2106,322
2107,293
2108,316
2109,338
2110,306
2111,306
2112,312
2113,317
2114,293
2115,305
2116,306
2117,338
2118,343
2119,327
2120,311
2121,335
2122,305
2123,287
2124,283
2125,302
2126,307
2127,295
2128,311
2129,284
2130,296
2131,308
2132,283
2133,281
2134,326
2135,289
2136,319
2137,322
2138,329
2139,287
2140,273
2141,292
2142,295
2143,315
2144,324
2145,342
2146,298
2147,315
2148,360
2149,317
2150,299
2151,293
2152,319
2153,291
2154,304
2155,303
2156,298
2157,290
2158,279
2159,297
2160,323
2161,296
2162,284
2163,287
2164,300
2165,312
2166,322
2167,299
2168,303
2169,288
2170,325
2171,313
2172,334
2173,325
2174,300
2175,299
2176,306
2177,361
2178,320
2179,307
2180,309
2181,312
2182,308
2183,309
2184,327
2185,279
2186,323
2187,275
2188,330
2189,304
2190,340
2191,303
2192,322
2193,300
2194,312
2195,336
2196,311
2197,325
2198,312
2199,285
2200,317
2201,313
2202,288
2203,295
2204,306
2205,339
2206,285
2207,328
2208,313
2209,291
2210,314
2211,298
2212,316
2213,284
2214,330
2215,321
2216,280
2217,337
2218,305
2219,316
2220,293
2221,278
2222,318
2223,288
2224,331
2225,304
2226,303
2227,336
2228,340
2229,321
2230,320
2231,286
2232,295
2233,313
2234,320
2235,273
2236,254
2237,314
2238,317
2239,284
2240,303
2241,299
2242,298
2243,315
2244,327
2245,316
2246,316
2247,307
2248,295
2249,317
2250,273
2251,292
2252,342
2253,304
2254,291
2255,312
2256,289
2257,277
2258,303
2259,321
2260,302
2261,306
2262,330
2263,337
2264,291
2265,290
2266,315
2267,306
2268,286
2269,301
2270,302
2271,288
2272,316
2273,286
2274,340
2275,296
2276,327
2277,308
2278,337
2279,314
2280,340
2281,288
2282,286
2283,330
2284,316
2285,312
2286,297
2287,321
2288,326
2289,293
2290,280
2291,286
2292,308
2293,320
2294,301
2295,307
2296,295
2297,328
2298,300
2299,298
2300,290
2301,310
2302,295
2303,312
2304,323
2305,298
2306,275
2307,325
2308,345
2309,291
2310,300
2311,302
2312,314
2313,289
2314,308
2315,309
2316,311
2317,301
2318,306
2319,322
2320,302
2321,277
2322,302
2323,288
2324,319
2325,309
2326,318
2327,306
2328,326
2329,312
2330,339
2331,308
2332,319
2333,280
2334,343
2335,330
2336,302
2337,313
2338,305
2339,287
2340,311
2341,309
2342,314
2343,300
2344,297
2345,300
2346,329
2347,321
2348,333
2349,298
2350,289
2351,321
2352,291
2353,314
2354,287
2355,290
2356,276
2357,285
2358,310
2359,286
2360,305
2361,291
2362,297
2363,296
2364,319
2365,313
2366,341
2367,292
2368,298
2369,322
2370,275
2371,316
2372,287
2373,294
2374,305
2375,306
2376,324
2377,283
2378,321
2379,319
2380,317
2381,265
2382,319
2383,291
2384,314
2385,289
2386,325
2387,290
2388,317
2389,315
2390,338
2391,304
2392,298
2393,319
2394,313
2395,316
2396,310
2397,307
2398,296
2399,302
2400,300
2401,331
2402,285
2403,293
2404,315
2405,277
2406,328
2407,282
2408,301
2409,313
2410,332
2411,329
2412,316
2413,263
2414,316
2415,315
2416,295
2417,300
2418,332
2419,315
2420,293
2421,312
2422,308
2423,327
2424,323
2425,304
2426,295
2427,294
2428,304
2429,306
2430,338
2431,293
2432,320
2433,305
2434,293
2435,292
2436,294
2437,300
2438,325
2439,305
2440,301
2441,310
2442,298
2443,341
2444,315
2445,301
2446,323
2447,303
2448,313
2449,291
2450,298
2451,320
2452,303
2453,311
2454,343
2455,319
2456,317
2457,330
2458,293
2459,321
2460,326
2461,340
2462,285
2463,336
2464,305
2465,311
2466,311
2467,309
2468,308
2469,325
2470,322
2471,265
2472,319
2473,299
2474,315
2475,314
2476,318
2477,282
2478,287
2479,303
2480,329
2481,299
2482,322
2483,301
2484,297
2485,313
2486,290
2487,304
2488,300
2489,282
2490,303
2491,326
2492,308
2493,309
2494,317
2495,294
2496,336
2497,308
2498,270
2499,322
2500,314
2501,289
2502,293
2503,318
2504,323
2505,295
2506,293
2507,302
2508,346
2509,315
2510,331
2511,308
2512,322
2513,256
2514,290
2515,270
2516,343
2517,309
2518,316
2519,342
2520,304
2521,291
2522,306
2523,275
2524,290
2525,309
2526,344
2527,308
2528,291
2529,317
2530,326
2531,324
2532,312
2533,300
2534,334
2535,301
2536,307
2537,313
2538,291
2539,318
2540,310
2541,295
2542,318
2543,323
2544,322
2545,281
2546,310
2547,275
2548,308
2549,298
2550,308
2551,280
2552,299
2553,282
2554,335
2555,316
2556,270
2557,346
2558,328
2559,301
2560,283
2561,289
2562,317
2563,321
2564,355
2565,295
2566,328
2567,329
2568,322
2569,286
2570,311
2571,329
2572,323
2573,312
2574,314
2575,302
2576,332
2577,292
2578,295
2579,290
2580,314
2581,296
2582,315
2583,299
2584,291
2585,333
2586,306
2587,322
2588,322
2589,318
2590,303
2591,320
2592,283
2593,300
2594,311
2595,305
2596,276
2597,282
2598,318
2599,304
2600,310
2601,321
2602,303
2603,331
2604,305
2605,316
2606,328
2607,316
2608,323
2609,321
2610,322
2611,317
2612,309
2613,319
2614,317
2615,301
2616,322
2617,319
2618,282
2619,318
2620,283
2621,342
2622,309
2623,291
2624,312
2625,290
2626,308
2627,342
2628,348
2629,302
2630,287
2631,309
2632,287
2633,330
2634,301
2635,340
2636,346
2637,296
2638,306
2639,287
2640,298
2641,306
2642,312
2643,307
2644,334
2645,288
2646,281
2647,339
2648,286
2649,307
2650,316
2651,312
2652,304
2653,342
2654,284
2655,283
2656,308
2657,329
2658,319
2659,314
2660,332
2661,274
2662,329
2663,336
2664,304
2665,312
2666,326
2667,317
2668,312
2669,315
2670,295
2671,316
2672,303
2673,304
2674,320
2675,300
2676,304
2677,280
2678,284
2679,341
2680,287
2681,314
2682,295
2683,281
2684,292
2685,287
2686,305
2687,260
2688,306
2689,320
2690,302
2691,307
2692,304
2693,289
2694,311
2695,304
2696,300
2697,324
2698,305
2699,322
2700,323
2701,274
2702,320
2703,284
2704,333
2705,301
2706,288
2707,280
2708,300
2709,349
2710,295
2711,331
2712,292
2713,302
2714,309
2715,320
2716,254
2717,352
2718,297
2719,302
2720,315
2721,300
2722,293
2723,312
2724,305
2725,328
2726,301
2727,313
2728,279
2729,319
2730,312
2731,318
2732,294
2733,313
2734,288
2735,307
2736,299
2737,331
2738,345
2739,323
2740,300
2741,304
2742,327
2743,332
2744,299
2745,311
2746,340
2747,304
2748,337
2749,322
2750,296
2751,311
2752,310
2753,316
2754,326
2755,319
2756,321
2757,315
2758,286
2759,296
2760,314
2761,301
2762,305
2763,348
2764,314
2765,285
2766,319
2767,325
2768,299
2769,283
2770,287
2771,308
2772,334
2773,291
2774,283
2775,341
2776,310
2777,266
2778,322
2779,299
2780,326
2781,318
2782,283
2783,298
2784,324
2785,275
2786,288
2787,348
2788,288
2789,304
2790,324
2791,315
2792,279
2793,265
2794,330
2795,285
2796,319
2797,326
2798,297
2799,305
2800,270
2801,361
2802,323
2803,272
2804,302
2805,311
2806,289
2807,307
2808,308
2809,269
2810,302
2811,325
2812,291
2813,319
2814,322
2815,302
2816,298
2817,306
2818,286
2819,323
2820,319
2821,309
2822,294
2823,289
2824,313
2825,309
2826,279
2827,309
2828,315
2829,296
2830,304
2831,306
2832,295
2833,318
2834,283
2835,325
2836,333
2837,291
2838,325
2839,337
2840,329
2841,322
2842,292
2843,293
2844,302
2845,304
2846,300
2847,298
2848,305
2849,313
2850,306
2851,341
2852,296
2853,340
2854,328
2855,306
2856,357
2857,328
2858,325
2859,293
2860,304
2861,318
2862,300
2863,274
2864,332
2865,307
2866,327
2867,298
2868,312
2869,313
2870,331
2871,303
2872,307
2873,315
2874,295
2875,301
2876,288
2877,319
2878,308
2879,317
2880,281
2881,277
2882,330
2883,290
2884,316
2885,304
2886,275
2887,307
2888,306
2889,322
2890,355
2891,319
2892,285
2893,275
2894,321
2895,309
2896,304
2897,330
2898,294
2899,295
2900,301
2901,327
2902,279
2903,292
2904,330
2905,289
2906,306
2907,287
2908,313
2909,306
2910,308
2911,294
2912,311
2913,309
2914,303
2915,320
2916,306
2917,291
2918,309
2919,301
2920,311
2921,312
2922,311
2923,322
2924,359
2925,317
2926,311
2927,293
2928,310
2929,332
2930,297
2931,295
2932,300
2933,311
2934,282
2935,326
2936,291
2937,320
2938,311
2939,323
2940,278
2941,314
2942,290
2943,311
2944,298
2945,322
2946,279
2947,305
2948,302
2949,350
2950,301
2951,291
2952,318
2953,295
2954,284
2955,301
2956,308
2957,316
2958,358
2959,293
2960,299
2961,309
2962,282
2963,318
2964,318
2965,312
2966,315
2967,299
2968,294
2969,265
2970,308
2971,280
2972,267
2973,326
2974,307
2975,304
2976,268
2977,288
2978,333
2979,318
2980,314
2981,275
2982,294
2983,294
2984,296
2985,350
2986,311
2987,293
2988,313
2989,277
2990,325
2991,309
2992,289
2993,322
2994,307
2995,318
2996,284
2997,300
2998,316
2999,321
3000,314
3001,291
3002,309
3003,311
3004,317
3005,327
3006,316
3007,292
3008,301
3009,271
3010,287
3011,286
3012,287
3013,322
3014,330
3015,305
3016,301
3017,303
3018,274
3019,285
3020,314
3021,319
3022,320
3023,282
3024,336
3025,307
3026,333
3027,305
3028,305
3029,307
3030,319
3031,294
3032,291
3033,315
3034,309
3035,309
3036,281
3037,286
3038,286
3039,301
3040,282
3041,298
3042,314
3043,311
3044,304
3045,326
3046,328
3047,307
3048,267
3049,340
3050,290
3051,319
3052,302
3053,303
3054,297
3055,306
3056,318
3057,297
3058,310
3059,266
3060,292
3061,313
3062,322
3063,301
3064,315
3065,275
3066,299
3067,296
3068,300
3069,309
3070,325
3071,271
3072,318
3073,301
3074,302
3075,341
3076,302
3077,302
3078,281
3079,332
3080,316
3081,340
3082,322
3083,327
3084,321
3085,283
3086,302
3087,296
3088,329
3089,325
3090,299
3091,291
3092,279
3093,334
3094,320
3095,310
3096,315
3097,300
3098,320
3099,294
3100,300
3101,333
3102,305
3103,324
3104,297
3105,271
3106,316
3107,314
3108,308
3109,306
3110,297
3111,314
3112,304
3113,244
3114,326
3115,337
3116,309
3117,328
3118,294
3119,270
3120,312
3121,307
3122,324
3123,296
3124,274
3125,318
3126,312
3127,307
3128,329
3129,298
3130,318
3131,309
3132,325
3133,304
3134,288
3135,311
3136,305
3137,261
3138,306
3139,286
3140,274
3141,333
3142,263
3143,311
3144,277
3145,307
3146,296
3147,333
3148,276
3149,305
3150,313
3151,320
3152,304
3153,280
3154,299
3155,326
3156,309
3157,291
3158,308
3159,318
3160,274
3161,348
3162,321
3163,309
3164,316
3165,301
3166,285
3167,324
3168,317
3169,304
3170,290
3171,299
3172,288
3173,313
3174,302
3175,307
3176,309
3177,311
3178,290
3179,326
3180,309
3181,325
3182,301
3183,290
3184,322
3185,294
3186,345
3187,289
3188,295
3189,287
3190,307
3191,300
3192,312
3193,297
3194,329
3195,330
3196,347
3197,326
3198,323
3199,325
3200,317
3201,290
3202,318
3203,296
3204,329
3205,310
3206,302
3207,346
3208,295
3209,349
3210,318
3211,289
3212,307
3213,295
3214,320
3215,293
3216,301
3217,260
3218,294
3219,280
3220,304
3221,290
3222,306
3223,308
3224,312
3225,298
3226,332
3227,314
3228,321
3229,318
3230,301
3231,303
3232,293
3233,311
3234,305
3235,299
3236,298
3237,323
3238,293
3239,326
3240,326
3241,326
3242,289
3243,286
3244,311
3245,292
3246,324
3247,327
3248,299
3249,325
3250,301
3251,322
3252,307
3253,349
3254,312
3255,303
3256,339
3257,318
3258,322
3259,310
3260,290
3261,306
3262,295
3263,302
3264,345
3265,302
3266,311
3267,311
3268,333
3269,309
3270,332
3271,303
3272,316
3273,309
3274,304
3275,312
3276,303
3277,321
3278,326
3279,291
3280,297
3281,276
3282,289
3283,313
3284,312
3285,304
3286,295
3287,330
3288,313
3289,288
3290,325
3291,314
3292,307
3293,292
3294,313
3295,294
3296,285
3297,296
3298,307
3299,286
3300,344
3301,314
3302,307
3303,330
3304,335
3305,323
3306,316
3307,309
3308,318
3309,328
3310,300
3311,279
3312,318
3313,272
3314,309
3315,267
3316,310
3317,287
3318,288
3319,295
3320,304
3321,306
3322,297
3323,309
3324,326
3325,296
3326,319
3327,289
3328,278
3329,270
3330,276
3331,322
3332,282
3333,295
3334,306
3335,324
3336,315
3337,338
3338,303
3339,317
3340,342
3341,323
3342,295
3343,284
3344,283
3345,334
3346,328
3347,292
3348,291
3349,314
3350,337
3351,308
3352,318
3353,308
3354,315
3355,290
3356,310
3357,335
3358,353
3359,327
3360,275
3361,312
3362,310
3363,292
3364,314
3365,306
3366,290
3367,291
3368,295
3369,323
3370,309
3371,336
3372,319
3373,300
3374,316
3375,336
3376,305
3377,313
3378,319
3379,294
3380,312
3381,315
3382,324
3383,325
3384,308
3385,316
3386,300
3387,305
3388,299
3389,303
3390,315
3391,312
3392,294
3393,311
3394,307
3395,292
3396,282
3397,293
3398,281
3399,313
3400,325
3401,295
3402,313
3403,330
3404,318
3405,301
3406,304
3407,252
3408,310
3409,314
3410,336
3411,319
3412,272
3413,296
3414,303
3415,340
3416,335
3417,335
3418,319
3419,314
3420,298
3421,332
3422,287
3423,331
3424,307
3425,297
3426,349
3427,307
3428,275
3429,314
3430,315
3431,256
3432,305
3433,329
3434,323
3435,295
3436,285
3437,316
3438,322
3439,303
3440,320
3441,318
3442,279
3443,282
3444,289
3445,346
3446,317
3447,318
3448,308
3449,317
3450,327
3451,305
3452,296
3453,296
3454,300
3455,277
3456,338
3457,309
3458,313
3459,354
3460,307
3461,276
3462,348
3463,300
3464,272
3465,304
3466,293
3467,321
3468,301
3469,342
3470,285
3471,306
3472,325
3473,311
3474,300
3475,320
3476,331
3477,282
3478,328
3479,298
3480,292
3481,348
3482,327
3483,307
3484,312
3485,286
3486,277
3487,322
3488,315
3489,281
3490,282
3491,319
3492,305
3493,278
3494,322
3495,322
3496,324
3497,310
3498,322
3499,305
3500,281
3501,263
3502,296
3503,279
3504,278
3505,313
3506,339
3507,317
3508,314
3509,311
3510,311
3511,301
3512,303
3513,352
3514,295
3515,280
3516,300
3517,310
3518,307
3519,316
3520,304
3521,320
3522,351
3523,320
3524,317
3525,307
3526,306
3527,284
3528,341
3529,314
3530,311
3531,303
3532,305
3533,328
3534,314
3535,323
3536,337
3537,308
3538,310
3539,312
3540,332
3541,297
3542,298
3543,316
3544,291
3545,310
3546,316
3547,306
3548,296
3549,285
3550,310
3551,282
3552,296
3553,316
3554,326
3555,300
3556,281
3557,355
3558,281
3559,293
3560,351
3561,340
3562,349
3563,305
3564,330
3565,340
3566,337
3567,306
3568,305
3569,320
3570,290
3571,340
3572,321
3573,300
3574,290
3575,301
3576,291
3577,299
3578,306
3579,303
3580,314
3581,275
3582,299
3583,300
3584,317
3585,308
3586,327
3587,322
3588,329
3589,279
3590,299
3591,303
3592,313
3593,286
3594,315
3595,326
3596,301
3597,333
3598,312
3599,288
3600,326
3601,292
3602,329
3603,314
3604,324
3605,276
3606,323
3607,304
3608,302
3609,298
3610,310
3611,303
3612,294
3613,313
3614,332
3615,289
3616,316
3617,294
3618,304
3619,331
3620,264
3621,298
3622,333
3623,290
3624,305
3625,287
3626,316
3627,306
3628,291
3629,314
3630,301
3631,315
3632,314
3633,306
3634,290
3635,287
3636,283
3637,309
3638,304
3639,322
3640,319
3641,307
3642,313
3643,304
3644,300
3645,262
3646,290
3647,296
3648,306
3649,312
3650,296
3651,300
3652,304
3653,292
3654,285
3655,316
3656,309
3657,300
3658,307
3659,308
3660,291
3661,336
3662,294
3663,371
3664,316
3665,317
3666,325
3667,300
3668,307
3669,262
3670,334
3671,318
3672,308
3673,305
3674,314
3675,280
3676,293
3677,290
3678,304
3679,282
3680,315
3681,330
3682,307
3683,283
3684,320
3685,302
3686,302
3687,306
3688,334
3689,313
3690,327
3691,304
3692,324
3693,284
3694,307
3695,303
3696,287
3697,286
3698,317
3699,337
3700,289
3701,295
3702,335
3703,345
3704,300
3705,304
3706,302
3707,308
3708,278
3709,340
3710,291
3711,309
3712,341
3713,339
3714,299
3715,313
3716,335
3717,286
3718,323
3719,301
3720,272
3721,297
3722,301
3723,304
3724,337
3725,280
3726,310
3727,307
3728,325
3729,322
3730,350
3731,298
3732,287
3733,356
3734,324
3735,297
3736,327
3737,342
3738,297
3739,306
3740,324
3741,292
3742,339
3743,348
3744,310
3745,295
3746,307
3747,327
3748,314
3749,274
3750,306
3751,311
3752,332
3753,304
3754,308
3755,337
3756,321
3757,336
3758,341
3759,310
3760,306
3761,309
3762,290
3763,322
3764,336
3765,338
3766,312
3767,296
3768,284
3769,340
3770,329
3771,297
3772,325
3773,299
3774,290
3775,309
3776,315
3777,317
3778,308
3779,321
3780,326
3781,279
3782,288
3783,327
3784,290
3785,263
3786,283
3787,298
3788,270
3789,321
3790,289
3791,306
3792,288
3793,320
3794,319
3795,290
3796,325
3797,306
3798,314
3799,309
3800,300
3801,304
3802,329
3803,307
3804,299
3805,318
3806,272
3807,298
3808,332
3809,330
3810,305
3811,334
3812,286
3813,289
3814,311
3815,312
3816,276
3817,319
3818,305
3819,291
3820,295
3821,333
3822,327
3823,348
3824,288
3825,319
3826,312
3827,287
3828,311
3829,302
3830,310
3831,294
3832,304
3833,299
3834,320
3835,329
3836,297
3837,331
3838,318
3839,320
3840,288
3841,297
3842,305
3843,299
3844,274
3845,325
3846,333
3847,313
3848,336
3849,299
3850,313
3851,275
3852,341
3853,302
3854,283
3855,298
3856,315
3857,335
3858,269
3859,304
3860,284
3861,298
3862,307
3863,300
3864,297
3865,283
3866,321
3867,321
3868,318
3869,351
3870,347
3871,318
3872,290
3873,312
3874,290
3875,304
3876,304
3877,300
3878,319
3879,293
3880,289
3881,292
3882,312
3883,338
3884,288
3885,300
3886,321
3887,311
3888,286
3889,337
3890,314
3891,309
3892,332
3893,268
3894,348
3895,315
3896,332
3897,322
3898,330
3899,289
3900,297
3901,308
3902,297
3903,305
3904,307
3905,332
3906,322
3907,344
3908,296
3909,314
3910,282
3911,313
3912,303
3913,301
3914,271
3915,302
3916,320
3917,288
3918,329
3919,318
3920,305
3921,285
3922,330
3923,329
3924,305
3925,264
3926,323
3927,302
3928,306
3929,341
3930,325
3931,311
3932,292
3933,333
3934,296
3935,314
3936,315
3937,304
3938,328
3939,300
3940,287
3941,270
3942,314
3943,311
3944,317
3945,312
3946,312
3947,299
3948,289
3949,307
3950,292
3951,315
3952,286
3953,279
3954,320
3955,296
3956,312
3957,290
3958,325
3959,313
3960,326
3961,338
3962,316
3963,306
3964,307
3965,325
3966,318
3967,315
3968,322
3969,317
3970,322
3971,296
3972,331
3973,312
3974,265
3975,302
3976,317
3977,321
3978,318
3979,292
3980,324
3981,330
3982,328
3983,300
3984,290
3985,321
3986,324
3987,290
3988,297
3989,305
3990,312
3991,300
3992,313
3993,301
3994,275
3995,305
3996,307
3997,314
3998,292
3999,338
4000,328
4001,333
4002,299
4003,327
4004,309
4005,329
4006,307
4007,304
4008,289
4009,275
4010,281
4011,325
4012,313
4013,323
4014,302
4015,307
4016,284
4017,306
4018,276
4019,296
4020,287
4021,341
4022,293
4023,284
4024,305
4025,287
4026,304
4027,294
4028,325
4029,315
4030,312
4031,296
4032,318
4033,281
4034,301
4035,307
4036,302
4037,328
4038,297
4039,277
4040,293
4041,301
4042,270
4043,319
4044,305
4045,295
4046,278
4047,316
4048,322
4049,305
4050,302
4051,332
4052,309
4053,277
4054,311
4055,300
4056,297
4057,305
4058,290
4059,314
4060,293
4061,304
4062,316
4063,303
4064,307
4065,312
4066,336
4067,291
4068,305
4069,309
4070,341
4071,298
4072,298
4073,334
4074,336
4075,292
4076,309
4077,313
4078,327
4079,332
4080,330
4081,314
4082,336
4083,284
4084,301
4085,304
4086,316
4087,271
4088,326
4089,331
4090,272
4091,322
4092,309
4093,317
4094,287
4095,299
