0,16241
1,14577
2,15124
3,13897
4,14301
5,13799
6,15151
7,13011
8,14097
9,16678
10,14672
11,15410
12,14466
13,14709
14,15032
15,16173
16,14433
17,14686
18,14490
19,13735
20,14819
21,14294
22,14976
23,15505
24,14523
25,15995
26,14720
27,15840
28,14772
29,14618
30,14918
31,15747
32,16164
33,14344
34,14416
35,14568
36,16087
37,14462
38,15329
39,15478
40,14664
41,14906
42,15956
43,14490
44,14072
45,13953
46,15023
47,16258
48,14399
49,14106
50,15030
51,15529
52,13782
53,15344
54,12609
55,13624
56,13872
57,15264
58,13910
59,14597
60,14214
61,13775
62,14751
63,14960
64,14971
65,16440
66,14495
67,15240
68,14292
69,14598
70,15193
71,15312
72,15081
73,14535
74,14499
75,14483
76,15517
77,14223
78,14942
79,14888
80,14943
81,14450
82,14220
83,14382
84,15031
85,14101
86,14195
87,14834
88,14435
89,15399
90,13916
91,14423
92,13925
93,15894
94,13826
95,15978
96,15757
97,15964
98,14202
99,13659
100,14731
101,14547
102,14839
103,14815
104,15032
105,14570
106,14019
107,14394
108,15425
109,14015
110,15506
111,14842
112,14613
113,15534
114,14988
115,14731
116,13621
117,13866
118,15492
119,14702
120,14389
121,15853
122,14872
123,15080
124,14904
125,14023
126,13928
127,14717
128,14780
129,14032
130,13855
131,14930
132,16208
133,15653
134,14032
135,15104
136,14442
137,14336
138,14349
139,14344
140,14076
141,14713
142,13829
143,13979
144,16474
145,14462
146,15152
147,14708
148,15199
149,15179
150,14347
151,15722
152,15041
153,14161
154,14871
155,14152
156,14964
157,14447
158,14328
159,14204
160,13585
161,14393
162,14814
163,14463
164,13965
165,15073
166,13397
167,16060
168,13831
169,14881
170,13535
171,14881
172,14397
173,14381
174,15761
175,14254
176,13847
177,15453
178,14769
179,13446
180,14268
181,15104
182,13733
183,16309
184,14416
185,13918
186,15265
187,14288
188,13797
189,13156
190,14591
191,14819
192,14131
193,15494
194,15239
195,13550
196,14441
197,15520
198,16102
199,13326
200,13950
201,15174
202,15014
203,15626
204,15010
205,14366
206,14486
207,14974
208,14920
209,14923
210,14995
211,14937
212,14438
213,15500
214,13081
215,14100
216,14762
217,15015
218,14541
219,14875
220,13273
221,14311
222,14122
223,14298
224,13369
225,14065
226,13721
227,14251
228,14687
229,14752
230,14814
231,14906
232,15000
233,15674
234,15294
235,14581
236,14630
237,16114
238,13360
239,14474
240,13991
241,14639
242,15559
243,15174
244,13049
245,14939
246,13458
247,15513
248,13116
249,13944
250,14700
251,14858
252,14899
253,15061
254,14539
255,14006
256,15481
257,15801
258,14493
259,14067
260,15350
261,14761
262,13967
263,14768
264,14801
265,16209
266,14414
267,15752
268,13506
269,14251
270,13785
271,14174
272,14060
273,14906
274,15388
275,14407
276,16221
277,15443
278,15737
279,14692
280,13731
281,14730
282,15958
283,15484
284,14169
285,14169
286,14898
287,14472
288,15122
289,14273
290,15060
291,15396
292,14313
293,14762
294,14740
295,15577
296,13908
297,13402
298,15447
299,13969
300,14117
301,13919
302,14609
303,13271
304,13416
305,13582
306,12517
307,13843
308,13802
309,13934
310,15597
311,14624
312,15537
313,13269
314,14988
315,16265
316,14183
317,14298
318,13961
319,14167
320,14046
321,14741
322,13615
323,15973
324,14547
325,14117
326,14006
327,15079
328,14014
329,14512
330,14215
331,15412
332,14951
333,14235
334,15206
335,14708
336,16142
337,14205
338,14305
339,13874
340,14292
341,13922
342,14461
343,15331
344,15239
345,13929
346,15350
347,14523
348,14909
349,14656
350,14918
351,14199
352,14180
353,13639
354,15469
355,15234
356,14686
357,14709
358,14472
359,13561
360,14484
361,14388
362,14759
363,14576
364,14155
365,14343
366,14465
367,15028
368,15318
369,15207
370,14848
371,16144
372,13791
373,16237
374,15869
375,14379
376,14671
377,15548
378,14228
379,15996
380,15070
381,15174
382,14816
383,14893
384,15548
385,14180
386,12725
387,14735
388,13766
389,13941
390,14687
391,14918
392,13771
393,14778
394,14096
395,15022
396,13936
397,14283
398,14097
399,15313
400,14947
401,15043
402,13638
403,13871
404,15481
405,14938
406,14816
407,14396
408,14786
409,14269
410,14295
411,13275
412,15088
413,15412
414,15088
415,14364
416,14761
417,15478
418,14633
419,15082
420,13724
421,14994
422,14002
423,14631
424,13705
425,15136
426,14653
427,14058
428,13332
429,14298
430,13735
431,14140
432,14369
433,14438
434,13956
435,14987
436,14148
437,14551
438,14923
439,15030
440,15441
441,14589
442,12934
443,15053
444,15075
445,15414
446,15129
447,15359
448,14787
449,15264
450,15480
451,14339
452,15193
453,15296
454,13891
455,15687
456,14278
457,13695
458,16066
459,14622
460,14083
461,14769
462,14922
463,14362
464,13549
465,14444
466,13960
467,14620
468,14309
469,14086
470,14261
471,14358
472,15442
473,15706
474,15213
475,15420
476,16068
477,15001
478,14543
479,12282
480,13858
481,14407
482,16721
483,15126
484,15029
485,13415
486,14814
487,15479
488,14311
489,14465
490,14765
491,14092
492,15434
493,14626
494,14990
495,14473
496,15464
497,16643
498,14348
499,14288
500,15335
501,15227
502,14383
503,14914
504,16263
505,14960
506,14465
507,14884
508,15177
509,17032
510,14754
511,14475
512,14836
513,13736
514,15142
515,15113
516,13916
517,14251
518,15577
519,12860
520,15475
521,15088
522,14338
523,14602
524,14582
525,14356
526,14639
527,15569
528,15207
529,15510
530,12627
531,14619
532,15408
533,14137
534,16133
535,15561
536,15521
537,14368
538,15067
539,14086
540,13938
541,14586
542,14987
543,14911
544,14918
545,14783
546,13341
547,16655
548,14903
549,14213
550,14304
551,13959
552,14128
553,13505
554,14777
555,14970
556,14693
557,14916
558,14599
559,15205
560,15815
561,15795
562,15017
563,14916
564,14555
565,14553
566,14879
567,16479
568,14471
569,14927
570,14202
571,14994
572,14401
573,14188
574,15429
575,14393
576,15032
577,15519
578,14813
579,14723
580,14540
581,15076
582,15519
583,15076
584,14457
585,17391
586,13673
587,15190
588,14781
589,14568
590,13917
591,14938
592,14377
593,14836
594,15034
595,13262
596,14354
597,14603
598,14745
599,14313
600,13947
601,13359
602,14540
603,14404
604,14695
605,14712
606,14148
607,13897
608,14763
609,14513
610,14857
611,15380
612,15082
613,15660
614,14614
615,13485
616,14640
617,14367
618,13804
619,14378
620,14241
621,13278
622,15071
623,13380
624,14662
625,13556
626,15173
627,14842
628,13967
629,13781
630,13550
631,14212
632,14175
633,14731
634,15800
635,15091
636,14462
637,14895
638,14778
639,14526
640,14117
641,14448
642,13571
643,13906
644,16629
645,14531
646,14509
647,13957
648,15305
649,15080
650,15012
651,14065
652,14929
653,15938
654,14816
655,14984
656,13963
657,15607
658,16658
659,14241
660,13621
661,14904
662,14499
663,14111
664,14744
665,15294
666,12766
667,13758
668,15215
669,14965
670,16164
671,15757
672,13788
673,14880
674,14178
675,15180
676,14036
677,14701
678,14966
679,13622
680,14150
681,14472
682,14538
683,14815
684,15683
685,12380
686,14034
687,13966
688,15665
689,13405
690,13860
691,14700
692,13959
693,15215
694,14661
695,14113
696,14842
697,13981
698,15302
699,14013
700,14836
701,15243
702,14517
703,13078
704,15153
705,15261
706,14624
707,14583
708,14073
709,14296
710,13429
711,15681
712,15859
713,14004
714,14501
715,14408
716,14632
717,13287
718,15239
719,15015
720,14760
721,15441
722,15010
723,15503
724,13876
725,15153
726,14558
727,14547
728,14706
729,13599
730,13815
731,14336
732,14114
733,14711
734,14614
735,15668
736,15342
737,14068
738,14858
739,15070
740,12836
741,14530
742,15406
743,13542
744,13668
745,14541
746,13236
747,13579
748,14980
749,13810
750,14536
751,14219
752,13994
753,12968
754,14237
755,14539
756,15512
757,13216
758,14047
759,14424
760,14689
761,14890
762,15073
763,14069
764,15554
765,14105
766,14888
767,15018
768,14535
769,14711
770,15003
771,14878
772,13619
773,15224
774,14543
775,13686
776,14721
777,16072
778,14854
779,14551
780,15105
781,14419
782,14884
783,14646
784,16863
785,14254
786,14867
787,14770
788,15220
789,13738
790,13397
791,14684
792,13732
793,15865
794,15229
795,13587
796,14523
797,13828
798,14150
799,16783
800,13419
801,14194
802,13527
803,13909
804,14656
805,16175
806,13508
807,14532
808,14629
809,14758
810,14451
811,13431
812,14076
813,15385
814,14847
815,14674
816,14922
817,14684
818,15867
819,14895
820,13842
821,13273
822,12898
823,14731
824,15768
825,13690
826,14883
827,14076
828,14483
829,13029
830,14003
831,15897
832,13822
833,14297
834,14781
835,13868
836,14726
837,15517
838,14938
839,15875
840,13948
841,14010
842,15031
843,14590
844,16051
845,14050
846,15537
847,14260
848,14520
849,15264
850,14213
851,15917
852,14069
853,13947
854,15052
855,16441
856,13323
857,14955
858,15533
859,14509
860,14680
861,13868
862,14790
863,14304
864,15388
865,15010
866,15253
867,14963
868,14378
869,14331
870,13597
871,14731
872,13819
873,13814
874,15186
875,13658
876,14867
877,14266
878,14572
879,14302
880,14375
881,13517
882,14512
883,15645
884,14586
885,13829
886,14789
887,14641
888,14670
889,15504
890,13902
891,13990
892,14771
893,15113
894,13837
895,14719
896,15665
897,13961
898,14101
899,13389
900,14150
901,15446
902,14252
903,14077
904,14686
905,14417
906,13981
907,12853
908,12422
909,15016
910,15005
911,14091
912,16544
913,13863
914,14136
915,14259
916,14977
917,14635
918,14992
919,14017
920,14388
921,15694
922,14830
923,14687
924,13921
925,14021
926,14677
927,14967
928,15173
929,15022
930,15054
931,15220
932,14701
933,14698
934,15068
935,15232
936,14805
937,14736
938,14700
939,16291
940,16130
941,15271
942,14937
943,15763
944,13941
945,14620
946,15274
947,15211
948,14340
949,15318
950,14891
951,15076
952,13492
953,14694
954,14633
955,14521
956,13998
957,14275
958,14300
959,14430
960,14816
961,15177
962,14675
963,12783
964,14639
965,13590
966,14444
967,14728
968,14629
969,14296
970,14569
971,14422
972,15459
973,14002
974,12764
975,15391
976,16668
977,13521
978,13905
979,15101
980,14764
981,14882
982,15309
983,15698
984,14293
985,14417
986,13286
987,13820
988,15276
989,14530
990,14557
991,13577
992,14442
993,14176
994,13821
995,14989
996,15110
997,15164
998,14908
999,14216
1000,13535
1001,13664
1002,14751
1003,15272
1004,14749
1005,14420
1006,14948
1007,15053
1008,15116
1009,13707
1010,15551
1011,14266
1012,15208
1013,14163
1014,14553
1015,15213
1016,14941
1017,14473
1018,13994
1019,14101
1020,14038
1021,14546
1022,14809
1023,15051
1024,14091
1025,13445
1026,16021
1027,14663
1028,13010
1029,15745
1030,14747
1031,13386
1032,14897
1033,17290
1034,15159
1035,14017
1036,14857
1037,16775
1038,16741
1039,15571
1040,14516
1041,13865
1042,14687
1043,14705
1044,14097
1045,14957
1046,14609
1047,13170
1048,14452
1049,15283
1050,14806
1051,15650
1052,14520
1053,13850
1054,13245
1055,14143
1056,14266
1057,14589
1058,14947
1059,15571
1060,14606
1061,14749
1062,14538
1063,15693
1064,14123
1065,14987
1066,13723
1067,15203
1068,14211
1069,13475
1070,14180
1071,13443
1072,14485
1073,13455
1074,14217
1075,14878
1076,14854
1077,15178
1078,14904
1079,15096
1080,15514
1081,15771
1082,14801
1083,15086
1084,15068
1085,13773
1086,14613
1087,13760
1088,15233
1089,15116
1090,14256
1091,13446
1092,15155
1093,15680
1094,15072
1095,14194
1096,15284
1097,14713
1098,14132
1099,15997
1100,15067
1101,16141
1102,14196
1103,13769
1104,14997
1105,13888
1106,14916
1107,14746
1108,15021
1109,14413
1110,14788
1111,14999
1112,14944
1113,15480
1114,14833
1115,16392
1116,13111
1117,15098
1118,15067
1119,15296
1120,14623
1121,14644
1122,14725
1123,14137
1124,14878
1125,14548
1126,14433
1127,14894
1128,13288
1129,14125
1130,14912
1131,14760
1132,13989
1133,13858
1134,14126
1135,15049
1136,14648
1137,15179
1138,14205
1139,14192
1140,14547
1141,15135
1142,14180
1143,15812
1144,14458
1145,13195
1146,14955
1147,16084
1148,15508
1149,15178
1150,15797
1151,15167
1152,16120
1153,13595
1154,13840
1155,13909
1156,14150
1157,15112
1158,15254
1159,13992
1160,12905
1161,15102
1162,13442
1163,16305
1164,15305
1165,15595
1166,14927
1167,15302
1168,13920
1169,13583
1170,14906
1171,13976
1172,13706
1173,15486
1174,13871
1175,15007
1176,14366
1177,14479
1178,13748
1179,14504
1180,13863
1181,15808
1182,13161
1183,14646
1184,14116
1185,15838
1186,15004
1187,13309
1188,14515
1189,15647
1190,15860
1191,14366
1192,16293
1193,13170
1194,15725
1195,13714
1196,14211
1197,15459
1198,15345
1199,14580
1200,15356
1201,14193
1202,15859
1203,13884
1204,14105
1205,14404
1206,14976
1207,15013
1208,13589
1209,14988
1210,14346
1211,15759
1212,12945
1213,13696
1214,14156
1215,14861
1216,14769
1217,14179
1218,13921
1219,15535
1220,14905
1221,14066
1222,14354
1223,14773
1224,15087
1225,14981
1226,14257
1227,13773
1228,14632
1229,14155
1230,14662
1231,14266
1232,14272
1233,14677
1234,14152
1235,15296
1236,14495
1237,13870
1238,14502
1239,14325
1240,14545
1241,14784
1242,14547
1243,13670
1244,14250
1245,16179
1246,14469
1247,16056
1248,14517
1249,14232
1250,15071
1251,14748
1252,12478
1253,15171
1254,14469
1255,13700
1256,14020
1257,14139
1258,14476
1259,15409
1260,16149
1261,14077
1262,14790
1263,15216
1264,14250
1265,14452
1266,13572
1267,15452
1268,13744
1269,14701
1270,14764
1271,14619
1272,14753
1273,14902
1274,15046
1275,14890
1276,14182
1277,15564
1278,14531
1279,13419
1280,14478
1281,13953
1282,14580
1283,14326
1284,13706
1285,15270
1286,15312
1287,14236
1288,14457
1289,16296
1290,15032
1291,16281
1292,14393
1293,12996
1294,14115
1295,14564
1296,14858
1297,13323
1298,14405
1299,14759
1300,15660
1301,14474
1302,14935
1303,14763
1304,14989
1305,14939
1306,13226
1307,14571
1308,15287
1309,15041
1310,13830
1311,15003
1312,13907
1313,15826
1314,14133
1315,15106
1316,14763
1317,15442
1318,15414
1319,15138
1320,14116
1321,14048
1322,14206
1323,14840
1324,15021
1325,13987
1326,14086
1327,13814
1328,15148
1329,15120
1330,14565
1331,13881
1332,13937
1333,13051
1334,14971
1335,14383
1336,14924
1337,14284
1338,14208
1339,15009
1340,14119
1341,14448
1342,14104
1343,13288
1344,14905
1345,14366
1346,14697
1347,13781
1348,14305
1349,15159
1350,15020
1351,14803
1352,14394
1353,13564
1354,15761
1355,14139
1356,14093
1357,15115
1358,15060
1359,14508
1360,14226
1361,14007
1362,14417
1363,14714
1364,15118
1365,15143
1366,13902
1367,14838
1368,14240
1369,15079
1370,13738
1371,14302
1372,14700
1373,14342
1374,14927
1375,14519
1376,14884
1377,14690
1378,13692
1379,14189
1380,15101
1381,13771
1382,14397
1383,15655
1384,14927
1385,15033
1386,13522
1387,15035
1388,15252
1389,14467
1390,14506
1391,14729
1392,14241
1393,13641
1394,15302
1395,14443
1396,14400
1397,14672
1398,14022
1399,15353
1400,14332
1401,13915
1402,16742
1403,14688
1404,14871
1405,13848
1406,14333
1407,14221
1408,14266
1409,14333
1410,14780
1411,14660
1412,14958
1413,14849
1414,13971
1415,14503
1416,13792
1417,14077
1418,14319
1419,14361
1420,15938
1421,15606
1422,13686
1423,14221
1424,15550
1425,14500
1426,13233
1427,14219
1428,14654
1429,15525
1430,15069
1431,14264
1432,13682
1433,13801
1434,14814
1435,14535
1436,14435
1437,15008
1438,12626
1439,14172
1440,13970
1441,14552
1442,14731
1443,13484
1444,14904
1445,14305
1446,13464
1447,14251
1448,13907
1449,15647
1450,15009
1451,15090
1452,14445
1453,15260
1454,13360
1455,14402
1456,15105
1457,15260
1458,13693
1459,14730
1460,13150
1461,14808
1462,15405
1463,14066
1464,14566
1465,13387
1466,15955
1467,14708
1468,15117
1469,14751
1470,14169
1471,13308
1472,15245
1473,14269
1474,12855
1475,16452
1476,14254
1477,15016
1478,13711
1479,15347
1480,13490
1481,14333
1482,14304
1483,15416
1484,14271
1485,14668
1486,16326
1487,15150
1488,16212
1489,15488
1490,14482
1491,14453
1492,14672
1493,14230
1494,14311
1495,13812
1496,14626
1497,13331
1498,15328
1499,14084
1500,12185
1501,14456
1502,15705
1503,14479
1504,13727
1505,14613
1506,14339
1507,16378
1508,13775
1509,14844
1510,14312
1511,15648
1512,14034
1513,14450
1514,15272
1515,13788
1516,13861
1517,14443
1518,13808
1519,15824
1520,16074
1521,14170
1522,15546
1523,14871
1524,14064
1525,15550
1526,14070
1527,14834
1528,15271
1529,14321
1530,14726
1531,14369
1532,14110
1533,15139
1534,14475
1535,13962
1536,14190
1537,16208
1538,15507
1539,14881
1540,15724
1541,13167
1542,14067
1543,15013
1544,15326
1545,14511
1546,14632
1547,14431
1548,15184
1549,15261
1550,15342
1551,15131
1552,13776
1553,14696
1554,15228
1555,14793
1556,14997
1557,13821
1558,14905
1559,14404
1560,14538
1561,14304
1562,15187
1563,14363
1564,14613
1565,14311
1566,15829
1567,15584
1568,14169
1569,15068
1570,14223
1571,13991
1572,15010
1573,15062
1574,14105
1575,14542
1576,14038
1577,12467
1578,14271
1579,14547
1580,14966
1581,14752
1582,14625
1583,14819
1584,15554
1585,15085
1586,13721
1587,13540
1588,15069
1589,14338
1590,14767
1591,14653
1592,13594
1593,13734
1594,14187
1595,15139
1596,15168
1597,13689
1598,14592
1599,15237
1600,15523
1601,15053
1602,14179
1603,14679
1604,14889
1605,13871
1606,14361
1607,15054
1608,15392
1609,14193
1610,14636
1611,16159
1612,15042
1613,14783
1614,15633
1615,14912
1616,14710
1617,15557
1618,14121
1619,14607
1620,14626
1621,15112
1622,14679
1623,14498
1624,14541
1625,14956
1626,14552
1627,14928
1628,14392
1629,14850
1630,14216
1631,15954
1632,14109
1633,14888
1634,14811
1635,15595
1636,14715
1637,13957
1638,14250
1639,15089
1640,15404
1641,13590
1642,14473
1643,16268
1644,15173
1645,15196
1646,15085
1647,15420
1648,14396
1649,14119
1650,15096
1651,16364
1652,14764
1653,14913
1654,15166
1655,14830
1656,14287
1657,16040
1658,14316
1659,15713
1660,15008
1661,14983
1662,15688
1663,15734
1664,14849
1665,14430
1666,14660
1667,14739
1668,14635
1669,15482
1670,14601
1671,15791
1672,15181
1673,15673
1674,13947
1675,14988
1676,14106
1677,14951
1678,15417
1679,14264
1680,14080
1681,14649
1682,13941
1683,14848
1684,15173
1685,14662
1686,13546
1687,14875
1688,14275
1689,15389
1690,15048
1691,15348
1692,14921
1693,14917
1694,13867
1695,14413
1696,14359
1697,13839
1698,13223
1699,13433
1700,15259
1701,14457
1702,15565
1703,15552
1704,14762
1705,14759
1706,14167
1707,14894
1708,15155
1709,16040
1710,13721
1711,14764
1712,14501
1713,15278
1714,13980
1715,15546
1716,14459
1717,16486
1718,13805
1719,14207
1720,14848
1721,14189
1722,14704
1723,14782
1724,14122
1725,14703
1726,16940
1727,14764
1728,13930
1729,15626
1730,15829
1731,15424
1732,14447
1733,14008
1734,15478
1735,15155
1736,14816
1737,14800
1738,14194
1739,14086
1740,13913
1741,15888
1742,15956
1743,14885
1744,14759
1745,13533
1746,15262
1747,15724
1748,13675
1749,14376
1750,15166
1751,13449
1752,15991
1753,15959
1754,14302
1755,14464
1756,13271
1757,14465
1758,14932
1759,14300
1760,15124
1761,15560
1762,15069
1763,15952
1764,14584
1765,14838
1766,15342
1767,15430
1768,15517
1769,13549
1770,14062
1771,14478
1772,13982
1773,14122
1774,14425
1775,13097
1776,14229
1777,16104
1778,13803
1779,13841
1780,15004
1781,13723
1782,14930
1783,15756
1784,14039
1785,14362
1786,15341
1787,14653
1788,14198
1789,14998
1790,13966
1791,15336
1792,15210
1793,12912
1794,13858
1795,14823
1796,15286
1797,12734
1798,15219
1799,14013
1800,14506
1801,14734
1802,13609
1803,15011
1804,15162
1805,15068
1806,14161
1807,16023
1808,16064
1809,14703
1810,14995
1811,15024
1812,13278
1813,13990
1814,15026
1815,15844
1816,15775
1817,14992
1818,14562
1819,14376
1820,13934
1821,15331
1822,14062
1823,14130
1824,14943
1825,14058
1826,14355
1827,15208
1828,16072
1829,14321
1830,14597
1831,15007
1832,14507
1833,12928
1834,15016
1835,14342
1836,14888
1837,15788
1838,14860
1839,13288
1840,14148
1841,15283
1842,15016
1843,13433
1844,15466
1845,14531
1846,15271
1847,15351
1848,14527
1849,15797
1850,14962
1851,14518
1852,14025
1853,14879
1854,14990
1855,13146
1856,14504
1857,15032
1858,15238
1859,15258
1860,14374
1861,13653
1862,15574
1863,14516
1864,14712
1865,14841
1866,14469
1867,14688
1868,14907
1869,14018
1870,14614
1871,14349
1872,13520
1873,15490
1874,13847
1875,14046
1876,15250
1877,13770
1878,14754
1879,14691
1880,13969
1881,14733
1882,13673
1883,16152
1884,14242
1885,14629
1886,14947
1887,14237
1888,14855
1889,14616
1890,14180
1891,14674
1892,13945
1893,14585
1894,13462
1895,13811
1896,14575
1897,13353
1898,14613
1899,14118
1900,15044
1901,12699
1902,13184
1903,13856
1904,15215
1905,15164
1906,15603
1907,14419
1908,15069
1909,15532
1910,14794
1911,14674
1912,13471
1913,14833
1914,13162
1915,14542
1916,15176
1917,14274
1918,14171
1919,13683
1920,15013
1921,14912
1922,14154
1923,13600
1924,15229
1925,13898
1926,15313
1927,14290
1928,13801
1929,15826
1930,13806
1931,15104
1932,14841
1933,16585
1934,15135
1935,13769
1936,15569
1937,15395
1938,15316
1939,13391
1940,14119
1941,14427
1942,14677
1943,15222
1944,14271
1945,14233
1946,13931
1947,13846
1948,14978
1949,14247
1950,15188
1951,14176
1952,14289
1953,14649
1954,14379
1955,14768
1956,13802
1957,15043
1958,14756
1959,14459
1960,13775
1961,14662
1962,15030
1963,13563
1964,15359
1965,14525
1966,14192
1967,15695
1968,14262
1969,14911
1970,14275
1971,14413
1972,13081
1973,13885
1974,14764
1975,14664
1976,14484
1977,15021
1978,14736
1979,14982
1980,14219
1981,14271
1982,14020
1983,14438
1984,15333
1985,16588
1986,14584
1987,14298
1988,15261
1989,15392
1990,14442
1991,14698
1992,15284
1993,14556
1994,14823
1995,14572
1996,14926
1997,14338
1998,15634
1999,14408
2000,14623
2001,14243
2002,14227
2003,15828
2004,15670
2005,13738
2006,15383
2007,15216
2008,14529
2009,14135
2010,14119
2011,14029
2012,15042
2013,14434
2014,15357
2015,14895
2016,15982
2017,15290
2018,15051
2019,14964
2020,14151
2021,13959
2022,14752
2023,13705
2024,15071
2025,13868
2026,15522
2027,14269
2028,13853
2029,15562
2030,15247
2031,13904
2032,14852
2033,15040
2034,15116
2035,14824
2036,15493
2037,14540
2038,15628
2039,13877
2040,15362
2041,14267
2042,14680
2043,14525
2044,14991
2045,14714
2046,16420
2047,15439
2048,15174
2049,13990
2050,15232
2051,14186
2052,15097
2053,14255
2054,14992
2055,15370
2056,14333
2057,13434
2058,14867
2059,13343
2060,13979
2061,14866
2062,15499
2063,14221
2064,14675
2065,14062
2066,13986
2067,16476
2068,13993
2069,14785
2070,13808
2071,14496
2072,13990
2073,16035
2074,14134
2075,13684
2076,14910
2077,15496
2078,15532
2079,14151
2080,14790
2081,14075
2082,14997
2083,14979
2084,14225
2085,14749
2086,13593
2087,13124
2088,15287
2089,14081
2090,13277
2091,13499
2092,13693
2093,14478
2094,13750
2095,15933
2096,15021
2097,13902
2098,14806
2099,14104
2100,14325
2101,13747
2102,13490
2103,16171
2104,14483
2105,14880
2106,14052
2107,14288
2108,14495
2109,14824
2110,14634
2111,13794
2112,15210
2113,15114
2114,15277
2115,15526
2116,14248
2117,15131
2118,15887
2119,14563
2120,15250
2121,15396
2122,14723
2123,14359
2124,13513
2125,14247
2126,13845
2127,13256
2128,14827
2129,14235
2130,14809
2131,14553
2132,14919
2133,14163
2134,15591
2135,15257
2136,14352
2137,13992
2138,14927
2139,15164
2140,15307
2141,15362
2142,15067
2143,13256
2144,14112
2145,14846
2146,14282
2147,15528
2148,15328
2149,15962
2150,14489
2151,13714
2152,14765
2153,13235
2154,14109
2155,14702
2156,14199
2157,15349
2158,13820
2159,15634
2160,14362
2161,14689
2162,13815
2163,13836
2164,13684
2165,14276
2166,13888
2167,13885
2168,13911
2169,15398
2170,14703
2171,14882
2172,15767
2173,15238
2174,16441
2175,14125
2176,14166
2177,14971
2178,15061
2179,14456
2180,14112
2181,15530
2182,14686
2183,15719
2184,13847
2185,14444
2186,15188
2187,14417
2188,16006
2189,14763
2190,14911
2191,14363
2192,13166
2193,14076
2194,14470
2195,14411
2196,15430
2197,14496
2198,14773
2199,13694
2200,14623
2201,15555
2202,14809
2203,14010
2204,13664
2205,14995
2206,13666
2207,14756
2208,14420
2209,14728
2210,15004
2211,14887
2212,14031
2213,15780
2214,14701
2215,13961
2216,15065
2217,15097
2218,13852
2219,14946
2220,13275
2221,14345
2222,15308
2223,15051
2224,14660
2225,14893
2226,14265
2227,15076
2228,15407
2229,14923
2230,14718
2231,15863
2232,15663
2233,15973
2234,14796
2235,13761
2236,14129
2237,14234
2238,13519
2239,15483
2240,15478
2241,14685
2242,13574
2243,15172
2244,14551
2245,14708
2246,14765
2247,13627
2248,13718
2249,15426
2250,14948
2251,13470
2252,15811
2253,15289
2254,13639
2255,15453
2256,15035
2257,13621
2258,14657
2259,13709
2260,14782
2261,15618
2262,14910
2263,14351
2264,13379
2265,14463
2266,14072
2267,14613
2268,15473
2269,14268
2270,14485
2271,14035
2272,14896
2273,13539
2274,15343
2275,14858
2276,14155
2277,15483
2278,14209
2279,12641
2280,15528
2281,14366
2282,13186
2283,14520
2284,15119
2285,13927
2286,16069
2287,14751
2288,15017
2289,15222
2290,13091
2291,14299
2292,14199
2293,15409
2294,15178
2295,14550
2296,14588
2297,14369
2298,13291
2299,15105
2300,13664
2301,14201
2302,16208
2303,14566
2304,15299
2305,13776
2306,14954
2307,14335
2308,15520
2309,13354
2310,14904
2311,14236
2312,15396
2313,13477
2314,15390
2315,15241
2316,15848
2317,13954
2318,13723
2319,15430
2320,14058
2321,14673
2322,14818
2323,14080
2324,13400
2325,14854
2326,15241
2327,14353
2328,13872
2329,15215
2330,14071
2331,15225
2332,13975
2333,14638
2334,14832
2335,14802
2336,13960
2337,14601
2338,14448
2339,13855
2340,15758
2341,14601
2342,14610
2343,13540
2344,14975
2345,14614
2346,14726
2347,15616
2348,13591
2349,14827
2350,14971
2351,14917
2352,15727
2353,14792
2354,15078
2355,14025
2356,13573
2357,13530
2358,13859
2359,13025
2360,15139
2361,14723
2362,13723
2363,14029
2364,14633
2365,14952
2366,15858
2367,14561
2368,14378
2369,15341
2370,13785
2371,14586
2372,14248
2373,15625
2374,14987
2375,16589
2376,15526
2377,13688
2378,14269
2379,15589
2380,14501
2381,13191
2382,14578
2383,15661
2384,13726
2385,13702
2386,16683
2387,14641
2388,15140
2389,15510
2390,14681
2391,14480
2392,13744
2393,15272
2394,14903
2395,16168
2396,15089
2397,14608
2398,14582
2399,14259
2400,13464
2401,15015
2402,13903
2403,16210
2404,15127
2405,14091
2406,14295
2407,13754
2408,15060
2409,13957
2410,14637
2411,13935
2412,14771
2413,13590
2414,14243
2415,15748
2416,14028
2417,14818
2418,14698
2419,14309
2420,14098
2421,15730
2422,13949
2423,14907
2424,16074
2425,14369
2426,14110
2427,15115
2428,14590
2429,14053
2430,14683
2431,12795
2432,13550
2433,14881
2434,14069
2435,13891
2436,14560
2437,14308
2438,14427
2439,14734
2440,14766
2441,14383
2442,14757
2443,15531
2444,14504
2445,14854
2446,14620
2447,12932
2448,13099
2449,14748
2450,14852
2451,14944
2452,15116
2453,14051
2454,14956
2455,15341
2456,13766
2457,14551
2458,14669
2459,14840
2460,13529
2461,15152
2462,14670
2463,15292
2464,13232
2465,15401
2466,14967
2467,14222
2468,14544
2469,14372
2470,13838
2471,14509
2472,14997
2473,14397
2474,14849
2475,14535
2476,14301
2477,14615
2478,13683
2479,15774
2480,15430
2481,14871
2482,15910
2483,14393
2484,15183
2485,14767
2486,15159
2487,15443
2488,14181
2489,13849
2490,14803
2491,14483
2492,16152
2493,14345
2494,13668
2495,13556
2496,14998
2497,14457
2498,13698
2499,15539
2500,14026
2501,14282
2502,14348
2503,14553
2504,15813
2505,14886
2506,14173
2507,15341
2508,15079
2509,14278
2510,15525
2511,13687
2512,15641
2513,13347
2514,12926
2515,13414
2516,14281
2517,14568
2518,14288
2519,15685
2520,14539
2521,14633
2522,14620
2523,13255
2524,13638
2525,15968
2526,15172
2527,15287
2528,15109
2529,15838
2530,14699
2531,15645
2532,14328
2533,15089
2534,15573
2535,14595
2536,14247
2537,14871
2538,15008
2539,14752
2540,14812
2541,14083
2542,14344
2543,15446
2544,13784
2545,14894
2546,14944
2547,14122
2548,14618
2549,15007
2550,14041
2551,13303
2552,14034
2553,13752
2554,15541
2555,14542
2556,15011
2557,14705
2558,16023
2559,15007
2560,14609
2561,14940
2562,14197
2563,14776
2564,16248
2565,14017
2566,14847
2567,13789
2568,13806
2569,14929
2570,14962
2571,14170
2572,15103
2573,13827
2574,14132
2575,15248
2576,15283
2577,14400
2578,14757
2579,15007
2580,15065
2581,15079
2582,14420
2583,15800
2584,14311
2585,14730
2586,15257
2587,15151
2588,14733
2589,14315
2590,13675
2591,14555
2592,16271
2593,12814
2594,15227
2595,15030
2596,13006
2597,13353
2598,14420
2599,14270
2600,14933
2601,13949
2602,13824
2603,14258
2604,15393
2605,15252
2606,15475
2607,14134
2608,13509
2609,16722
2610,15651
2611,13501
2612,14236
2613,14799
2614,15057
2615,14943
2616,15434
2617,14486
2618,15650
2619,14769
2620,15567
2621,14725
2622,13931
2623,14779
2624,15589
2625,14471
2626,14956
2627,15768
2628,15203
2629,13811
2630,15429
2631,14498
2632,13869
2633,14407
2634,14041
2635,16050
2636,14456
2637,15998
2638,15205
2639,14244
2640,14965
2641,15300
2642,15163
2643,16789
2644,14501
2645,14838
2646,13882
2647,15646
2648,13459
2649,15760
2650,15058
2651,14675
2652,13361
2653,15128
2654,14130
2655,14926
2656,14208
2657,13758
2658,13623
2659,15222
2660,14531
2661,14543
2662,14393
2663,14234
2664,14841
2665,13466
2666,14618
2667,15630
2668,13990
2669,15066
2670,14815
2671,15734
2672,14790
2673,14361
2674,14383
2675,14072
2676,13925
2677,14698
2678,14602
2679,15830
2680,13473
2681,15770
2682,14474
2683,13759
2684,13411
2685,12669
2686,13939
2687,14013
2688,15329
2689,13928
2690,14194
2691,15624
2692,14603
2693,14901
2694,14875
2695,13913
2696,15231
2697,14568
2698,14462
2699,14522
2700,13972
2701,13589
2702,14018
2703,13630
2704,16302
2705,15056
2706,14814
2707,14940
2708,14707
2709,14894
2710,13895
2711,14653
2712,14777
2713,14400
2714,15180
2715,14215
2716,13057
2717,15563
2718,13804
2719,14129
2720,14564
2721,14413
2722,14179
2723,12861
2724,14717
2725,15022
2726,14909
2727,15985
2728,13884
2729,15186
2730,15242
2731,14814
2732,14646
2733,15448
2734,14173
2735,14295
2736,13902
2737,13782
2738,14602
2739,15618
2740,13938
2741,16055
2742,14439
2743,14792
2744,13563
2745,15540
2746,15452
2747,13935
2748,15276
2749,14579
2750,14302
2751,15926
2752,14713
2753,14346
2754,14920
2755,15869
2756,14066
2757,15200
2758,13926
2759,14203
2760,14961
2761,13337
2762,14502
2763,14824
2764,13561
2765,13137
2766,14032
2767,14833
2768,14539
2769,13568
2770,14499
2771,15789
2772,15136
2773,14592
2774,14762
2775,15320
2776,15152
2777,14425
2778,14939
2779,13348
2780,15620
2781,14798
2782,14589
2783,13913
2784,13748
2785,14534
2786,15599
2787,13522
2788,13629
2789,15164
2790,13787
2791,14122
2792,13676
2793,13635
2794,15764
2795,14562
2796,14166
2797,14932
2798,14456
2799,15346
2800,14510
2801,15056
2802,16187
2803,14409
2804,14520
2805,15174
2806,14184
2807,14307
2808,14569
2809,13738
2810,13983
2811,14660
2812,14514
2813,14982
2814,15943
2815,14929
2816,14715
2817,16190
2818,14439
2819,14394
2820,15413
2821,15205
2822,13820
2823,15415
2824,15308
2825,14073
2826,13838
2827,14938
2828,16045
2829,14205
2830,13901
2831,14649
2832,14432
2833,14367
2834,14340
2835,15315
2836,14172
2837,14897
2838,14394
2839,14614
2840,14505
2841,14672
2842,13485
2843,14008
2844,14691
2845,14585
2846,14421
2847,14787
2848,14288
2849,15049
2850,13338
2851,14511
2852,14690
2853,15374
2854,14417
2855,14813
2856,14483
2857,15205
2858,13812
2859,14917
2860,15293
2861,14511
2862,14694
2863,14230
2864,15527
2865,15250
2866,15027
2867,15089
2868,15169
2869,13954
2870,14285
2871,15305
2872,13467
2873,14231
2874,13986
2875,14660
2876,14515
2877,13898
2878,15980
2879,14445
2880,14144
2881,14523
2882,14727
2883,12941
2884,14746
2885,14669
2886,15278
2887,14050
2888,14923
2889,14396
2890,15615
2891,14838
2892,14835
2893,14524
2894,15490
2895,14784
2896,13137
2897,14014
2898,13835
2899,14562
2900,15142
2901,13592
2902,15006
2903,14162
2904,15480
2905,15007
2906,14784
2907,13812
2908,15381
2909,14335
2910,13923
2911,13770
2912,15182
2913,14069
2914,15132
2915,13425
2916,15098
2917,14003
2918,14510
2919,13339
2920,18085
2921,14945
2922,13575
2923,15045
2924,15142
2925,14041
2926,13568
2927,13859
2928,14259
2929,16234
2930,13230
2931,14296
2932,13915
2933,15562
2934,14059
2935,14702
2936,15309
2937,13590
2938,15961
2939,15474
2940,13766
2941,14086
2942,14740
2943,14609
2944,13740
2945,14907
2946,14573
2947,15262
2948,15089
2949,14099
2950,15773
2951,14752
2952,15903
2953,15168
2954,13926
2955,13562
2956,14512
2957,14218
2958,14610
2959,14878
2960,14000
2961,14502
2962,13768
2963,15224
2964,15777
2965,15337
2966,15194
2967,15544
2968,13927
2969,13184
2970,13333
2971,15286
2972,12475
2973,14392
2974,14342
2975,14383
2976,13417
2977,12688
2978,13981
2979,14399
2980,15032
2981,14531
2982,14534
2983,13698
2984,15151
2985,14550
2986,15200
2987,13510
2988,14144
2989,12964
2990,14076
2991,15823
2992,14617
2993,15426
2994,14040
2995,13930
2996,13967
2997,13835
2998,14555
2999,15684
3000,14199
3001,14290
3002,14629
3003,13596
3004,14405
3005,14072
3006,15248
3007,14284
3008,13306
3009,13871
3010,13724
3011,14598
3012,15093
3013,14633
3014,14366
3015,14629
3016,14848
3017,14936
3018,14753
3019,14625
3020,14369
3021,15533
3022,14433
3023,15728
3024,14937
3025,14574
3026,13503
3027,15210
3028,14886
3029,15042
3030,16293
3031,14968
3032,13850
3033,13440
3034,14014
3035,14254
3036,12688
3037,15212
3038,13527
3039,14737
3040,14748
3041,14872
3042,13534
3043,14570
3044,14063
3045,15640
3046,15340
3047,15883
3048,15186
3049,15167
3050,14392
3051,15475
3052,14028
3053,14681
3054,14266
3055,15589
3056,14016
3057,13272
3058,15216
3059,13885
3060,15199
3061,13646
3062,15503
3063,14715
3064,15266
3065,14575
3066,14789
3067,14045
3068,13656
3069,14799
3070,15390
3071,13602
3072,16187
3073,15042
3074,13326
3075,14851
3076,14642
3077,14261
3078,15207
3079,15758
3080,13745
3081,16275
3082,16050
3083,13778
3084,14688
3085,13698
3086,14731
3087,13807
3088,15097
3089,15801
3090,14740
3091,13627
3092,14909
3093,14571
3094,15209
3095,13614
3096,14562
3097,14118
3098,14687
3099,14022
3100,14560
3101,15932
3102,14752
3103,14731
3104,12844
3105,14332
3106,15879
3107,15750
3108,15077
3109,14487
3110,13983
3111,15499
3112,14395
3113,13275
3114,14143
3115,13889
3116,15035
3117,14875
3118,14521
3119,14003
3120,14292
3121,14762
3122,15254
3123,14307
3124,14554
3125,14385
3126,14632
3127,14588
3128,13833
3129,14132
3130,14472
3131,14262
3132,14586
3133,14951
3134,14593
3135,13986
3136,13949
3137,14625
3138,14646
3139,14502
3140,13702
3141,14504
3142,14379
3143,14888
3144,12846
3145,14765
3146,12715
3147,15047
3148,13375
3149,14815
3150,16348
3151,14183
3152,14020
3153,14455
3154,13345
3155,15425
3156,13636
3157,13658
3158,14245
3159,14855
3160,14542
3161,15530
3162,15386
3163,14129
3164,15217
3165,13582
3166,15778
3167,13571
3168,14010
3169,13737
3170,15318
3171,14171
3172,14861
3173,16088
3174,13759
3175,14041
3176,14533
3177,14344
3178,15169
3179,13937
3180,14482
3181,15801
3182,14511
3183,14596
3184,13925
3185,13991
3186,15465
3187,14647
3188,14015
3189,14058
3190,15598
3191,15319
3192,14790
3193,13650
3194,16345
3195,13551
3196,14281
3197,14851
3198,15788
3199,14352
3200,14534
3201,13602
3202,14762
3203,16148
3204,14352
3205,13608
3206,14787
3207,15069
3208,13277
3209,16364
3210,14022
3211,13643
3212,14738
3213,14096
3214,15495
3215,14175
3216,15663
3217,13883
3218,14643
3219,12730
3220,13533
3221,14752
3222,15538
3223,14013
3224,13900
3225,15225
3226,14692
3227,13018
3228,15673
3229,14932
3230,14648
3231,14366
3232,14238
3233,14849
3234,14497
3235,15656
3236,14088
3237,14155
3238,13808
3239,16560
3240,14585
3241,14970
3242,13900
3243,13424
3244,13891
3245,14572
3246,14375
3247,13433
3248,14209
3249,14424
3250,14206
3251,14922
3252,14553
3253,15307
3254,14762
3255,13746
3256,15537
3257,14295
3258,15653
3259,13256
3260,15002
3261,14267
3262,13866
3263,13486
3264,14714
3265,14969
3266,15828
3267,15605
3268,14103
3269,15059
3270,14787
3271,14318
3272,14428
3273,13946
3274,14174
3275,16188
3276,14330
3277,15700
3278,13644
3279,14720
3280,14192
3281,13462
3282,14311
3283,14196
3284,14506
3285,14882
3286,14731
3287,14680
3288,14431
3289,14778
3290,14142
3291,15969
3292,14527
3293,13405
3294,13693
3295,13684
3296,13333
3297,15433
3298,15699
3299,13584
3300,15742
3301,15176
3302,15375
3303,14917
3304,16620
3305,15632
3306,14157
3307,13702
3308,14367
3309,14630
3310,13969
3311,15079
3312,15293
3313,16219
3314,15480
3315,14094
3316,15931
3317,15218
3318,14869
3319,13399
3320,14854
3321,14825
3322,14636
3323,16229
3324,14552
3325,13930
3326,16093
3327,13434
3328,14874
3329,12636
3330,15681
3331,14237
3332,14399
3333,13921
3334,15078
3335,15305
3336,13963
3337,15871
3338,15612
3339,14363
3340,15113
3341,14964
3342,14884
3343,14154
3344,12840
3345,14805
3346,16768
3347,14665
3348,14841
3349,15134
3350,14933
3351,14859
3352,14653
3353,13395
3354,14454
3355,13498
3356,13488
3357,15373
3358,15726
3359,14490
3360,14217
3361,14717
3362,14539
3363,14029
3364,17168
3365,14711
3366,15076
3367,15121
3368,14370
3369,13725
3370,15094
3371,14772
3372,13845
3373,14247
3374,15013
3375,15236
3376,14708
3377,14080
3378,14788
3379,13585
3380,14071
3381,13283
3382,13750
3383,15089
3384,16587
3385,14664
3386,13805
3387,13914
3388,14834
3389,12673
3390,14710
3391,14827
3392,14282
3393,14939
3394,15479
3395,14854
3396,14154
3397,13851
3398,14905
3399,13706
3400,16042
3401,14203
3402,14619
3403,13932
3404,14590
3405,13782
3406,15061
3407,13712
3408,15766
3409,16232
3410,14943
3411,16243
3412,12837
3413,13565
3414,14458
3415,15383
3416,16200
3417,14544
3418,15691
3419,15316
3420,14943
3421,14901
3422,14402
3423,15876
3424,14156
3425,15045
3426,14903
3427,15058
3428,14034
3429,15740
3430,15183
3431,14190
3432,14682
3433,15572
3434,14484
3435,14806
3436,14313
3437,15282
3438,15729
3439,15077
3440,14422
3441,14006
3442,15399
3443,13866
3444,14594
3445,16535
3446,15502
3447,13064
3448,13711
3449,15024
3450,15207
3451,14787
3452,13722
3453,14154
3454,16450
3455,14432
3456,14972
3457,14851
3458,16261
3459,14118
3460,14768
3461,13430
3462,15572
3463,14453
3464,14795
3465,13784
3466,13766
3467,15261
3468,14096
3469,16351
3470,14715
3471,13114
3472,14515
3473,14657
3474,14219
3475,14814
3476,13992
3477,14191
3478,15199
3479,15678
3480,14068
3481,13669
3482,14936
3483,13319
3484,16766
3485,14854
3486,15218
3487,14645
3488,13727
3489,14336
3490,13819
3491,14290
3492,14651
3493,14280
3494,15823
3495,13717
3496,15228
3497,15694
3498,15421
3499,13736
3500,14442
3501,13722
3502,13967
3503,12867
3504,14633
3505,13877
3506,16266
3507,15117
3508,14242
3509,14261
3510,14291
3511,15086
3512,15330
3513,16263
3514,14709
3515,13391
3516,14981
3517,14764
3518,15078
3519,14444
3520,15229
3521,15640
3522,14625
3523,15754
3524,13859
3525,12669
3526,14350
3527,14407
3528,14738
3529,14852
3530,14801
3531,15276
3532,14786
3533,15855
3534,13619
3535,14981
3536,15175
3537,13508
3538,14163
3539,15252
3540,15066
3541,15130
3542,15300
3543,14757
3544,14556
3545,13664
3546,14965
3547,13700
3548,13278
3549,14926
3550,15497
3551,14097
3552,14702
3553,14902
3554,14674
3555,14621
3556,14810
3557,16284
3558,14637
3559,15029
3560,16013
3561,15590
3562,15574
3563,14139
3564,14893
3565,16908
3566,14616
3567,15532
3568,14679
3569,15644
3570,14093
3571,14738
3572,15518
3573,15316
3574,14863
3575,16708
3576,14401
3577,14921
3578,14560
3579,13690
3580,14776
3581,13383
3582,13553
3583,13540
3584,15071
3585,15059
3586,14275
3587,14467
3588,16156
3589,14102
3590,14215
3591,14354
3592,14791
3593,14801
3594,15476
3595,15813
3596,13751
3597,15467
3598,15275
3599,14680
3600,16221
3601,14267
3602,15559
3603,15133
3604,14400
3605,14453
3606,15012
3607,14215
3608,15260
3609,14032
3610,15507
3611,13602
3612,13785
3613,14211
3614,15548
3615,14117
3616,14577
3617,14506
3618,15795
3619,12927
3620,14719
3621,14958
3622,15355
3623,15524
3624,14691
3625,14299
3626,15719
3627,14104
3628,14486
3629,15381
3630,15439
3631,15046
3632,14815
3633,13213
3634,15459
3635,14435
3636,14455
3637,14419
3638,14575
3639,13968
3640,15074
3641,15078
3642,15422
3643,14578
3644,14817
3645,14287
3646,13335
3647,14113
3648,16267
3649,13465
3650,14699
3651,14642
3652,14898
3653,14052
3654,14496
3655,13174
3656,14164
3657,13702
3658,15214
3659,13869
3660,13560
3661,14533
3662,14827
3663,15312
3664,15343
3665,13893
3666,14186
3667,15603
3668,15485
3669,13988
3670,15373
3671,14785
3672,14679
3673,15611
3674,15427
3675,14936
3676,13733
3677,15911
3678,13511
3679,15390
3680,13348
3681,14625
3682,14358
3683,14113
3684,14920
3685,15250
3686,14489
3687,14442
3688,14637
3689,13932
3690,14875
3691,12697
3692,15174
3693,14098
3694,15379
3695,14856
3696,15205
3697,13587
3698,16110
3699,14471
3700,13860
3701,13095
3702,15459
3703,13951
3704,15312
3705,15398
3706,15037
3707,13919
3708,14668
3709,16733
3710,14204
3711,13754
3712,15709
3713,14481
3714,14280
3715,16888
3716,14851
3717,14153
3718,13649
3719,12946
3720,14727
3721,13943
3722,13964
3723,14089
3724,16267
3725,16524
3726,13961
3727,15117
3728,15116
3729,15364
3730,15290
3731,15493
3732,14229
3733,15035
3734,15137
3735,14377
3736,13745
3737,14713
3738,15679
3739,14898
3740,15037
3741,13726
3742,15391
3743,14957
3744,14783
3745,15684
3746,14104
3747,13911
3748,14782
3749,12662
3750,15302
3751,14783
3752,15180
3753,15020
3754,14275
3755,14289
3756,15393
3757,15034
3758,16240
3759,14503
3760,14486
3761,13842
3762,15192
3763,14956
3764,14012
3765,14682
3766,14623
3767,13582
3768,14912
3769,14711
3770,15099
3771,14512
3772,14673
3773,14565
3774,12305
3775,12495
3776,14117
3777,15772
3778,14806
3779,13880
3780,15215
3781,12708
3782,14245
3783,14919
3784,13525
3785,13665
3786,14957
3787,14075
3788,13614
3789,13414
3790,14592
3791,13880
3792,14980
3793,14903
3794,13340
3795,14809
3796,14473
3797,15343
3798,14915
3799,15336
3800,15820
3801,14670
3802,14207
3803,14633
3804,14403
3805,14013
3806,14703
3807,14897
3808,15212
3809,15508
3810,14222
3811,15306
3812,14186
3813,14039
3814,15065
3815,14466
3816,13253
3817,15415
3818,15083
3819,14644
3820,14764
3821,15609
3822,14190
3823,15421
3824,14211
3825,16294
3826,14220
3827,13810
3828,14088
3829,14685
3830,14582
3831,14694
3832,14453
3833,14272
3834,14916
3835,13357
3836,15881
3837,15517
3838,14576
3839,15501
3840,15265
3841,15175
3842,14408
3843,16409
3844,15404
3845,15288
3846,15559
3847,15141
3848,15586
3849,15847
3850,14660
3851,14546
3852,14820
3853,15248
3854,14263
3855,14539
3856,15221
3857,14894
3858,14537
3859,13667
3860,12652
3861,14187
3862,13706
3863,14054
3864,14893
3865,14279
3866,14301
3867,14438
3868,15316
3869,14160
3870,15934
3871,15895
3872,13487
3873,14710
3874,14008
3875,14340
3876,14146
3877,15113
3878,15078
3879,13778
3880,13529
3881,14516
3882,16155
3883,14209
3884,13664
3885,13587
3886,14822
3887,14682
3888,14916
3889,15931
3890,15352
3891,14825
3892,15019
3893,13816
3894,15933
3895,14621
3896,15061
3897,14975
3898,15806
3899,15150
3900,15061
3901,14840
3902,13861
3903,14834
3904,15466
3905,13994
3906,13947
3907,15846
3908,14119
3909,13775
3910,14880
3911,14754
3912,15708
3913,14046
3914,13255
3915,14286
3916,15464
3917,14216
3918,16773
3919,13992
3920,15282
3921,15338
3922,15229
3923,15304
3924,14462
3925,14448
3926,15563
3927,15180
3928,15687
3929,14717
3930,13468
3931,13301
3932,14319
3933,14594
3934,14299
3935,15601
3936,14348
3937,13917
3938,13463
3939,13857
3940,15566
3941,14097
3942,14577
3943,13178
3944,14657
3945,14205
3946,14480
3947,13586
3948,14446
3949,14958
3950,14842
3951,14483
3952,14802
3953,14419
3954,14283
3955,14599
3956,14919
3957,14600
3958,14570
3959,14632
3960,16490
3961,13471
3962,16326
3963,13934
3964,15406
3965,15302
3966,15194
3967,14348
3968,13820
3969,13362
3970,14862
3971,14217
3972,17122
3973,14444
3974,15768
3975,13721
3976,15668
3977,15495
3978,14582
3979,13570
3980,15406
3981,14503
3982,14943
3983,13363
3984,13437
3985,14957
3986,15822
3987,14403
3988,14063
3989,16234
3990,14982
3991,14593
3992,14758
3993,14396
3994,13256
3995,13487
3996,14538
3997,14690
3998,13925
3999,12606
4000,15303
4001,13710
4002,13866
4003,14650
4004,14518
4005,15312
4006,15122
4007,14219
4008,14863
4009,14399
4010,13875
4011,15685
4012,16599
4013,14235
4014,14128
4015,14163
4016,13786
4017,13898
4018,13216
4019,14324
4020,13509
4021,16162
4022,12117
4023,14780
4024,15333
4025,14562
4026,14584
4027,14976
4028,15054
4029,14599
4030,16218
4031,13895
4032,15395
4033,13614
4034,13624
4035,13971
4036,13743
4037,14915
4038,14700
4039,13066
4040,13463
4041,15259
4042,15085
4043,15521
4044,13648
4045,14714
4046,14590
4047,14731
4048,16168
4049,14331
4050,16226
4051,16056
4052,14253
4053,13259
4054,14286
4055,13112
4056,14473
4057,13215
4058,13145
4059,14895
4060,15261
4061,14813
4062,14223
4063,14954
4064,15060
4065,14096
4066,15748
4067,15115
4068,14830
4069,14310
4070,16192
4071,13490
4072,15804
4073,15069
4074,14326
4075,13387
4076,15076
4077,14623
4078,15258
4079,13979
4080,15268
4081,15180
4082,15278
4083,13987
4084,14672
4085,14629
4086,14321
4087,12578
4088,14562
4089,15079
4090,14573
4091,14220
4092,13086
4093,14741
4094,13277
4095,14926
