0,31640470
1,661
2,313
3,701
4,364
5,1239
6,242
7,1596
8,1008
9,689
10,238
11,684
12,2175
13,116
14,353
15,2066
16,338
17,429
18,1064
19,51826
20,535
21,1829
22,847
23,793
24,1350
25,1297
26,534
27,348
28,488
29,4650
30,12170
31,1563
32,2746
33,553
34,1275
35,352
36,448
37,187
38,429
39,325
40,379
41,1202
42,887
43,394
44,468
45,250
46,269
47,7751
48,395
49,247
50,478
51,352
52,1078
53,386
54,426
55,310
56,2256
57,3563
58,402
59,2046
60,1076
61,533
62,3963
63,1025
64,1319
65,354
66,357
67,189
68,989
69,252
70,333
71,2798
72,3435
73,590
74,1411
75,463
76,2945
77,59038
78,31077
79,935
80,1057
81,223
82,14468
83,320
84,332
85,3344
86,567
87,543
88,7484
89,2468
90,1667
91,229
92,1483
93,681
94,656
95,606
96,6921
97,849
98,524
99,1645
100,224
101,678
102,382
103,596
104,1292
105,686
106,827
107,133
108,749
109,382
110,289
111,1002
112,439
113,564
114,818
115,1903
116,249
117,7400
118,481
119,7713
120,685
121,340
122,183
123,796
124,139
125,733
126,647
127,7659
128,1074
129,305
130,1450
131,659
132,187
133,1553
134,2237
135,1007
136,427
137,466
138,800
139,352
140,1209
141,269
142,250
143,1049
144,326
145,64118
146,1816
147,1455
148,1398
149,738
150,2340
151,480
152,859
153,332
154,197
155,1000
156,7543
157,369
158,637
159,285
160,694
161,239
162,303
163,228
164,298
165,2462
166,373
167,12396
168,279
169,676
170,246
171,1206
172,1322
173,370
174,2672
175,1383
176,277
177,2128
178,1881
179,474
180,493
181,791
182,266
183,1067
184,368
185,1520
186,240
187,1752
188,445
189,499
190,780
191,468
192,762
193,351
194,1056
195,462
196,370
197,1625
198,323
199,227
200,399
201,819
202,786
203,287
204,483
205,980
206,187
207,2534
208,445
209,997
210,261
211,2050
212,2685
213,398
214,2075
215,1340
216,1918
217,668
218,140
219,300
220,1857
221,134
222,374
223,3543
224,2533
225,832
226,339
227,1788
228,1098
229,284
230,909
231,4592
232,11261
233,465
234,463
235,402
236,539
237,319
238,1933
239,378
240,397
241,1360
242,5594
243,2377
244,301
245,1236
246,1338
247,228
248,1512
249,5194
250,1762
251,252
252,1838
253,1556
254,530
255,927
256,255
257,696
258,181
259,2416
260,2460
261,224
262,317
263,146
264,4473
265,616
266,337
267,908
268,315
269,5218
270,263
271,371
272,832
273,568
274,581
275,686
276,327
277,6565
278,395
279,451
280,197
281,7701
282,193
283,634
284,198
285,3856
286,303
287,2576
288,334
289,361
290,320
291,1107
292,285
293,265
294,208
295,1211
296,285
297,485
298,259
299,2748
300,473
301,3546
302,2298
303,208
304,1093
305,963
306,281
307,878
308,338
309,384
310,2449
311,630
312,360
313,924
314,246
315,613
316,354
317,233
318,273
319,244
320,696
321,1619
322,765
323,584
324,105590
325,1979
326,305
327,1537
328,993
329,592
330,963
331,368
332,233
333,865
334,4731
335,332
336,133
337,982
338,757
339,450
340,613
341,421
342,337
343,963
344,809
345,846
346,1063
347,445
348,1557
349,645
350,4101
351,848
352,295
353,778
354,1316
355,688
356,1232
357,558
358,209
359,402
360,546
361,1694
362,251
363,374
364,633
365,1149
366,1004
367,1062
368,368
369,421
370,504
371,1724
372,220
373,285
374,5070
375,2733
376,646
377,544
378,1163
379,6948
380,1919
381,606
382,1519
383,1433
384,459
385,735
386,542
387,809
388,685
389,588
390,964
391,558
392,631
393,425
394,1003
395,605
396,160
397,703
398,5117
399,1528
400,10342
401,769
402,593
403,418
404,261
405,238
406,16617
407,1091
408,191
409,220
410,371
411,261
412,156
413,1921
414,584
415,311
416,3024
417,431
418,1285
419,352
420,1692
421,1685
422,546
423,1165
424,266
425,5207
426,17690
427,1709
428,8106
429,1314
430,350
431,1946
432,656
433,345
434,5297
435,983
436,1341
437,2647
438,456
439,294
440,974
441,624
442,381
443,154
444,283
445,402
446,2545
447,602
448,471
449,532
450,658
451,673
452,1332
453,2390
454,1177
455,606
456,779
457,597
458,204
459,194
460,564
461,429
462,281
463,365
464,1959
465,315
466,453
467,10074
468,306
469,304
470,300
471,2680
472,414
473,400
474,408
475,813
476,456
477,1256
478,283
479,525
480,485
481,560
482,598
483,9389
484,156
485,195
486,1202
487,459
488,557
489,134
490,724
491,552
492,1943
493,427
494,4233
495,536
496,2715
497,3668
498,509
499,2034
500,432
501,517
502,335
503,2504
504,781
505,1511
506,415
507,2990
508,790
509,1060
510,337
511,1297
512,233
513,463
514,193
515,567
516,830
517,1833
518,2520
519,654
520,20223
521,551
522,1196
523,738
524,1056
525,400
526,6142
527,630
528,640
529,1776
530,6924
531,4764
532,197
533,1337
534,217
535,2083472
536,14237
537,658
538,295
539,211
540,1410
541,615
542,221
543,3116
544,1919
545,1744
546,535
547,266
548,949
549,325
550,295
551,859
552,1318
553,468
554,529
555,626
556,1544
557,282
558,646
559,1440
560,798
561,596
562,1084
563,1622
564,3740
565,410
566,322
567,1007
568,170
569,790
570,351
571,1800
572,984
573,199
574,470
575,3252
576,734
577,498
578,2604
579,243
580,673
581,1287
582,2362
583,244
584,482
585,450
586,227
587,1150
588,3229
589,1658
590,684
591,977
592,120
593,598
594,490
595,290
596,605
597,814
598,1661
599,297
600,531
601,606
602,898
603,2275
604,5393
605,776
606,487
607,1486
608,347
609,1767
610,269
611,2648
612,283
613,1002
614,1313
615,1635
616,1075
617,1746
618,499
619,4378
620,1850
621,276
622,547
623,721
624,849
625,552
626,1498
627,235
628,425
629,368
630,513
631,152
632,1440
633,477
634,1227
635,1680
636,331
637,320
638,989
639,218
640,1589
641,5339
642,466
643,2110
644,325
645,328
646,6060
647,1312
648,421
649,14472
650,338
651,194
652,3554
653,468
654,423
655,1426
656,77049
657,327
658,3702
659,2479
660,708
661,446
662,532
663,2402
664,2084
665,2132
666,293
667,1226
668,1267
669,374
670,24713
671,580
672,421
673,998
674,187
675,403
676,897
677,4157
678,575
679,982
680,820
681,315
682,247
683,725
684,290
685,154
686,578
687,859
688,469
689,9989
690,1470
691,479
692,551
693,311
694,1634
695,247
696,3459
697,1499
698,9896
699,218
700,720
701,3433
702,409
703,2938
704,1011
705,446
706,203
707,2283
708,253
709,623
710,1074
711,825
712,6368
713,2323
714,1883
715,507
716,1246
717,937
718,3382
719,1787
720,3813
721,1724
722,2925
723,978
724,538
725,2769
726,3323
727,650
728,1775
729,868
730,231
731,1449
732,2215
733,631
734,1440
735,487
736,727
737,300
738,25490
739,705
740,408
741,880
742,24662
743,375
744,198
745,272
746,134
747,1772
748,318
749,527
750,3646
751,1790
752,188
753,3750
754,1752
755,3078
756,607
757,752
758,478
759,9870
760,7765
761,200
762,2916
763,358
764,547
765,856
766,1976
767,399
768,427
769,2244
770,574
771,937
772,454
773,572
774,1325
775,8773
776,539
777,780
778,1668
779,375
780,5159
781,2212
782,5863
783,2989
784,359
785,289
786,389
787,626
788,1167
789,1460
790,419
791,454
792,253
793,1400
794,3006
795,285
796,631
797,264
798,1470
799,380
800,708
801,653
802,295
803,664
804,1500
805,237
806,668
807,203
808,6688
809,708
810,804
811,1211
812,12267
813,1150
814,12132
815,382
816,362
817,1554
818,559
819,572
820,2819
821,1189
822,623
823,1004
824,2565
825,1579
826,650
827,404
828,1579
829,449
830,1164
831,276
832,592
833,471
834,10890
835,1830
836,2005
837,593
838,490
839,302
840,194
841,3078
842,312
843,250
844,463
845,545
846,357
847,144
848,1887
849,286
850,442
851,3291
852,2975
853,501
854,613
855,595
856,519056
857,352
858,193
859,2208
860,245
861,939
862,455
863,158
864,1615
865,339
866,780
867,751
868,1165
869,177
870,690
871,2879
872,2471
873,3857
874,7164
875,230
876,298
877,707
878,403
879,599
880,328
881,565
882,204
883,757
884,293
885,1096
886,282
887,1311
888,782
889,4564
890,227
891,2681
892,1766
893,334
894,702
895,272
896,263
897,886
898,614
899,1297
900,497
901,671
902,4666
903,258
904,463
905,693
906,588
907,935
908,980
909,947
910,888
911,163
912,851
913,374
914,574
915,439
916,925
917,273
918,352
919,722
920,1789
921,1035
922,797
923,1755
924,871
925,612
926,1074
927,346
928,512
929,887
930,207
931,23010
932,2459
933,434
934,1454
935,1247
936,448
937,471
938,506
939,1371
940,436
941,201
942,617
943,844
944,4842
945,154
946,325
947,1828
948,1100
949,821
950,581
951,2930
952,327
953,1637
954,318
955,5262
956,436
957,321
958,508
959,868
960,2989
961,1067
962,1209
963,943
964,211
965,2443
966,211
967,261
968,540
969,348
970,220
971,7937
972,2918
973,330
974,5365
975,691
976,371
977,731
978,899
979,670
980,282
981,515
982,1592
983,872
984,1542
985,313
986,947
987,389
988,408
989,1135
990,836
991,5159
992,832
993,373
994,707
995,263
996,501
997,689
998,436
999,5047
1000,599
1001,196
1002,3569
1003,774
1004,2584
1005,18144
1006,490
1007,848
1008,2720
1009,2945
1010,569
1011,737
1012,1531
1013,22681
1014,200
1015,565
1016,2731
1017,6713
1018,14351
1019,1300
1020,860
1021,566
1022,286
1023,1076
1024,1215
1025,666
1026,1391
1027,447
1028,12353
1029,374
1030,176
1031,4118
1032,1433
1033,2020
1034,325
1035,761
1036,2403
1037,1097
1038,927
1039,329
1040,3159
1041,274
1042,1019
1043,654
1044,1153
1045,659
1046,1768
1047,252
1048,6771
1049,5512
1050,203
1051,883
1052,650
1053,370
1054,359
1055,795
1056,648
1057,665
1058,779
1059,253
1060,4079
1061,1911
1062,216
1063,422
1064,2054
1065,576
1066,219
1067,2888
1068,1075
1069,949
1070,1331
1071,1509
1072,1133
1073,318
1074,165
1075,1632
1076,1451
1077,348
1078,23296
1079,3188
1080,536
1081,543
1082,432
1083,390
1084,2295
1085,643
1086,732
1087,641
1088,2411
1089,231
1090,244
1091,2958
1092,2849
1093,483
1094,2425
1095,850
1096,957
1097,409
1098,188
1099,392
1100,360
1101,324
1102,213
1103,494
1104,418
1105,369
1106,1007
1107,630
1108,229
1109,2749
1110,442
1111,825
1112,483
1113,589
1114,1922
1115,220
1116,4678
1117,1542
1118,262
1119,1191
1120,613
1121,596
1122,3175
1123,23993
1124,289
1125,1031
1126,751
1127,595
1128,14583
1129,9064
1130,498
1131,297
1132,168
1133,599
1134,1151
1135,289
1136,694
1137,154
1138,601
1139,1036
1140,1110
1141,234
1142,767
1143,869
1144,283
1145,298
1146,583
1147,754
1148,3099
1149,498
1150,4165
1151,3141
1152,3046
1153,611
1154,1133
1155,389
1156,11401
1157,264
1158,401
1159,210
1160,285
1161,1346
1162,476
1163,2831
1164,729
1165,308
1166,624
1167,628
1168,505
1169,516
1170,1900
1171,3646
1172,2443
1173,425
1174,693
1175,2297
1176,188
1177,497
1178,531
1179,1676
1180,218
1181,1774
1182,3768
1183,2562
1184,398
1185,162
1186,6446
1187,2282
1188,6461
1189,1104
1190,531
1191,464
1192,521
1193,2058
1194,1682
1195,348
1196,791
1197,545
1198,338
1199,479
1200,475
1201,1698
1202,413
1203,352
1204,1740
1205,702
1206,1556
1207,621
1208,4802
1209,487
1210,320
1211,816
1212,2187
1213,1008
1214,500
1215,820
1216,162
1217,226
1218,1251
1219,283
1220,972
1221,314
1222,239
1223,484
1224,467
1225,278
1226,246
1227,313
1228,973
1229,187
1230,235
1231,2301
1232,1637
1233,393
1234,4544
1235,218
1236,590
1237,849
1238,239
1239,935
1240,337
1241,1524
1242,350
1243,1618
1244,409
1245,152
1246,215
1247,499
1248,269
1249,4158
1250,364
1251,465
1252,1321
1253,6006
1254,404
1255,1261
1256,2833
1257,2853
1258,258
1259,500
1260,1491
1261,324
1262,413
1263,317
1264,383
1265,1951
1266,220
1267,375
1268,2379
1269,2499
1270,2371
1271,558
1272,210
1273,804
1274,1280
1275,4806
1276,475
1277,1179
1278,2331
1279,769
1280,520
1281,1914
1282,387
1283,2169
1284,799
1285,6754
1286,635
1287,254
1288,466
1289,1413
1290,609
1291,1393
1292,289
1293,1609
1294,943
1295,1482
1296,1827
1297,636
1298,642
1299,849
1300,412
1301,255
1302,431
1303,1589
1304,1873
1305,882
1306,1264
1307,6022
1308,992
1309,579
1310,168
1311,266
1312,992
1313,194
1314,984
1315,485
1316,351
1317,3702
1318,360
1319,504
1320,219
1321,3453
1322,386
1323,633
1324,470
1325,286
1326,5622
1327,754
1328,1303
1329,516
1330,388
1331,130
1332,666
1333,867
1334,314
1335,6594
1336,681
1337,1290
1338,303
1339,729
1340,3028
1341,1019
1342,2160
1343,610
1344,572
1345,405
1346,1038
1347,5604
1348,481
1349,306
1350,591
1351,5376
1352,309
1353,276
1354,346
1355,315
1356,1001
1357,1301
1358,213
1359,356
1360,1341
1361,2396
1362,4127
1363,1098
1364,1507
1365,160
1366,310
1367,1570
1368,2585
1369,139
1370,579
1371,1071
1372,445
1373,1025
1374,231
1375,174
1376,3197
1377,1313
1378,489
1379,5082
1380,1587
1381,515
1382,5313
1383,2280
1384,157
1385,458
1386,16667
1387,517
1388,715
1389,780
1390,2718
1391,1495
1392,491
1393,428
1394,515
1395,519
1396,5690
1397,460
1398,211
1399,402
1400,709
1401,262
1402,348
1403,422
1404,793
1405,7547
1406,519
1407,1147
1408,1129
1409,1155
1410,1583
1411,485
1412,1419
1413,4660
1414,1558
1415,1857
1416,1075
1417,916
1418,2232
1419,548
1420,318
1421,196
1422,507
1423,338
1424,1521
1425,938
1426,1289
1427,2684
1428,278
1429,305
1430,550
1431,1366
1432,3764
1433,595
1434,1752
1435,441
1436,579
1437,505
1438,780
1439,9558
1440,1357
1441,161
1442,612
1443,1258
1444,10048
1445,2578
1446,270
1447,615
1448,1350
1449,946
1450,5867
1451,535
1452,1202
1453,217
1454,742
1455,1989
1456,2883
1457,952
1458,284
1459,3436
1460,771
1461,520
1462,1148
1463,322
1464,554
1465,247
1466,311
1467,552
1468,2046
1469,911
1470,1878
1471,762
1472,4998
1473,315
1474,473
1475,301
1476,196
1477,1208
1478,2364
1479,393
1480,358
1481,421
1482,610
1483,793
1484,1898
1485,1210
1486,2052
1487,237
1488,841
1489,343
1490,918
1491,471
1492,242
1493,6884
1494,953
1495,1150
1496,1284
1497,388
1498,1098
1499,302
1500,719
1501,262
1502,512
1503,1873
1504,192
1505,645
1506,201
1507,2215
1508,2929
1509,745
1510,8863
1511,776
1512,568
1513,873
1514,1152
1515,363
1516,614
1517,1409
1518,707
1519,480
1520,348
1521,305
1522,2541
1523,601
1524,5520
1525,324
1526,336
1527,684
1528,1751
1529,1245
1530,324
1531,1479
1532,1014
1533,928
1534,308
1535,311
1536,2329
1537,1685
1538,1904
1539,1242
1540,358
1541,1697
1542,948
1543,2843
1544,1355
1545,342
1546,439
1547,930
1548,322
1549,364
1550,674
1551,255
1552,608
1553,1404
1554,268
1555,129
1556,1226
1557,508
1558,519
1559,3437
1560,1432
1561,161
1562,218
1563,183
1564,1867
1565,1884
1566,1146
1567,4665
1568,646
1569,600
1570,714
1571,691
1572,2071
1573,206
1574,151
1575,334
1576,2681
1577,382
1578,3665
1579,1052
1580,1304
1581,364
1582,1043
1583,837
1584,514
1585,2043
1586,115
1587,5004
1588,421
1589,446
1590,4588
1591,953
1592,1196
1593,238
1594,2179
1595,179
1596,569
1597,1168
1598,397
1599,200
1600,1242
1601,1647
1602,717
1603,259
1604,352
1605,283
1606,854
1607,2556
1608,519
1609,256
1610,341
1611,1012
1612,568
1613,339
1614,474
1615,647
1616,1519
1617,542
1618,195
1619,796
1620,2529
1621,3457
1622,402
1623,5120
1624,2315
1625,426
1626,180
1627,392
1628,10024
1629,745
1630,387
1631,621
1632,1114
1633,1252
1634,1038
1635,256
1636,2692
1637,203
1638,2852
1639,336
1640,367
1641,1087
1642,2894
1643,538
1644,2531
1645,1158
1646,341
1647,144
1648,1374
1649,1271
1650,708
1651,3278
1652,395
1653,1654
1654,356
1655,2638
1656,1444
1657,329
1658,554
1659,742
1660,464
1661,207
1662,2025
1663,218
1664,1434
1665,1069
1666,289
1667,664
1668,609
1669,935
1670,412
1671,1700
1672,411
1673,919
1674,290
1675,528
1676,1647
1677,261
1678,231
1679,373
1680,476
1681,1929
1682,187
1683,847
1684,338
1685,784
1686,407
1687,248
1688,226
1689,972
1690,932
1691,429
1692,7118
1693,200
1694,586
1695,763
1696,661
1697,533
1698,4540
1699,1002
1700,4310
1701,327
1702,871
1703,1924
1704,329
1705,243
1706,723
1707,7729
1708,983
1709,260
1710,363
1711,870
1712,973
1713,693
1714,1267
1715,504
1716,350
1717,454
1718,362
1719,1217
1720,348
1721,1192
1722,7191
1723,608
1724,620
1725,286
1726,747
1727,5870
1728,275
1729,551
1730,1702
1731,1150
1732,1620
1733,791
1734,456
1735,1001
1736,352
1737,165190
1738,777
1739,198
1740,2509
1741,859
1742,1585
1743,297
1744,4310
1745,1285
1746,847
1747,1648
1748,532
1749,782
1750,398
1751,4365
1752,2525
1753,342
1754,839
1755,1499
1756,724
1757,2126
1758,2750
1759,1217
1760,3230
1761,1591
1762,741
1763,401
1764,203
1765,1637
1766,883
1767,1283
1768,488
1769,577
1770,883
1771,2052
1772,1942
1773,2155
1774,829
1775,900
1776,27386
1777,532
1778,460
1779,1803
1780,318
1781,2686
1782,202
1783,1359
1784,250
1785,1546
1786,286
1787,420
1788,200
1789,1233
1790,196
1791,798
1792,1019
1793,1865
1794,912
1795,479
1796,1457
1797,14597
1798,590
1799,1659
1800,154
1801,1025
1802,848
1803,170
1804,1472
1805,847
1806,5124
1807,772
1808,575
1809,1998
1810,851
1811,336
1812,643
1813,4550
1814,515
1815,14638
1816,199
1817,421
1818,599
1819,636
1820,1682
1821,10808
1822,1091
1823,258
1824,443
1825,1399
1826,1263
1827,384
1828,575
1829,1503
1830,2611
1831,139
1832,1792
1833,6412
1834,845
1835,634
1836,706
1837,320
1838,257
1839,291
1840,343
1841,608
1842,606
1843,1440
1844,797
1845,611
1846,7198
1847,445
1848,418
1849,2968
1850,4093
1851,597
1852,414
1853,1450
1854,510
1855,329
1856,440
1857,382
1858,161
1859,470
1860,1089
1861,351
1862,1548
1863,991
1864,1960
1865,204
1866,460
1867,21921
1868,277
1869,486
1870,326
1871,559
1872,352
1873,681
1874,2613
1875,563
1876,1187
1877,2569
1878,347
1879,736
1880,1658
1881,409
1882,562
1883,303
1884,291
1885,264
1886,746
1887,1935
1888,707
1889,347
1890,11953
1891,361
1892,2029
1893,427
1894,617
1895,285
1896,11059
1897,224
1898,1417
1899,914
1900,325
1901,307
1902,885
1903,621
1904,654
1905,270
1906,308
1907,780
1908,1308
1909,216
1910,760
1911,1394
1912,2362
1913,323
1914,586
1915,201
1916,548
1917,1160
1918,883
1919,6549
1920,521
1921,490
1922,610
1923,1181
1924,408
1925,1929
1926,536
1927,1332
1928,591
1929,523
1930,1364
1931,436
1932,797
1933,274
1934,1328
1935,1212
1936,548
1937,606
1938,527
1939,270
1940,219
1941,623
1942,201
1943,923
1944,984
1945,549
1946,757
1947,1311
1948,466
1949,5685
1950,540
1951,793
1952,590
1953,3358
1954,608
1955,3535
1956,695
1957,922
1958,1494
1959,382
1960,98349
1961,578
1962,1129
1963,890
1964,1440
1965,330
1966,6171
1967,477
1968,399
1969,383
1970,320
1971,386
1972,66288
1973,638
1974,1527
1975,599
1976,396
1977,4813
1978,651
1979,1358
1980,681
1981,837
1982,289
1983,3850
1984,546
1985,620
1986,603
1987,274
1988,436
1989,533
1990,1348
1991,678
1992,1128
1993,12918
1994,1376
1995,310
1996,710
1997,354
1998,168
1999,736
2000,373
2001,1477
2002,963
2003,549
2004,422
2005,338
2006,478
2007,652
2008,1111
2009,380
2010,5905
2011,421
2012,454
2013,12571
2014,1119
2015,424
2016,646
2017,2141
2018,1680
2019,332
2020,1018
2021,9370
2022,594
2023,2437
2024,275
2025,3046
2026,298
2027,314
2028,684
2029,602
2030,861
2031,974
2032,480
2033,508
2034,1359
2035,3306
2036,3375
2037,281
2038,528
2039,529
2040,427
2041,1161
2042,2549
2043,48948
2044,1784
2045,4056
2046,327
2047,572
2048,345
2049,320
2050,660
2051,438
2052,2059
2053,367
2054,784
2055,604
2056,621
2057,254
2058,300
2059,240
2060,768
2061,263
2062,203
2063,1127
2064,1385
2065,691
2066,1334
2067,3547
2068,264
2069,265
2070,758
2071,448
2072,316
2073,2180
2074,1586
2075,314
2076,1375
2077,412
2078,1151
2079,727
2080,1589
2081,409
2082,308
2083,614
2084,163
2085,606
2086,934
2087,242
2088,856
2089,593
2090,379
2091,354
2092,722
2093,1424
2094,3094
2095,1913
2096,605
2097,358
2098,770
2099,3310
2100,398
2101,1599
2102,1425
2103,1845
2104,4527
2105,291
2106,1727
2107,934
2108,293
2109,2376
2110,1007
2111,201
2112,1203
2113,483
2114,520
2115,54448
2116,105
2117,443
2118,10358
2119,1118
2120,319
2121,2364
2122,543
2123,1012
2124,1412
2125,200
2126,510
2127,287
2128,3235
2129,369
2130,1965
2131,5177
2132,353
2133,872
2134,2244
2135,297
2136,267
2137,1181
2138,1167
2139,591
2140,1189
2141,252
2142,1054
2143,542
2144,1630
2145,2394
2146,574
2147,289
2148,894
2149,1340
2150,1842
2151,234
2152,1031740
2153,285
2154,443
2155,153
2156,542
2157,567
2158,12876
2159,581
2160,546
2161,146
2162,4233
2163,487
2164,1270
2165,1441
2166,442
2167,251
2168,188
2169,319
2170,177
2171,202
2172,2105
2173,1473
2174,456
2175,248
2176,269
2177,1008
2178,273
2179,241
2180,231
2181,345
2182,686
2183,613
2184,194
2185,3448
2186,4187
2187,743
2188,572
2189,1648
2190,1635
2191,282
2192,261
2193,335
2194,32822
2195,1336
2196,780
2197,1134
2198,516
2199,634
2200,1341
2201,552
2202,854
2203,2454
2204,1076
2205,4063
2206,549
2207,2715
2208,549
2209,364
2210,557
2211,1378
2212,1164
2213,887
2214,1435
2215,1402
2216,2352
2217,234
2218,3450
2219,252
2220,977
2221,1371
2222,1262
2223,473
2224,1728
2225,385
2226,301
2227,10669
2228,219
2229,1785
2230,884
2231,427
2232,307
2233,2811
2234,284
2235,3417
2236,258
2237,433
2238,943
2239,832
2240,372
2241,1077
2242,838
2243,615
2244,367
2245,4853
2246,1718
2247,1157
2248,1019
2249,1079
2250,203
2251,388
2252,3268
2253,409
2254,1309
2255,687
2256,325
2257,4073
2258,8617
2259,4118
2260,3615
2261,5769
2262,263
2263,1174
2264,3141
2265,390
2266,1105
2267,1337
2268,819
2269,3121
2270,916
2271,261
2272,431
2273,953
2274,1566
2275,460
2276,1208
2277,1136
2278,913
2279,575
2280,1479
2281,276
2282,899
2283,787
2284,303
2285,1586
2286,1365
2287,310
2288,1411
2289,4215
2290,347
2291,11606
2292,289
2293,848
2294,367
2295,324
2296,481
2297,703
2298,492
2299,674
2300,989
2301,1704
2302,1799
2303,506
2304,365
2305,260
2306,714
2307,706
2308,262
2309,655
2310,551
2311,256
2312,294
2313,6546
2314,624
2315,342
2316,1822
2317,407
2318,355
2319,3678
2320,910
2321,721
2322,563
2323,209
2324,451
2325,350
2326,1562
2327,1359
2328,309
2329,720
2330,552
2331,143
2332,942
2333,1642
2334,342
2335,798
2336,831
2337,524
2338,1796
2339,218
2340,352
2341,479
2342,353
2343,1656
2344,263
2345,120
2346,1131
2347,282
2348,1551
2349,933
2350,758
2351,2029
2352,3102
2353,726
2354,206
2355,627
2356,1330
2357,1511
2358,2812
2359,245
2360,461
2361,231
2362,230
2363,1142
2364,645
2365,219
2366,527
2367,912
2368,965
2369,504
2370,274
2371,1807
2372,672
2373,947
2374,725
2375,1911
2376,1660
2377,1083
2378,599
2379,3719
2380,576
2381,531
2382,364
2383,342
2384,1577
2385,523
2386,1577
2387,167
2388,2522
2389,32077
2390,251
2391,397
2392,2956
2393,430
2394,2284
2395,3312
2396,462
2397,374
2398,205
2399,1024
2400,1263
2401,1810
2402,635
2403,196
2404,513
2405,8936
2406,1485
2407,493
2408,427
2409,1538
2410,972
2411,1265
2412,1412
2413,394
2414,445
2415,245
2416,206
2417,5388
2418,824
2419,1149
2420,1389
2421,157
2422,2039
2423,327
2424,1668
2425,755
2426,1076
2427,844
2428,257
2429,147
2430,267
2431,588
2432,347
2433,544
2434,3702
2435,560
2436,1515
2437,4532
2438,1001
2439,584
2440,3945
2441,374
2442,2808
2443,1277
2444,255
2445,6891
2446,832
2447,1363
2448,8928
2449,1210
2450,1393
2451,805
2452,2599
2453,246
2454,818
2455,391
2456,366
2457,791
2458,641
2459,595
2460,229
2461,300
2462,961
2463,791
2464,524
2465,3823
2466,361
2467,210
2468,915
2469,1192
2470,1546
2471,494
2472,1712
2473,226
2474,612
2475,408
2476,686
2477,445
2478,701
2479,965
2480,483
2481,545
2482,14832
2483,329
2484,890
2485,313
2486,4250
2487,617
2488,7038
2489,1128
2490,729
2491,247
2492,394
2493,3308
2494,908
2495,245
2496,2973
2497,397
2498,284
2499,2545
2500,627
2501,1036
2502,1348
2503,262
2504,1074
2505,187
2506,550
2507,406
2508,411
2509,358
2510,1519
2511,409
2512,1438
2513,119
2514,575
2515,1016
2516,232
2517,732
2518,273
2519,1649
2520,640
2521,3982
2522,550
2523,2997
2524,1881
2525,12735
2526,380
2527,1641
2528,1173
2529,766
2530,1251
2531,855
2532,785
2533,331
2534,437
2535,2906
2536,1317
2537,193
2538,375
2539,168
2540,943
2541,2228
2542,338
2543,1438
2544,571
2545,327
2546,495
2547,1650
2548,291
2549,407
2550,1734
2551,522
2552,431
2553,186
2554,666
2555,214
2556,382
2557,560
2558,387
2559,508
2560,809
2561,281
2562,220
2563,348
2564,977
2565,358
2566,688
2567,1009
2568,513
2569,363
2570,319
2571,2710
2572,1424
2573,339
2574,1643
2575,422
2576,3855
2577,562
2578,310
2579,336
2580,904
2581,3810
2582,524
2583,246
2584,645
2585,606
2586,871
2587,989
2588,1162
2589,306
2590,1808
2591,324
2592,499
2593,755
2594,1195
2595,305
2596,342
2597,2324
2598,785
2599,2018
2600,287
2601,814
2602,1438
2603,4857
2604,195
2605,5521
2606,378
2607,490
2608,3039
2609,489
2610,341
2611,975
2612,350
2613,1089
2614,299
2615,196
2616,934
2617,2114
2618,178
2619,297
2620,177
2621,3230
2622,505
2623,364
2624,612
2625,295
2626,4561
2627,1152
2628,699
2629,444
2630,1619
2631,1280
2632,957
2633,2000
2634,300
2635,1233
2636,797
2637,344
2638,918
2639,4273
2640,1132
2641,223
2642,19414
2643,329
2644,586
2645,1006
2646,417
2647,810
2648,207
2649,191
2650,2229
2651,11202
2652,784
2653,5540
2654,746
2655,451
2656,272
2657,939
2658,277
2659,1076
2660,1877
2661,3355
2662,1049
2663,1597
2664,487
2665,518
2666,272
2667,1564
2668,551
2669,716
2670,337
2671,1357
2672,509
2673,810
2674,257
2675,71751
2676,530
2677,2279
2678,647
2679,434
2680,371
2681,794
2682,2335
2683,873
2684,605
2685,2636
2686,5933
2687,317
2688,1987
2689,196
2690,207
2691,1278
2692,2408
2693,649
2694,493
2695,348
2696,508
2697,360
2698,674
2699,745
2700,345
2701,336
2702,5006
2703,361
2704,318
2705,313
2706,1007
2707,7448
2708,627
2709,546
2710,183
2711,4219
2712,463
2713,417
2714,250
2715,224
2716,754
2717,392
2718,1376
2719,2145
2720,638
2721,2030
2722,340
2723,3837
2724,218
2725,2205
2726,423
2727,387
2728,673
2729,342
2730,1494
2731,1358
2732,286
2733,458
2734,393
2735,511
2736,1185
2737,350
2738,374
2739,421
2740,200
2741,410
2742,775
2743,2035
2744,1241
2745,7746
2746,635
2747,449
2748,567
2749,465
2750,1959
2751,757
2752,328
2753,37271
2754,730
2755,1673
2756,498
2757,647
2758,205
2759,363
2760,894
2761,3169
2762,1647
2763,525
2764,568
2765,546
2766,1719
2767,57306
2768,796
2769,483
2770,221
2771,305
2772,285
2773,1726
2774,285
2775,293
2776,2303
2777,442
2778,1064
2779,780
2780,4540
2781,1243
2782,332
2783,770
2784,480
2785,249
2786,874
2787,272
2788,966
2789,1757
2790,4563
2791,569
2792,1132
2793,262
2794,1488
2795,356
2796,1254
2797,266
2798,253
2799,2831
2800,218
2801,526
2802,989
2803,394
2804,226
2805,2084
2806,341
2807,405
2808,647
2809,2963
2810,291
2811,851
2812,1551
2813,184
2814,1164
2815,4375
2816,185
2817,8451
2818,1999
2819,334
2820,3373
2821,620
2822,1894
2823,477
2824,593
2825,2383
2826,269
2827,222
2828,748
2829,1320
2830,408
2831,836
2832,848
2833,116
2834,6552
2835,496
2836,137
2837,3963
2838,1295
2839,679
2840,2049
2841,704
2842,155
2843,1385
2844,775
2845,1048
2846,720
2847,514
2848,491
2849,188
2850,1175
2851,167
2852,984
2853,299
2854,837
2855,227
2856,190
2857,824
2858,929
2859,424
2860,577
2861,519
2862,377
2863,1956
2864,883
2865,926
2866,441
2867,710
2868,411
2869,427
2870,982
2871,2099
2872,1939
2873,479
2874,397
2875,2757
2876,305
2877,243
2878,797
2879,422
2880,1201
2881,650
2882,832
2883,644
2884,2940
2885,591
2886,532
2887,222
2888,1349
2889,3083
2890,661
2891,2906
2892,374
2893,1060
2894,1762
2895,1863
2896,1077
2897,892
2898,4066
2899,393
2900,688
2901,448
2902,614
2903,653
2904,1387
2905,532
2906,3410
2907,4676
2908,197
2909,570
2910,5637
2911,1079
2912,6711
2913,313
2914,780
2915,485
2916,304
2917,2266
2918,346
2919,344
2920,487
2921,277
2922,168
2923,630
2924,316
2925,492
2926,921
2927,190
2928,209
2929,866
2930,1358
2931,809
2932,717
2933,323
2934,885
2935,716
2936,249
2937,272
2938,12907
2939,595
2940,229
2941,1054
2942,284
2943,342
2944,696
2945,280
2946,815
2947,4126
2948,1133
2949,1470
2950,262
2951,3674
2952,196
2953,417
2954,1150
2955,2732
2956,679
2957,256
2958,511
2959,642
2960,112
2961,348
2962,971
2963,977
2964,1548
2965,597
2966,232
2967,1012
2968,524
2969,383
2970,736
2971,617
2972,474
2973,361
2974,3270
2975,418
2976,746
2977,164
2978,886
2979,247
2980,420
2981,22506
2982,552
2983,1890
2984,2219
2985,875
2986,885
2987,6700
2988,1690
2989,1687
2990,1358
2991,295
2992,1431
2993,1146
2994,480
2995,307
2996,765
2997,364
2998,1839
2999,1466
3000,2784
3001,1770
3002,553
3003,2593
3004,410
3005,905
3006,487
3007,283
3008,3575
3009,282
3010,2901
3011,9126
3012,566
3013,1040
3014,519
3015,751
3016,722
3017,660
3018,8444
3019,7262
3020,1169
3021,742
3022,643
3023,381
3024,1290
3025,521
3026,588
3027,659
3028,575
3029,1973
3030,1083
3031,679
3032,194
3033,12768
3034,472
3035,722
3036,18332
3037,1781
3038,6821
3039,276
3040,6927
3041,1118
3042,624
3043,852
3044,1058
3045,1963
3046,303
3047,360
3048,364
3049,885
3050,630
3051,297
3052,98973
3053,1242
3054,231
3055,289
3056,2944
3057,1153
3058,894
3059,704
3060,3236
3061,957
3062,217
3063,437
3064,804
3065,495
3066,182
3067,798
3068,12259
3069,768
3070,1290
3071,332
3072,249
3073,7715
3074,448
3075,354
3076,961
3077,637
3078,693
3079,1873
3080,239
3081,633
3082,633
3083,1597
3084,563
3085,277
3086,3786
3087,2164
3088,9531
3089,4907
3090,607
3091,5909
3092,237
3093,377
3094,732
3095,251
3096,1114
3097,729
3098,1134
3099,238
3100,220
3101,960
3102,639
3103,979
3104,4899
3105,1249
3106,897
3107,1061
3108,2139
3109,315
3110,346
3111,480
3112,308
3113,212
3114,1270
3115,1589
3116,906
3117,381
3118,1221
3119,10077
3120,505
3121,459
3122,252
3123,3695
3124,577
3125,1993
3126,334
3127,603
3128,1696
3129,369
3130,1383
3131,256
3132,607
3133,320
3134,4012
3135,784
3136,3199
3137,589
3138,715
3139,720
3140,336
3141,772
3142,336
3143,687
3144,485
3145,3317
3146,191
3147,1125
3148,384
3149,937
3150,1780
3151,281
3152,636
3153,1592
3154,766
3155,1522
3156,405
3157,621
3158,744
3159,600
3160,223
3161,1118
3162,1205
3163,660
3164,369
3165,357
3166,3854
3167,2017
3168,809
3169,491
3170,998
3171,937
3172,2213
3173,1002
3174,4317
3175,861
3176,678
3177,879
3178,337
3179,196
3180,1055
3181,881
3182,392
3183,416
3184,1343
3185,1036
3186,1334
3187,238
3188,256
3189,1265
3190,322
3191,341
3192,338
3193,665
3194,760
3195,1640
3196,221
3197,523
3198,657
3199,3802
3200,3413
3201,455
3202,552
3203,531
3204,233
3205,7468
3206,390
3207,2025
3208,905
3209,257
3210,2212
3211,508
3212,35121
3213,974
3214,1104
3215,223
3216,1959
3217,566
3218,1070
3219,373
3220,2103
3221,938
3222,1880
3223,421
3224,1359
3225,165
3226,1737
3227,266
3228,755
3229,1050
3230,2278
3231,1692
3232,1681
3233,578
3234,2522
3235,6316
3236,742
3237,2490
3238,354
3239,1531
3240,386
3241,375
3242,408
3243,266
3244,1994
3245,3021
3246,431
3247,472
3248,1298
3249,777
3250,673
3251,965
3252,2329
3253,307
3254,881
3255,316
3256,219
3257,420
3258,959
3259,638
3260,782
3261,345
3262,511
3263,1218
3264,834
3265,1378
3266,408
3267,1348
3268,491
3269,312
3270,1031
3271,261
3272,1591
3273,913
3274,553
3275,195
3276,1415
3277,498
3278,487
3279,169
3280,9041
3281,1560
3282,674
3283,319
3284,319
3285,570
3286,600
3287,357
3288,458
3289,902
3290,2694
3291,1133
3292,790
3293,5589
3294,254
3295,227
3296,1180
3297,790
3298,901
3299,1543
3300,913
3301,1032
3302,676
3303,5654
3304,1861
3305,2246
3306,1901
3307,2019
3308,1248
3309,3696
3310,740
3311,378
3312,1136
3313,641
3314,341
3315,768
3316,4965
3317,655
3318,1123
3319,713
3320,560
3321,396
3322,737
3323,969
3324,808
3325,354
3326,321
3327,350
3328,628
3329,474
3330,698
3331,404
3332,303
3333,480
3334,3625
3335,347
3336,347
3337,1232
3338,1545
3339,598
3340,3111
3341,1245
3342,5986
3343,481
3344,293
3345,713
3346,830
3347,886
3348,471
3349,6411
3350,4702
3351,6231
3352,502
3353,716
3354,1171
3355,21321
3356,1560
3357,6953
3358,791
3359,682
3360,863
3361,812
3362,451
3363,415
3364,199
3365,427
3366,1554
3367,2241
3368,1851
3369,222
3370,1577
3371,317
3372,374
3373,511
3374,236
3375,776
3376,277
3377,2702
3378,5523
3379,328
3380,203
3381,389
3382,666
3383,810
3384,2262
3385,787
3386,397
3387,188
3388,319
3389,841
3390,278
3391,1807
3392,1629
3393,836
3394,277
3395,1038
3396,176
3397,1172
3398,1422
3399,4931
3400,10759
3401,304
3402,1310
3403,240
3404,1707
3405,1599
3406,46737
3407,724
3408,2213
3409,1818
3410,877
3411,4887
3412,361
3413,358
3414,2349
3415,1003
3416,349
3417,368
3418,475
3419,337
3420,639
3421,257
3422,413
3423,1390
3424,831
3425,229
3426,244
3427,927
3428,4181
3429,425
3430,1487
3431,2175
3432,1304
3433,683
3434,239
3435,3862
3436,1759
3437,708
3438,315
3439,4139
3440,642
3441,234
3442,338
3443,996
3444,919
3445,339
3446,359
3447,200
3448,1519
3449,988
3450,504
3451,991
3452,1534
3453,2255
3454,1075
3455,486
3456,1508
3457,403
3458,1340
3459,455
3460,725
3461,330
3462,1336
3463,374
3464,428
3465,1142
3466,392
3467,3601
3468,366
3469,467
3470,7607
3471,284
3472,2617
3473,311
3474,1799
3475,842
3476,198
3477,909
3478,1461
3479,1919
3480,337
3481,407
3482,401
3483,415
3484,298
3485,2096
3486,307
3487,231
3488,971
3489,899
3490,375
3491,5525
3492,999
3493,205
3494,907
3495,620
3496,977
3497,1225
3498,6185
3499,534
3500,274
3501,795
3502,1693
3503,923
3504,686
3505,414
3506,967
3507,353
3508,1172
3509,623
3510,154
3511,933
3512,400
3513,12547
3514,429
3515,301
3516,676
3517,655
3518,616
3519,974
3520,194
3521,364
3522,367
3523,295
3524,594
3525,2967
3526,153
3527,211
3528,331
3529,4428
3530,412
3531,2988
3532,7270
3533,843
3534,1113
3535,2512
3536,58166
3537,167
3538,320
3539,2039
3540,1010
3541,1385
3542,1770
3543,399
3544,508
3545,142
3546,790
3547,607
3548,356
3549,1663
3550,1006
3551,206
3552,393
3553,448
3554,464
3555,654
3556,2533
3557,2560
3558,1180
3559,361
3560,593
3561,1204
3562,1720
3563,941
3564,585
3565,3981
3566,303
3567,1431
3568,860
3569,1599
3570,233
3571,298
3572,313
3573,1955
3574,780
3575,1522
3576,401
3577,808
3578,337
3579,600
3580,2395
3581,13792
3582,265
3583,1148
3584,5742
3585,761
3586,1426
3587,908
3588,250
3589,483
3590,396
3591,376
3592,262
3593,1099
3594,1928
3595,1436
3596,531
3597,868
3598,3739
3599,371
3600,5846
3601,150
3602,440
3603,6234
3604,4020
3605,1048
3606,1068
3607,1034
3608,481
3609,230
3610,776
3611,311
3612,2669
3613,1062
3614,556
3615,301
3616,2000
3617,1139
3618,1007
3619,381
3620,1893
3621,1697
3622,171
3623,2292
3624,449
3625,601
3626,1710
3627,1199
3628,2062
3629,522
3630,4773
3631,480
3632,574
3633,266
3634,856
3635,936
3636,672
3637,8436
3638,755
3639,611
3640,2241
3641,904
3642,455
3643,537
3644,800
3645,409
3646,604
3647,2205
3648,1425
3649,12974
3650,6578
3651,321
3652,342
3653,387
3654,2084
3655,737
3656,3255
3657,2390
3658,408
3659,467
3660,376
3661,576
3662,1619
3663,1976
3664,329
3665,2692
3666,248
3667,252
3668,651
3669,335
3670,289
3671,364
3672,249
3673,2557
3674,319
3675,261
3676,261
3677,1216
3678,735
3679,431
3680,420
3681,1925
3682,2780
3683,1139
3684,1015
3685,774
3686,737
3687,2316
3688,224
3689,559
3690,930
3691,1306
3692,407
3693,1284
3694,164
3695,801
3696,274
3697,364
3698,656
3699,3621
3700,358
3701,1576
3702,324
3703,560
3704,196
3705,183
3706,1434
3707,1538
3708,662
3709,1764
3710,4660
3711,1947
3712,3506
3713,442
3714,834
3715,484
3716,3315
3717,269
3718,1298
3719,3919
3720,395
3721,3611
3722,6726
3723,615
3724,221
3725,1073
3726,63697
3727,3281
3728,152
3729,594
3730,1236
3731,352
3732,1375
3733,243
3734,1940
3735,325
3736,2954
3737,4060
3738,314
3739,659
3740,392
3741,460
3742,2871
3743,1242
3744,1128
3745,304
3746,184
3747,311
3748,730
3749,2898
3750,267
3751,535
3752,389
3753,154
3754,1261
3755,1180
3756,275
3757,4452
3758,561
3759,1766
3760,313
3761,600
3762,455
3763,496
3764,1199
3765,315
3766,652
3767,269
3768,261
3769,671
3770,1222
3771,1565
3772,228
3773,990
3774,272
3775,6266
3776,384
3777,954
3778,583
3779,11353
3780,586
3781,6643
3782,393
3783,2888
3784,902
3785,3429
3786,480
3787,1859
3788,971
3789,791
3790,210
3791,303
3792,2469
3793,511
3794,371
3795,185
3796,2378
3797,4146
3798,3251
3799,1085
3800,835
3801,523
3802,384
3803,751
3804,516
3805,336
3806,419
3807,1296
3808,243
3809,1434
3810,2034
3811,3407
3812,474
3813,462
3814,591
3815,2204
3816,1075
3817,1135
3818,1290
3819,664
3820,239
3821,1313
3822,6133
3823,412
3824,2138
3825,1266
3826,1408
3827,1730
3828,930
3829,2377
3830,418
3831,4029
3832,873
3833,199
3834,995
3835,1678
3836,338
3837,364
3838,539
3839,691
3840,299
3841,740
3842,252
3843,1626
3844,823
3845,500
3846,760
3847,904
3848,5473
3849,208
3850,329
3851,1611
3852,1119
3853,1217
3854,293
3855,261
3856,584
3857,2706
3858,1096
3859,869
3860,1188
3861,814
3862,4699
3863,589
3864,664
3865,303
3866,536
3867,1216
3868,826
3869,1167
3870,153
3871,1351
3872,4599
3873,607
3874,327
3875,4814
3876,2281
3877,254
3878,2847
3879,1305
3880,669
3881,1686
3882,508
3883,613
3884,6146
3885,193
3886,1053
3887,775
3888,333
3889,1482
3890,526
3891,332
3892,233
3893,5792
3894,2379
3895,274
3896,664
3897,14520
3898,556
3899,748
3900,140
3901,617
3902,343
3903,1002
3904,1111
3905,106
3906,1784
3907,2818
3908,285
3909,997
3910,1221
3911,1499
3912,4451
3913,525
3914,364
3915,639
3916,318
3917,763
3918,3019
3919,1838
3920,512
3921,2240
3922,632
3923,1240
3924,392
3925,157
3926,605
3927,1342
3928,300
3929,1319
3930,490
3931,2036
3932,560
3933,952
3934,689
3935,5320
3936,850
3937,1907
3938,639
3939,1095
3940,7107
3941,291
3942,373
3943,473
3944,398
3945,270
3946,3956
3947,539
3948,719
3949,2992
3950,492
3951,10258
3952,211
3953,422
3954,3900
3955,630
3956,763
3957,346
3958,549
3959,9611
3960,180
3961,440
3962,7487
3963,363
3964,474
3965,3657
3966,3619
3967,675
3968,514
3969,346
3970,346
3971,220
3972,9194
3973,1118
3974,1083
3975,2164
3976,303
3977,4138
3978,1796
3979,693
3980,786
3981,1227
3982,368
3983,752
3984,711
3985,211
3986,1491
3987,1955
3988,14308
3989,331
3990,1905
3991,1094
3992,459
3993,196
3994,980
3995,410
3996,454
3997,2691
3998,1218
3999,358
4000,1098
4001,267
4002,4806
4003,928
4004,2120
4005,858
4006,1541
4007,72393
4008,418
4009,3269
4010,821
4011,592
4012,1145
4013,4907
4014,261
4015,247
4016,835
4017,605
4018,251
4019,418
4020,159
4021,1084
4022,320
4023,1676
4024,242
4025,774
4026,7173
4027,1983
4028,1619
4029,479
4030,802
4031,3040
4032,475
4033,3555
4034,676
4035,1616
4036,637
4037,14272
4038,274
4039,1343
4040,487
4041,2200
4042,738
4043,9722
4044,4177
4045,5396
4046,2723
4047,268
4048,4946
4049,4824
4050,632
4051,673
4052,5607
4053,1436
4054,1284
4055,6839
4056,251
4057,490
4058,290
4059,6355
4060,152
4061,2977
4062,6479
4063,575
4064,2037
4065,1678
4066,1503
4067,3543
4068,2866
4069,141
4070,1065
4071,1719
4072,1555
4073,381
4074,978
4075,1919
4076,2295
4077,206
4078,3785
4079,879
4080,608
4081,814
4082,2296
4083,453
4084,2199
4085,2267
4086,197
4087,419
4088,587
4089,411
4090,601
4091,1721
4092,487
4093,343
4094,4809
4095,556
