0,14880
1,14689
2,14333
3,14627
4,14470
5,14649
6,14505
7,14537
8,14606
9,14815
10,14662
11,14460
12,14497
13,14907
14,14591
15,14667
16,14598
17,14581
18,14521
19,14632
20,14786
21,14565
22,14487
23,14787
24,14583
25,14745
26,14821
27,14750
28,14489
29,14679
30,14772
31,14721
32,14473
33,14526
34,14600
35,14714
36,14678
37,14624
38,14500
39,14652
40,14600
41,14566
42,14574
43,14544
44,14571
45,14423
46,14372
47,14522
48,14452
49,14613
50,14811
51,14666
52,14507
53,14533
54,14738
55,14801
56,14475
57,14626
58,14673
59,14670
60,14687
61,14640
62,14824
63,14363
64,14573
65,14774
66,14562
67,14636
68,14619
69,14615
70,14440
71,14611
72,14728
73,14531
74,14294
75,14710
76,14515
77,14519
78,14572
79,14636
80,14722
81,14446
82,14600
83,14686
84,14621
85,14506
86,14833
87,14818
88,14649
89,14606
90,14680
91,14449
92,14837
93,14652
94,14635
95,14574
96,14821
97,14713
98,14586
99,14726
100,14525
101,14537
102,14580
103,14696
104,14578
105,14432
106,14597
107,14739
108,14541
109,14672
110,14745
111,14495
112,14739
113,14661
114,14653
115,14423
116,14493
117,14598
118,14358
119,14672
120,14647
121,14744
122,14625
123,14663
124,14614
125,14696
126,14637
127,14579
128,14504
129,14519
130,14625
131,14636
132,14560
133,14740
134,14596
135,14566
136,14615
137,14579
138,14521
139,14515
140,14540
141,14687
142,14596
143,14606
144,14827
145,14705
146,14445
147,14496
148,14755
149,14634
150,14477
151,14819
152,14558
153,14539
154,14720
155,14496
156,14521
157,14527
158,14535
159,14412
160,14818
161,14624
162,14709
163,14848
164,14769
165,14651
166,14585
167,14641
168,14605
169,14698
170,14461
171,14702
172,14365
173,14540
174,14776
175,14591
176,14613
177,14533
178,14710
179,14862
180,14552
181,14794
182,14685
183,14913
184,14703
185,14469
186,14826
187,14592
188,14630
189,14786
190,14535
191,14607
192,14670
193,14641
194,14509
195,14708
196,14551
197,14818
198,14660
199,14646
200,14832
201,14720
202,14710
203,14624
204,14482
205,14622
206,14662
207,14526
208,14557
209,14820
210,14544
211,14480
212,14611
213,14575
214,14513
215,14785
216,14629
217,14778
218,14455
219,14836
220,14759
221,14701
222,14633
223,14685
224,14472
225,14704
226,14668
227,14745
228,14545
229,14615
230,14486
231,14764
232,14625
233,14522
234,14570
235,14823
236,14621
237,14521
238,14475
239,14684
240,14810
241,14700
242,14617
243,14546
244,14777
245,14792
246,14692
247,14854
248,14479
249,14307
250,14829
251,14555
252,14765
253,14470
254,14627
255,14613
256,14794
257,14723
258,14714
259,14589
260,14589
261,14536
262,14665
263,14793
264,14576
265,14737
266,14614
267,14665
268,14580
269,14677
270,14512
271,14552
272,14526
273,14640
274,14647
275,14689
276,14633
277,14656
278,14526
279,14664
280,14766
281,14426
282,14535
283,14799
284,14514
285,14387
286,14557
287,14633
288,14808
289,14627
290,14521
291,14789
292,14541
293,14755
294,14775
295,14785
296,14761
297,14920
298,14713
299,14472
300,14682
301,14685
302,14657
303,14846
304,14413
305,14404
306,14574
307,14603
308,14608
309,14674
310,14578
311,14635
312,14676
313,14700
314,14634
315,14525
316,14716
317,14654
318,14410
319,14553
320,14815
321,14723
322,14736
323,14664
324,14465
325,14524
326,14732
327,14702
328,14776
329,14566
330,14726
331,14539
332,14588
333,14575
334,14675
335,14405
336,14517
337,14525
338,14619
339,14649
340,14562
341,14568
342,14358
343,14894
344,14746
345,14790
346,14703
347,14556
348,14527
349,14666
350,14646
351,14681
352,14671
353,14701
354,14779
355,14646
356,14753
357,14663
358,14730
359,14623
360,14643
361,14522
362,14745
363,14695
364,14461
365,14659
366,14721
367,14437
368,14600
369,14566
370,14867
371,14678
372,14559
373,14521
374,14369
375,14737
376,14563
377,14781
378,14713
379,14489
380,14610
381,14554
382,14765
383,14550
384,14822
385,14610
386,14545
387,14777
388,14449
389,14588
390,14684
391,14619
392,14491
393,14595
394,14396
395,14680
396,14531
397,14574
398,14552
399,14682
400,14432
401,14878
402,14649
403,14621
404,14734
405,14556
406,14829
407,14625
408,14532
409,14629
410,14717
411,14393
412,14721
413,14764
414,14568
415,14637
416,14800
417,14455
418,14656
419,14692
420,14625
421,14662
422,14488
423,14551
424,14495
425,14472
426,14511
427,14687
428,14615
429,14588
430,14802
431,14927
432,14589
433,14566
434,14546
435,14736
436,14576
437,14612
438,14639
439,14464
440,14465
441,14786
442,14424
443,14648
444,14730
445,14493
446,14811
447,14585
448,14516
449,14698
450,14418
451,14717
452,14425
453,14814
454,14758
455,14815
456,14620
457,14713
458,14876
459,14447
460,14578
461,14510
462,14862
463,14655
464,14391
465,14599
466,14746
467,14608
468,14747
469,14604
470,14497
471,14558
472,14719
473,14703
474,14763
475,14594
476,14669
477,14728
478,14640
479,14690
480,14620
481,14519
482,14719
483,14525
484,14632
485,14436
486,14643
487,14695
488,14764
489,14709
490,14486
491,14766
492,14636
493,14517
494,14596
495,14594
496,14501
497,14527
498,14623
499,14513
500,14567
501,14638
502,14516
503,14455
504,14498
505,14633
506,14487
507,14805
508,14685
509,14721
510,14508
511,14638
512,14607
513,14777
514,14492
515,14549
516,14708
517,14579
518,14583
519,14565
520,14762
521,14500
522,14639
523,14761
524,14701
525,14649
526,14595
527,14825
528,14582
529,14544
530,14490
531,14657
532,14567
533,14638
534,14647
535,14652
536,14750
537,14643
538,14690
539,14600
540,14520
541,14733
542,14519
543,14735
544,14473
545,14617
546,14519
547,14555
548,14540
549,14761
550,14657
551,14503
552,14843
553,14650
554,14812
555,14702
556,14588
557,14465
558,14594
559,14675
560,14730
561,14548
562,14725
563,14592
564,14635
565,14587
566,14694
567,14678
568,14528
569,14384
570,14688
571,14676
572,14651
573,14547
574,14602
575,14640
576,14779
577,14534
578,14684
579,14641
580,14590
581,14686
582,14604
583,14647
584,14478
585,14791
586,14548
587,14690
588,14526
589,14533
590,14631
591,14672
592,14441
593,14706
594,14768
595,14436
596,14558
597,14753
598,14495
599,14729
600,14626
601,14668
602,14637
603,14584
604,14636
605,14630
606,14548
607,14702
608,14550
609,14542
610,14508
611,14822
612,14483
613,14570
614,14575
615,14739
616,14732
617,14635
618,14736
619,14743
620,14653
621,14684
622,14400
623,14453
624,14510
625,14451
626,14734
627,14701
628,14634
629,14645
630,14530
631,14396
632,14792
633,14443
634,14667
635,14540
636,14578
637,14723
638,14418
639,14748
640,14468
641,14643
642,14334
643,14625
644,14554
645,14569
646,14652
647,14797
648,14626
649,14764
650,14770
651,14515
652,14635
653,14685
654,14701
655,14629
656,14622
657,14871
658,14442
659,14537
660,14717
661,14678
662,14393
663,14466
664,14746
665,14566
666,14522
667,14748
668,14628
669,14446
670,14612
671,14746
672,14519
673,14784
674,14366
675,14577
676,14565
677,14532
678,14699
679,14684
680,14458
681,14636
682,14743
683,14504
684,14508
685,14607
686,14634
687,14460
688,14562
689,14653
690,14208
691,14564
692,14482
693,14498
694,14706
695,14514
696,14581
697,14494
698,14568
699,14729
700,14555
701,14586
702,14629
703,14698
704,14719
705,14704
706,14719
707,14647
708,14765
709,14667
710,14675
711,14652
712,14765
713,14755
714,14526
715,14741
716,14687
717,14482
718,14594
719,14848
720,14468
721,14889
722,14493
723,14633
724,14782
725,14664
726,14608
727,14588
728,14563
729,14560
730,14482
731,14578
732,14580
733,14525
734,14549
735,14812
736,14889
737,14566
738,14611
739,14902
740,14653
741,14576
742,14719
743,14747
744,14758
745,14630
746,14625
747,14539
748,14691
749,14917
750,14514
751,14777
752,14579
753,14622
754,14585
755,14712
756,14621
757,14524
758,14662
759,14670
760,14617
761,14544
762,14761
763,14693
764,14761
765,14484
766,14580
767,14607
768,14661
769,14508
770,14550
771,14418
772,14621
773,14685
774,14897
775,14558
776,14857
777,14792
778,14242
779,14646
780,14662
781,14641
782,14685
783,14643
784,14644
785,14676
786,14581
787,14540
788,14638
789,14648
790,14784
791,14696
792,14627
793,14462
794,14733
795,14422
796,14724
797,14684
798,14574
799,14703
800,14474
801,14555
802,14412
803,14596
804,14580
805,14857
806,14672
807,14731
808,14354
809,14906
810,14726
811,14657
812,14553
813,14559
814,14543
815,14603
816,14578
817,14680
818,14474
819,14732
820,14735
821,14406
822,14546
823,14641
824,14640
825,14499
826,14488
827,14586
828,14512
829,14421
830,14601
831,14698
832,14553
833,14556
834,14597
835,14651
836,14537
837,14524
838,14611
839,14758
840,14478
841,14636
842,14634
843,14671
844,14522
845,14736
846,14937
847,14567
848,14663
849,14625
850,14593
851,14587
852,14584
853,14662
854,14622
855,14827
856,14518
857,14778
858,14828
859,14777
860,14582
861,14725
862,14365
863,14620
864,14618
865,14845
866,14756
867,14525
868,14590
869,14490
870,14653
871,14622
872,14537
873,14552
874,14546
875,14549
876,14614
877,14781
878,14622
879,14673
880,14576
881,14637
882,14828
883,14682
884,14893
885,14542
886,14648
887,14534
888,14483
889,14717
890,14723
891,14530
892,14576
893,14668
894,14600
895,14605
896,14707
897,14864
898,14639
899,14591
900,14496
901,14557
902,14395
903,14745
904,14718
905,14754
906,14705
907,14584
908,14384
909,14535
910,14690
911,14747
912,14636
913,14768
914,14755
915,14613
916,14819
917,14693
918,14654
919,14549
920,14522
921,14615
922,14683
923,14712
924,14717
925,14648
926,14607
927,14698
928,14680
929,14524
930,14721
931,14623
932,14595
933,14355
934,14504
935,14719
936,14741
937,14445
938,14632
939,14470
940,14749
941,14695
942,14606
943,14581
944,14537
945,14583
946,14645
947,14783
948,14579
949,14512
950,14808
951,14559
952,14797
953,14578
954,14697
955,14672
956,14379
957,14704
958,14631
959,14580
960,14730
961,14650
962,14621
963,14753
964,14520
965,14441
966,14583
967,15012
968,14542
969,14672
970,14610
971,14630
972,14432
973,14479
974,14559
975,14771
976,14623
977,14587
978,14804
979,14444
980,14795
981,14508
982,14884
983,14581
984,14548
985,14482
986,14560
987,14620
988,14728
989,14487
990,14477
991,14522
992,14708
993,14528
994,14591
995,14624
996,14632
997,14551
998,14569
999,14597
1000,14685
1001,14550
1002,14639
1003,14735
1004,14623
1005,14838
1006,14667
1007,14369
1008,14553
1009,14414
1010,14467
1011,14865
1012,14693
1013,14670
1014,14682
1015,14677
1016,14850
1017,14672
1018,14576
1019,14543
1020,14516
1021,14684
1022,14810
1023,14729
1024,14596
1025,14796
1026,14787
1027,14398
1028,14533
1029,14828
1030,14601
1031,14458
1032,14782
1033,14783
1034,14641
1035,14415
1036,14555
1037,14844
1038,14587
1039,14685
1040,14643
1041,14481
1042,14646
1043,14695
1044,14394
1045,14527
1046,14534
1047,14387
1048,14391
1049,14733
1050,14612
1051,14673
1052,14646
1053,14628
1054,14502
1055,14693
1056,14579
1057,14706
1058,14668
1059,14791
1060,14700
1061,14422
1062,14576
1063,14582
1064,14915
1065,14657
1066,14588
1067,14845
1068,14590
1069,14674
1070,14677
1071,14661
1072,14644
1073,14727
1074,14481
1075,14627
1076,14522
1077,14784
1078,14715
1079,14683
1080,14637
1081,14604
1082,14500
1083,14701
1084,14858
1085,14726
1086,14748
1087,14481
1088,14552
1089,14605
1090,14842
1091,14608
1092,14847
1093,14460
1094,14620
1095,14653
1096,14808
1097,14593
1098,14711
1099,14459
1100,14536
1101,14553
1102,14584
1103,14664
1104,14593
1105,14609
1106,14742
1107,14518
1108,14541
1109,14415
1110,14465
1111,14640
1112,14763
1113,14557
1114,14596
1115,14867
1116,14467
1117,14776
1118,14593
1119,14694
1120,14719
1121,14762
1122,14691
1123,14530
1124,14555
1125,14668
1126,14715
1127,14566
1128,14426
1129,14693
1130,14409
1131,14581
1132,14609
1133,14722
1134,14370
1135,14811
1136,14782
1137,14648
1138,14641
1139,14654
1140,14724
1141,14814
1142,14567
1143,14354
1144,14866
1145,14532
1146,14572
1147,14638
1148,14658
1149,14665
1150,14530
1151,14711
1152,14951
1153,14470
1154,14518
1155,14369
1156,14818
1157,14604
1158,14501
1159,14738
1160,14582
1161,14555
1162,14551
1163,14648
1164,14738
1165,14619
1166,14548
1167,14606
1168,14641
1169,14760
1170,14616
1171,14663
1172,14632
1173,14449
1174,14634
1175,14623
1176,14693
1177,14810
1178,14476
1179,14492
1180,14627
1181,14835
1182,14631
1183,14742
1184,14606
1185,14659
1186,14491
1187,14709
1188,14644
1189,14675
1190,14709
1191,14533
1192,14682
1193,14529
1194,14495
1195,14405
1196,14537
1197,14636
1198,14779
1199,14693
1200,14720
1201,14479
1202,14673
1203,14640
1204,14627
1205,14499
1206,14490
1207,14698
1208,14689
1209,14723
1210,14623
1211,14766
1212,14625
1213,14798
1214,14663
1215,14477
1216,14574
1217,14432
1218,14557
1219,14521
1220,14476
1221,14757
1222,14591
1223,14393
1224,14745
1225,14671
1226,14792
1227,14662
1228,14653
1229,14491
1230,14668
1231,14606
1232,14608
1233,14485
1234,14725
1235,14532
1236,14590
1237,14531
1238,14573
1239,14651
1240,14684
1241,14614
1242,14597
1243,14624
1244,14449
1245,14633
1246,14661
1247,14817
1248,14703
1249,14870
1250,14777
1251,14402
1252,14669
1253,14674
1254,14741
1255,14657
1256,14444
1257,14353
1258,14604
1259,14694
1260,14621
1261,14664
1262,14751
1263,14516
1264,14588
1265,14620
1266,14516
1267,14698
1268,14709
1269,14579
1270,14519
1271,14662
1272,14834
1273,14464
1274,14740
1275,14585
1276,14537
1277,14711
1278,14700
1279,14416
1280,14711
1281,14633
1282,14785
1283,14660
1284,14735
1285,14639
1286,14489
1287,14350
1288,14829
1289,14542
1290,14837
1291,14844
1292,14687
1293,14775
1294,14627
1295,14552
1296,14532
1297,14633
1298,14626
1299,14672
1300,14518
1301,14601
1302,14719
1303,14454
1304,14669
1305,14712
1306,14674
1307,14671
1308,14921
1309,14631
1310,14297
1311,14612
1312,14566
1313,14603
1314,14670
1315,14724
1316,14713
1317,14533
1318,14613
1319,14620
1320,14542
1321,14635
1322,14805
1323,14710
1324,14718
1325,14599
1326,14580
1327,14384
1328,14626
1329,14602
1330,14681
1331,14597
1332,14552
1333,14508
1334,14511
1335,14562
1336,14743
1337,14810
1338,14557
1339,14801
1340,14618
1341,14602
1342,14798
1343,14629
1344,14676
1345,14450
1346,14569
1347,14605
1348,14776
1349,14507
1350,14638
1351,14568
1352,14659
1353,14637
1354,14651
1355,14643
1356,14638
1357,14539
1358,14585
1359,14670
1360,14694
1361,14608
1362,14789
1363,14730
1364,14712
1365,14543
1366,14589
1367,14556
1368,14696
1369,14679
1370,14579
1371,14810
1372,14585
1373,14550
1374,14680
1375,14463
1376,14358
1377,14684
1378,14699
1379,14454
1380,14661
1381,14575
1382,14569
1383,14477
1384,14579
1385,14665
1386,14553
1387,14542
1388,14642
1389,14510
1390,14818
1391,14753
1392,14634
1393,14584
1394,14515
1395,14692
1396,14739
1397,14581
1398,14560
1399,14648
1400,14593
1401,14627
1402,14610
1403,14689
1404,14548
1405,14837
1406,14835
1407,14478
1408,14518
1409,14865
1410,14739
1411,14473
1412,14704
1413,14649
1414,14616
1415,14769
1416,14610
1417,14719
1418,14660
1419,14693
1420,14461
1421,14360
1422,14607
1423,14522
1424,14801
1425,14417
1426,14517
1427,14700
1428,14550
1429,14512
1430,14732
1431,14576
1432,14595
1433,14664
1434,14814
1435,14471
1436,14867
1437,14717
1438,14862
1439,14692
1440,14660
1441,14815
1442,14728
1443,14794
1444,14679
1445,14634
1446,14436
1447,14737
1448,14771
1449,14785
1450,14640
1451,14739
1452,14797
1453,14819
1454,14664
1455,14788
1456,14653
1457,14748
1458,14721
1459,14483
1460,14533
1461,14701
1462,14520
1463,14591
1464,14522
1465,14654
1466,14529
1467,14684
1468,14857
1469,14626
1470,14777
1471,14747
1472,14606
1473,14649
1474,14770
1475,14760
1476,14468
1477,14547
1478,14617
1479,14810
1480,14638
1481,14527
1482,14569
1483,14427
1484,14631
1485,14561
1486,14631
1487,14601
1488,14475
1489,14796
1490,14698
1491,14553
1492,14488
1493,14767
1494,14309
1495,14522
1496,14474
1497,14698
1498,14619
1499,14577
1500,14737
1501,14554
1502,14559
1503,14600
1504,14650
1505,14618
1506,14612
1507,14686
1508,14603
1509,14608
1510,14490
1511,14729
1512,14560
1513,14559
1514,14523
1515,14573
1516,14728
1517,14565
1518,14612
1519,14647
1520,14638
1521,14512
1522,14642
1523,14555
1524,14699
1525,14731
1526,14427
1527,14493
1528,14548
1529,14607
1530,14687
1531,14482
1532,14738
1533,14720
1534,14583
1535,14440
1536,14585
1537,14620
1538,14463
1539,14720
1540,14734
1541,14544
1542,14617
1543,14561
1544,14875
1545,14686
1546,14366
1547,14513
1548,14517
1549,14593
1550,14540
1551,14560
1552,14618
1553,14481
1554,14676
1555,14877
1556,14598
1557,14327
1558,14866
1559,14695
1560,14505
1561,14583
1562,14692
1563,14461
1564,14559
1565,14598
1566,14905
1567,14638
1568,14528
1569,14722
1570,14511
1571,14673
1572,14448
1573,14668
1574,14605
1575,14505
1576,14676
1577,14495
1578,14831
1579,14737
1580,14546
1581,14622
1582,14606
1583,14509
1584,14639
1585,14854
1586,14543
1587,14411
1588,14748
1589,14741
1590,14701
1591,14484
1592,14822
1593,14860
1594,14675
1595,14746
1596,14877
1597,14731
1598,14662
1599,14606
1600,14600
1601,14462
1602,14588
1603,14740
1604,14918
1605,14559
1606,14492
1607,14638
1608,14687
1609,14641
1610,14712
1611,14657
1612,14943
1613,14705
1614,14658
1615,14772
1616,14559
1617,14480
1618,14443
1619,14594
1620,14543
1621,14764
1622,14689
1623,14582
1624,14540
1625,14517
1626,14418
1627,14563
1628,14758
1629,14507
1630,14732
1631,14521
1632,14368
1633,14564
1634,14514
1635,14723
1636,14692
1637,14727
1638,14739
1639,14756
1640,14660
1641,14662
1642,14660
1643,14731
1644,14592
1645,14733
1646,14467
1647,14505
1648,14508
1649,14758
1650,14797
1651,14702
1652,14610
1653,14903
1654,14482
1655,14877
1656,14437
1657,14501
1658,14597
1659,14493
1660,14763
1661,14580
1662,14802
1663,14541
1664,14782
1665,14631
1666,14490
1667,14723
1668,14747
1669,14631
1670,14662
1671,14890
1672,14492
1673,14571
1674,14744
1675,14460
1676,14753
1677,14615
1678,14595
1679,14600
1680,14485
1681,14288
1682,14765
1683,14695
1684,14685
1685,14582
1686,14605
1687,14634
1688,14446
1689,14739
1690,14492
1691,14516
1692,14747
1693,14695
1694,14707
1695,14667
1696,14698
1697,14822
1698,14615
1699,14492
1700,14491
1701,14496
1702,14831
1703,14618
1704,14506
1705,14512
1706,14657
1707,14555
1708,14631
1709,14581
1710,14570
1711,14484
1712,14511
1713,14567
1714,14712
1715,14582
1716,14784
1717,14701
1718,14503
1719,14444
1720,14741
1721,14483
1722,14799
1723,14633
1724,14487
1725,14502
1726,14718
1727,14821
1728,14571
1729,14530
1730,14537
1731,14861
1732,14726
1733,14752
1734,14620
1735,14729
1736,14832
1737,14664
1738,14511
1739,14712
1740,14702
1741,14656
1742,14760
1743,14373
1744,14455
1745,14499
1746,14627
1747,14717
1748,14540
1749,14695
1750,14671
1751,14491
1752,14478
1753,14852
1754,14755
1755,14473
1756,14517
1757,14672
1758,14815
1759,14703
1760,14562
1761,14780
1762,14563
1763,14824
1764,14582
1765,14427
1766,14606
1767,14474
1768,14490
1769,14453
1770,14521
1771,14705
1772,14539
1773,14519
1774,14636
1775,14560
1776,14467
1777,14742
1778,14681
1779,14713
1780,14577
1781,14596
1782,14556
1783,14453
1784,14566
1785,14609
1786,14669
1787,14562
1788,14865
1789,14871
1790,14782
1791,14779
1792,14699
1793,14520
1794,14393
1795,14683
1796,14665
1797,14549
1798,14822
1799,14381
1800,14684
1801,14655
1802,14448
1803,14529
1804,14631
1805,14644
1806,14671
1807,14412
1808,14422
1809,14625
1810,14607
1811,14765
1812,14346
1813,14646
1814,14677
1815,14775
1816,14722
1817,14678
1818,14700
1819,14441
1820,14640
1821,14831
1822,14560
1823,14698
1824,14671
1825,14732
1826,14558
1827,14741
1828,14635
1829,14626
1830,14858
1831,14639
1832,14540
1833,14522
1834,14744
1835,14620
1836,14644
1837,14575
1838,14862
1839,14402
1840,14603
1841,14577
1842,14553
1843,14759
1844,14714
1845,14882
1846,14714
1847,14815
1848,14484
1849,14845
1850,14663
1851,14695
1852,14670
1853,14521
1854,14649
1855,14657
1856,14624
1857,14552
1858,14594
1859,14518
1860,14357
1861,14540
1862,14691
1863,14562
1864,14573
1865,14517
1866,14434
1867,14591
1868,14667
1869,14619
1870,14464
1871,14483
1872,14580
1873,14725
1874,14451
1875,14415
1876,14599
1877,14782
1878,14729
1879,14584
1880,14660
1881,14483
1882,14455
1883,14665
1884,14652
1885,14485
1886,14560
1887,14690
1888,14675
1889,14608
1890,14784
1891,14674
1892,14565
1893,14744
1894,14594
1895,14784
1896,14601
1897,14431
1898,14567
1899,14829
1900,14561
1901,14563
1902,14585
1903,14414
1904,14606
1905,14575
1906,14831
1907,14815
1908,14664
1909,14841
1910,14683
1911,14797
1912,14582
1913,14684
1914,14615
1915,14581
1916,14610
1917,14484
1918,14570
1919,14473
1920,14483
1921,14576
1922,14735
1923,14727
1924,14723
1925,14679
1926,14530
1927,14704
1928,14619
1929,14506
1930,14693
1931,14548
1932,14853
1933,14562
1934,14460
1935,14460
1936,14754
1937,14432
1938,14650
1939,14487
1940,14600
1941,14576
1942,14749
1943,14560
1944,14657
1945,14785
1946,14536
1947,14637
1948,14388
1949,14562
1950,14499
1951,14529
1952,14685
1953,14547
1954,14600
1955,14713
1956,14448
1957,14475
1958,14563
1959,14691
1960,14549
1961,14754
1962,14707
1963,14445
1964,14455
1965,14715
1966,14711
1967,14755
1968,14189
1969,14449
1970,14520
1971,14715
1972,14503
1973,14579
1974,14665
1975,14654
1976,14594
1977,14628
1978,14895
1979,14620
1980,14567
1981,14627
1982,14808
1983,14634
1984,14631
1985,14611
1986,14605
1987,14905
1988,14717
1989,14627
1990,14508
1991,14858
1992,14550
1993,14850
1994,14508
1995,14697
1996,14668
1997,14409
1998,14754
1999,14547
2000,14534
2001,14706
2002,14673
2003,14843
2004,14701
2005,14790
2006,14725
2007,14627
2008,14428
2009,14595
2010,14575
2011,14537
2012,14698
2013,14556
2014,14714
2015,14755
2016,14788
2017,14524
2018,14434
2019,14694
2020,14469
2021,14854
2022,14504
2023,14508
2024,14558
2025,14692
2026,14552
2027,14651
2028,14610
2029,14697
2030,14581
2031,14653
2032,14701
2033,14712
2034,14491
2035,14739
2036,14557
2037,14669
2038,14996
2039,14565
2040,14682
2041,14443
2042,14581
2043,14869
2044,14834
2045,14635
2046,14633
2047,14571
2048,14603
2049,14593
2050,14536
2051,14812
2052,14574
2053,14529
2054,14613
2055,14693
2056,14612
2057,14765
2058,14856
2059,14599
2060,14480
2061,14753
2062,14473
2063,14515
2064,14684
2065,14549
2066,14751
2067,14831
2068,14486
2069,14627
2070,14306
2071,14699
2072,14488
2073,14443
2074,14635
2075,14601
2076,14630
2077,14896
2078,14379
2079,14880
2080,14713
2081,14587
2082,14816
2083,14581
2084,14634
2085,14705
2086,14628
2087,14397
2088,14640
2089,14635
2090,14632
2091,14621
2092,14636
2093,14568
2094,14906
2095,14840
2096,14575
2097,14436
2098,14838
2099,14457
2100,14652
2101,14425
2102,14280
2103,14539
2104,14782
2105,14642
2106,14622
2107,14539
2108,14720
2109,14427
2110,14649
2111,14713
2112,14594
2113,14571
2114,14473
2115,14613
2116,14473
2117,14534
2118,14709
2119,14688
2120,14622
2121,14451
2122,14751
2123,14544
2124,14424
2125,14460
2126,14884
2127,14550
2128,14703
2129,14806
2130,14533
2131,14701
2132,14702
2133,14780
2134,14804
2135,14507
2136,14514
2137,14704
2138,14538
2139,14700
2140,14704
2141,14575
2142,14607
2143,14732
2144,14626
2145,14651
2146,14554
2147,14492
2148,14845
2149,14635
2150,14610
2151,14763
2152,14597
2153,14577
2154,14718
2155,14517
2156,14762
2157,14838
2158,14642
2159,14490
2160,14736
2161,14619
2162,14560
2163,14578
2164,14445
2165,14444
2166,14531
2167,14704
2168,14428
2169,14903
2170,14713
2171,14457
2172,14519
2173,14641
2174,14562
2175,14492
2176,14571
2177,14725
2178,14610
2179,14614
2180,14468
2181,14717
2182,14372
2183,14792
2184,14479
2185,14673
2186,14596
2187,14725
2188,14743
2189,14579
2190,14865
2191,14859
2192,14546
2193,14463
2194,14465
2195,14619
2196,14772
2197,14732
2198,14716
2199,14704
2200,14691
2201,14698
2202,14290
2203,14459
2204,14607
2205,14532
2206,14333
2207,14585
2208,14725
2209,14714
2210,14678
2211,14608
2212,14623
2213,14533
2214,14443
2215,14583
2216,14769
2217,14600
2218,14481
2219,14733
2220,14668
2221,14704
2222,14733
2223,14678
2224,14513
2225,14758
2226,14692
2227,14446
2228,14644
2229,14619
2230,14631
2231,14595
2232,14718
2233,14553
2234,14568
2235,14700
2236,14643
2237,14725
2238,14685
2239,14507
2240,14671
2241,14714
2242,14413
2243,14734
2244,14597
2245,14557
2246,14801
2247,14438
2248,14693
2249,14574
2250,14674
2251,14550
2252,14691
2253,14520
2254,14491
2255,14565
2256,14480
2257,14686
2258,14510
2259,14523
2260,14549
2261,14671
2262,14497
2263,14579
2264,14710
2265,14514
2266,14681
2267,14653
2268,14495
2269,14646
2270,14833
2271,14826
2272,14459
2273,14602
2274,14647
2275,14756
2276,14659
2277,14528
2278,14676
2279,14468
2280,14735
2281,14618
2282,14809
2283,14633
2284,14558
2285,14508
2286,14471
2287,14767
2288,14647
2289,14680
2290,14613
2291,14620
2292,14498
2293,14878
2294,14849
2295,14553
2296,14703
2297,14602
2298,14426
2299,14710
2300,14538
2301,14605
2302,14684
2303,14743
2304,14602
2305,14644
2306,14460
2307,14896
2308,14612
2309,14678
2310,14600
2311,14633
2312,14824
2313,14506
2314,14575
2315,14477
2316,14499
2317,14414
2318,14582
2319,14618
2320,14492
2321,14503
2322,14733
2323,14632
2324,14704
2325,14688
2326,14662
2327,14662
2328,14501
2329,14610
2330,14680
2331,14699
2332,14377
2333,14534
2334,14797
2335,14686
2336,14710
2337,14620
2338,14587
2339,14715
2340,14732
2341,14625
2342,14619
2343,14521
2344,14553
2345,14673
2346,14631
2347,14659
2348,14736
2349,14692
2350,14770
2351,14733
2352,14466
2353,14701
2354,14520
2355,14580
2356,14429
2357,14544
2358,14895
2359,14383
2360,14501
2361,14366
2362,14671
2363,14615
2364,14579
2365,14615
2366,14648
2367,14727
2368,14758
2369,14709
2370,14449
2371,14886
2372,14516
2373,14520
2374,14715
2375,14601
2376,14671
2377,14819
2378,14552
2379,14705
2380,14660
2381,14718
2382,14584
2383,14680
2384,14729
2385,14683
2386,14539
2387,14332
2388,14798
2389,14843
2390,14523
2391,14531
2392,14380
2393,14728
2394,14785
2395,14726
2396,14638
2397,14624
2398,14711
2399,14604
2400,14736
2401,14541
2402,14595
2403,14592
2404,14834
2405,14621
2406,14381
2407,14669
2408,14414
2409,14847
2410,14559
2411,14712
2412,14662
2413,14612
2414,14690
2415,14681
2416,14497
2417,14721
2418,14765
2419,14721
2420,14677
2421,14465
2422,14616
2423,14614
2424,14757
2425,14768
2426,14699
2427,14598
2428,14545
2429,14545
2430,14619
2431,14424
2432,14388
2433,14605
2434,14608
2435,14658
2436,14514
2437,14627
2438,14778
2439,14613
2440,14441
2441,14566
2442,14434
2443,14833
2444,14564
2445,14492
2446,14626
2447,14621
2448,14641
2449,14685
2450,14636
2451,14481
2452,14668
2453,14829
2454,14655
2455,14476
2456,14727
2457,14701
2458,14491
2459,14720
2460,14581
2461,14512
2462,14446
2463,14568
2464,14435
2465,14570
2466,14792
2467,14653
2468,14580
2469,14637
2470,14372
2471,14510
2472,14768
2473,14826
2474,14423
2475,14771
2476,14447
2477,14472
2478,14601
2479,14660
2480,14609
2481,14475
2482,14615
2483,14603
2484,14580
2485,14746
2486,14529
2487,14665
2488,14517
2489,14584
2490,14764
2491,14741
2492,14509
2493,14707
2494,14548
2495,14568
2496,14629
2497,14636
2498,14740
2499,14630
2500,14646
2501,14815
2502,14542
2503,14665
2504,14677
2505,14560
2506,14647
2507,14760
2508,14871
2509,14681
2510,14435
2511,14735
2512,14824
2513,14195
2514,14521
2515,14614
2516,14623
2517,14793
2518,14595
2519,14726
2520,14826
2521,14476
2522,14623
2523,14552
2524,14626
2525,14711
2526,14964
2527,14760
2528,14577
2529,14523
2530,14570
2531,14765
2532,14497
2533,14392
2534,14629
2535,14778
2536,14418
2537,14675
2538,14446
2539,14487
2540,14718
2541,14609
2542,14640
2543,14904
2544,14527
2545,14489
2546,14731
2547,14724
2548,14699
2549,14670
2550,14572
2551,14532
2552,14595
2553,14514
2554,14685
2555,14566
2556,14827
2557,14609
2558,14658
2559,14652
2560,14771
2561,14489
2562,14667
2563,14507
2564,14404
2565,14535
2566,14627
2567,14886
2568,14557
2569,14656
2570,14697
2571,14573
2572,14907
2573,14488
2574,14554
2575,14568
2576,14630
2577,14680
2578,14484
2579,14560
2580,14616
2581,14513
2582,14569
2583,14657
2584,14533
2585,14688
2586,14703
2587,14722
2588,14567
2589,14625
2590,14588
2591,14658
2592,14563
2593,14749
2594,14610
2595,14507
2596,14529
2597,14641
2598,14580
2599,14339
2600,14699
2601,14750
2602,14594
2603,14610
2604,14590
2605,14825
2606,14676
2607,14712
2608,14530
2609,14667
2610,14551
2611,14504
2612,14582
2613,14665
2614,14633
2615,14723
2616,14618
2617,14688
2618,14852
2619,14656
2620,14429
2621,14595
2622,14758
2623,14450
2624,14581
2625,14569
2626,14608
2627,14502
2628,14717
2629,14667
2630,14735
2631,14406
2632,14492
2633,14510
2634,14568
2635,14795
2636,14857
2637,14575
2638,14477
2639,14542
2640,14706
2641,14426
2642,14714
2643,14655
2644,14436
2645,14709
2646,14610
2647,14529
2648,14546
2649,14583
2650,14507
2651,14824
2652,14663
2653,14623
2654,14684
2655,14527
2656,14794
2657,14501
2658,14537
2659,14863
2660,14841
2661,14649
2662,14653
2663,14466
2664,14561
2665,14613
2666,14750
2667,14666
2668,14596
2669,14812
2670,14676
2671,14528
2672,14691
2673,14666
2674,14678
2675,14716
2676,14657
2677,14523
2678,14545
2679,14561
2680,14535
2681,14472
2682,14632
2683,14556
2684,14743
2685,14474
2686,14653
2687,14595
2688,14760
2689,14553
2690,14383
2691,14815
2692,14573
2693,14627
2694,14765
2695,14383
2696,14570
2697,14535
2698,14741
2699,14777
2700,14644
2701,14360
2702,14547
2703,14578
2704,14514
2705,14694
2706,14835
2707,14762
2708,14813
2709,14669
2710,14331
2711,14491
2712,14555
2713,14715
2714,14514
2715,14612
2716,14469
2717,14664
2718,14514
2719,14644
2720,14456
2721,14665
2722,14608
2723,14711
2724,14543
2725,14487
2726,14754
2727,14699
2728,14558
2729,14597
2730,14701
2731,14666
2732,14602
2733,14868
2734,14633
2735,14522
2736,14786
2737,14739
2738,14488
2739,14492
2740,14683
2741,14640
2742,14579
2743,14706
2744,14600
2745,14370
2746,14781
2747,14525
2748,14574
2749,14751
2750,14678
2751,14764
2752,14587
2753,14732
2754,14199
2755,14514
2756,14503
2757,14696
2758,14479
2759,14425
2760,14569
2761,14820
2762,14591
2763,14646
2764,14739
2765,14575
2766,14588
2767,14458
2768,14669
2769,14653
2770,14682
2771,14529
2772,14659
2773,14688
2774,14461
2775,14786
2776,14710
2777,14502
2778,14584
2779,14412
2780,14632
2781,14524
2782,14667
2783,14516
2784,14606
2785,14738
2786,14582
2787,14691
2788,14537
2789,14670
2790,14482
2791,14533
2792,14564
2793,14687
2794,14597
2795,14621
2796,14582
2797,14681
2798,14540
2799,14452
2800,14407
2801,14595
2802,14780
2803,14541
2804,14660
2805,14620
2806,14538
2807,14823
2808,14714
2809,14517
2810,14555
2811,14543
2812,14344
2813,14834
2814,14723
2815,14648
2816,14662
2817,14841
2818,14473
2819,14677
2820,14786
2821,14573
2822,14441
2823,14541
2824,14786
2825,14709
2826,14553
2827,14405
2828,14711
2829,14606
2830,14702
2831,14572
2832,14564
2833,14649
2834,14592
2835,14690
2836,14740
2837,14582
2838,14617
2839,14472
2840,14819
2841,14676
2842,14582
2843,14681
2844,14724
2845,14596
2846,14564
2847,14528
2848,14663
2849,14792
2850,14552
2851,14436
2852,14715
2853,14726
2854,14484
2855,14715
2856,14827
2857,14495
2858,14565
2859,14704
2860,14591
2861,14500
2862,14613
2863,14818
2864,14327
2865,14665
2866,14579
2867,14791
2868,14744
2869,14736
2870,14595
2871,14641
2872,14486
2873,14691
2874,14682
2875,14694
2876,14529
2877,14791
2878,14778
2879,14664
2880,14477
2881,14679
2882,14704
2883,14534
2884,14652
2885,14570
2886,14488
2887,14642
2888,14850
2889,14611
2890,14604
2891,14640
2892,14599
2893,14772
2894,14868
2895,14631
2896,14554
2897,14469
2898,14668
2899,14592
2900,14730
2901,14547
2902,14726
2903,14456
2904,14604
2905,14457
2906,14557
2907,14825
2908,14746
2909,14780
2910,14619
2911,14553
2912,14574
2913,14774
2914,14696
2915,14761
2916,14781
2917,14628
2918,14674
2919,14603
2920,14552
2921,14756
2922,14564
2923,14586
2924,14599
2925,14713
2926,14509
2927,14550
2928,14698
2929,14563
2930,14592
2931,14754
2932,14628
2933,14735
2934,14431
2935,14706
2936,14743
2937,14747
2938,14886
2939,14637
2940,14574
2941,14563
2942,14730
2943,14694
2944,14702
2945,14785
2946,14829
2947,14792
2948,14507
2949,14538
2950,14557
2951,14449
2952,14617
2953,14803
2954,14700
2955,14426
2956,14513
2957,14707
2958,14855
2959,14548
2960,14624
2961,14610
2962,14692
2963,14737
2964,14632
2965,14414
2966,14564
2967,14368
2968,14731
2969,14448
2970,14648
2971,14713
2972,14547
2973,14632
2974,14636
2975,14705
2976,14621
2977,14817
2978,14832
2979,14673
2980,14967
2981,14796
2982,14345
2983,14565
2984,14587
2985,14702
2986,14670
2987,14513
2988,14587
2989,14503
2990,14702
2991,14848
2992,14658
2993,14584
2994,14477
2995,14569
2996,14761
2997,14685
2998,14619
2999,14680
3000,14740
3001,14408
3002,14731
3003,14766
3004,14645
3005,14625
3006,14524
3007,14579
3008,14622
3009,14654
3010,14651
3011,14413
3012,14688
3013,14531
3014,14613
3015,14742
3016,14360
3017,14605
3018,14699
3019,14568
3020,14691
3021,14680
3022,14695
3023,14497
3024,14806
3025,14694
3026,14705
3027,14883
3028,14589
3029,14550
3030,14404
3031,14446
3032,14658
3033,14568
3034,14496
3035,14799
3036,14363
3037,14545
3038,14503
3039,14635
3040,14580
3041,14339
3042,14711
3043,14809
3044,14468
3045,14842
3046,14706
3047,14539
3048,14857
3049,14790
3050,14862
3051,14703
3052,14657
3053,14471
3054,14599
3055,14562
3056,14516
3057,14642
3058,14409
3059,14658
3060,14837
3061,14562
3062,14653
3063,14824
3064,14637
3065,14560
3066,14631
3067,14566
3068,14274
3069,14819
3070,14592
3071,14549
3072,14582
3073,14629
3074,14572
3075,14821
3076,14755
3077,14748
3078,14677
3079,14789
3080,14385
3081,14828
3082,14541
3083,14473
3084,14507
3085,14544
3086,14553
3087,14751
3088,14514
3089,14622
3090,14579
3091,14651
3092,14576
3093,14823
3094,14716
3095,14682
3096,14716
3097,14632
3098,14455
3099,14775
3100,14625
3101,14626
3102,14791
3103,14583
3104,14466
3105,14626
3106,14753
3107,14635
3108,14615
3109,14825
3110,14528
3111,14721
3112,14471
3113,14258
3114,14449
3115,14740
3116,14720
3117,14875
3118,14640
3119,14531
3120,14804
3121,14725
3122,14723
3123,14335
3124,14607
3125,14755
3126,14734
3127,14646
3128,14691
3129,14648
3130,14723
3131,14818
3132,14498
3133,14463
3134,14637
3135,14691
3136,14656
3137,14694
3138,14795
3139,14465
3140,14477
3141,14510
3142,14462
3143,14601
3144,14475
3145,14578
3146,14485
3147,14661
3148,14376
3149,14593
3150,14772
3151,14753
3152,14441
3153,14371
3154,14464
3155,14650
3156,14755
3157,14581
3158,14686
3159,14638
3160,14508
3161,14744
3162,14712
3163,14724
3164,14579
3165,14568
3166,14671
3167,14733
3168,14707
3169,14532
3170,14590
3171,14522
3172,14675
3173,14716
3174,14556
3175,14607
3176,14618
3177,14595
3178,14490
3179,14504
3180,14497
3181,14659
3182,14652
3183,14726
3184,14718
3185,14712
3186,14735
3187,14524
3188,14664
3189,14740
3190,14708
3191,14640
3192,14689
3193,14618
3194,14608
3195,14878
3196,14696
3197,14724
3198,14614
3199,14684
3200,14697
3201,14726
3202,14767
3203,14693
3204,14714
3205,14512
3206,14393
3207,14775
3208,14512
3209,14830
3210,14627
3211,14723
3212,14594
3213,14637
3214,14624
3215,14689
3216,14371
3217,14651
3218,14352
3219,14522
3220,14598
3221,14497
3222,14691
3223,14815
3224,14622
3225,14467
3226,14824
3227,14549
3228,14565
3229,14549
3230,14574
3231,14690
3232,14500
3233,14807
3234,14733
3235,14650
3236,14738
3237,14660
3238,14485
3239,14514
3240,14507
3241,14674
3242,14601
3243,14641
3244,14597
3245,14577
3246,14556
3247,14597
3248,14603
3249,14816
3250,14824
3251,14622
3252,14732
3253,14811
3254,14720
3255,14453
3256,14516
3257,14498
3258,14634
3259,14495
3260,14643
3261,14712
3262,14805
3263,14561
3264,14780
3265,14642
3266,14751
3267,14468
3268,14897
3269,14727
3270,14475
3271,14748
3272,14772
3273,14708
3274,14481
3275,14447
3276,14730
3277,14799
3278,14516
3279,14806
3280,14484
3281,14680
3282,14652
3283,14583
3284,14399
3285,14776
3286,14502
3287,14619
3288,14698
3289,14439
3290,14733
3291,14838
3292,14628
3293,14873
3294,14609
3295,14398
3296,14643
3297,14549
3298,14653
3299,14641
3300,14732
3301,14328
3302,14653
3303,14619
3304,14778
3305,15013
3306,14811
3307,14498
3308,14561
3309,14620
3310,14499
3311,14457
3312,14791
3313,14535
3314,14619
3315,14673
3316,14774
3317,14648
3318,14601
3319,14455
3320,14707
3321,14585
3322,14706
3323,14415
3324,14682
3325,14659
3326,14705
3327,14561
3328,14711
3329,14516
3330,14466
3331,14560
3332,14516
3333,14723
3334,14516
3335,14826
3336,14915
3337,14688
3338,14607
3339,14667
3340,14669
3341,14643
3342,14634
3343,14451
3344,14771
3345,14851
3346,14792
3347,14587
3348,14358
3349,14667
3350,14586
3351,14676
3352,14636
3353,14455
3354,14433
3355,14546
3356,14596
3357,14658
3358,14607
3359,14518
3360,14525
3361,14662
3362,14757
3363,14507
3364,14619
3365,14698
3366,14467
3367,14475
3368,14508
3369,14512
3370,14542
3371,14813
3372,14794
3373,14605
3374,14510
3375,14594
3376,14445
3377,14665
3378,14692
3379,14600
3380,14617
3381,14688
3382,14380
3383,14509
3384,14467
3385,14706
3386,14387
3387,14640
3388,14504
3389,14556
3390,14712
3391,14525
3392,14778
3393,14533
3394,14544
3395,14487
3396,14415
3397,14689
3398,14630
3399,14785
3400,14752
3401,14921
3402,14804
3403,14598
3404,14756
3405,14667
3406,14642
3407,14593
3408,14603
3409,14842
3410,14573
3411,14856
3412,14505
3413,14802
3414,14400
3415,14728
3416,14520
3417,14673
3418,14648
3419,14546
3420,14573
3421,14476
3422,14497
3423,14554
3424,14879
3425,14499
3426,14633
3427,14454
3428,14569
3429,14689
3430,14657
3431,14714
3432,14574
3433,14593
3434,14601
3435,14670
3436,14887
3437,14638
3438,14767
3439,14782
3440,14541
3441,14553
3442,14581
3443,14597
3444,14682
3445,14598
3446,14613
3447,14548
3448,14504
3449,14560
3450,14496
3451,14852
3452,14519
3453,14664
3454,14560
3455,14544
3456,14677
3457,14408
3458,14654
3459,14558
3460,14692
3461,14742
3462,14557
3463,14598
3464,14615
3465,14504
3466,14622
3467,14710
3468,14851
3469,14570
3470,14598
3471,14591
3472,14630
3473,14735
3474,14515
3475,14434
3476,14791
3477,14722
3478,14839
3479,14844
3480,14589
3481,14768
3482,14846
3483,14457
3484,14640
3485,14676
3486,14585
3487,14819
3488,14712
3489,14377
3490,14670
3491,14794
3492,14548
3493,14551
3494,14668
3495,14679
3496,14628
3497,14696
3498,14512
3499,14459
3500,14528
3501,14652
3502,14597
3503,14635
3504,14767
3505,14460
3506,14710
3507,14678
3508,14714
3509,14708
3510,14773
3511,14520
3512,14736
3513,14723
3514,14700
3515,14399
3516,14581
3517,14537
3518,14689
3519,14725
3520,14674
3521,14588
3522,14574
3523,14945
3524,14735
3525,14548
3526,14672
3527,14543
3528,14727
3529,14806
3530,14833
3531,14707
3532,14590
3533,14878
3534,14714
3535,14531
3536,14704
3537,14717
3538,14793
3539,14566
3540,14630
3541,14530
3542,14734
3543,14728
3544,14665
3545,14695
3546,14799
3547,14475
3548,14531
3549,14539
3550,14600
3551,14729
3552,14683
3553,14627
3554,14621
3555,14756
3556,14724
3557,14605
3558,14473
3559,14454
3560,14658
3561,14739
3562,14688
3563,14683
3564,14559
3565,14777
3566,14690
3567,14603
3568,14623
3569,14704
3570,14556
3571,14527
3572,14791
3573,14748
3574,14527
3575,14740
3576,14524
3577,14544
3578,14632
3579,14590
3580,14506
3581,14741
3582,14620
3583,14550
3584,14668
3585,14594
3586,14609
3587,14726
3588,14479
3589,14614
3590,14458
3591,14622
3592,14640
3593,14702
3594,14726
3595,14556
3596,14685
3597,14601
3598,14689
3599,14763
3600,14657
3601,14506
3602,14630
3603,14605
3604,14786
3605,14840
3606,14641
3607,14744
3608,14420
3609,14598
3610,14814
3611,14433
3612,14621
3613,14735
3614,14502
3615,14773
3616,14445
3617,14589
3618,14598
3619,14696
3620,14227
3621,14537
3622,14624
3623,14607
3624,14605
3625,14692
3626,14686
3627,14430
3628,14542
3629,14407
3630,14596
3631,14544
3632,14589
3633,14499
3634,14476
3635,14734
3636,14792
3637,14709
3638,14396
3639,14805
3640,14650
3641,14719
3642,14560
3643,14558
3644,14793
3645,14419
3646,14635
3647,14632
3648,14802
3649,14690
3650,14662
3651,14643
3652,14574
3653,14541
3654,14593
3655,14566
3656,14740
3657,14386
3658,14662
3659,14579
3660,14670
3661,14649
3662,14434
3663,14734
3664,14694
3665,14450
3666,14520
3667,14666
3668,14588
3669,14610
3670,14784
3671,14659
3672,14678
3673,14642
3674,14441
3675,14665
3676,14750
3677,14449
3678,14702
3679,14556
3680,14588
3681,14450
3682,14774
3683,14550
3684,14799
3685,14692
3686,14538
3687,14644
3688,14453
3689,14533
3690,14752
3691,14770
3692,14634
3693,14449
3694,14692
3695,14648
3696,14693
3697,14558
3698,14680
3699,14669
3700,14686
3701,14623
3702,14884
3703,14676
3704,14668
3705,14977
3706,14699
3707,14530
3708,14781
3709,14607
3710,14528
3711,14528
3712,14766
3713,14705
3714,14542
3715,14674
3716,14700
3717,14585
3718,14627
3719,14610
3720,14613
3721,14448
3722,14634
3723,14489
3724,14790
3725,14774
3726,14500
3727,14558
3728,14722
3729,14883
3730,14843
3731,14512
3732,14513
3733,14623
3734,14708
3735,14575
3736,14537
3737,14720
3738,14551
3739,14750
3740,14553
3741,14519
3742,14713
3743,14758
3744,14752
3745,14617
3746,14552
3747,14491
3748,14616
3749,14540
3750,14596
3751,14645
3752,14721
3753,14716
3754,14719
3755,14841
3756,14746
3757,14756
3758,14734
3759,14652
3760,14696
3761,14469
3762,14435
3763,14902
3764,14627
3765,14679
3766,14756
3767,14388
3768,14701
3769,14672
3770,14572
3771,14664
3772,14755
3773,14463
3774,14687
3775,14605
3776,14670
3777,14469
3778,14566
3779,14762
3780,14797
3781,14480
3782,14592
3783,14724
3784,14578
3785,14787
3786,14607
3787,14507
3788,14877
3789,14690
3790,14441
3791,14451
3792,14628
3793,14799
3794,14567
3795,14448
3796,14731
3797,14499
3798,14651
3799,14607
3800,14545
3801,14772
3802,14625
3803,14436
3804,14695
3805,14640
3806,14336
3807,14814
3808,14729
3809,14565
3810,14667
3811,14793
3812,14456
3813,14665
3814,14536
3815,14423
3816,14536
3817,14707
3818,14455
3819,14620
3820,14671
3821,14757
3822,14669
3823,14622
3824,14328
3825,14610
3826,14794
3827,14444
3828,14515
3829,14541
3830,14759
3831,14748
3832,14412
3833,14848
3834,14763
3835,14697
3836,14636
3837,14522
3838,14569
3839,14560
3840,14707
3841,14691
3842,14462
3843,14495
3844,14590
3845,14824
3846,14692
3847,14431
3848,14575
3849,14676
3850,14803
3851,14634
3852,14482
3853,14803
3854,14615
3855,14617
3856,14550
3857,14655
3858,14632
3859,14768
3860,14580
3861,14804
3862,14473
3863,14194
3864,14637
3865,14610
3866,14486
3867,14611
3868,14483
3869,14663
3870,14732
3871,14664
3872,14642
3873,14780
3874,14683
3875,14777
3876,14623
3877,14699
3878,14447
3879,14616
3880,14558
3881,14444
3882,14601
3883,14851
3884,14541
3885,14675
3886,14252
3887,14473
3888,14739
3889,14791
3890,14690
3891,14825
3892,14794
3893,14410
3894,14811
3895,14613
3896,14637
3897,14566
3898,14786
3899,14505
3900,14629
3901,14711
3902,14679
3903,14707
3904,14640
3905,14688
3906,14540
3907,14644
3908,14595
3909,14583
3910,14670
3911,14584
3912,14699
3913,14490
3914,14554
3915,14730
3916,14844
3917,14765
3918,14769
3919,14592
3920,14735
3921,14589
3922,14590
3923,14798
3924,14596
3925,14463
3926,14652
3927,14541
3928,14779
3929,14704
3930,14734
3931,14511
3932,14618
3933,14704
3934,14444
3935,14526
3936,14875
3937,14648
3938,14542
3939,14553
3940,14658
3941,14691
3942,14667
3943,14566
3944,14622
3945,14551
3946,14647
3947,14618
3948,14364
3949,14711
3950,14616
3951,14585
3952,14706
3953,14623
3954,14422
3955,14409
3956,14489
3957,14754
3958,14617
3959,14661
3960,14809
3961,14447
3962,14683
3963,14521
3964,14689
3965,14453
3966,14594
3967,14778
3968,14420
3969,14630
3970,14708
3971,14580
3972,14520
3973,14804
3974,14545
3975,14621
3976,14758
3977,14344
3978,14590
3979,14550
3980,14842
3981,14522
3982,14779
3983,14537
3984,14807
3985,14721
3986,14691
3987,14734
3988,14619
3989,14546
3990,14671
3991,14270
3992,14743
3993,14554
3994,14356
3995,14459
3996,14522
3997,14676
3998,14798
3999,14637
4000,14750
4001,14773
4002,14542
4003,14551
4004,14612
4005,14421
4006,14665
4007,14553
4008,14536
4009,14608
4010,14536
4011,14797
4012,14695
4013,14697
4014,14413
4015,14758
4016,14597
4017,14754
4018,14663
4019,14496
4020,14696
4021,14698
4022,14487
4023,14696
4024,14603
4025,14408
4026,14703
4027,14559
4028,14570
4029,14503
4030,14512
4031,14713
4032,14618
4033,14675
4034,14462
4035,14729
4036,14616
4037,14683
4038,14841
4039,14422
4040,14671
4041,14431
4042,14488
4043,14651
4044,14614
4045,14733
4046,14671
4047,14639
4048,14657
4049,14672
4050,14644
4051,14743
4052,14486
4053,14507
4054,14621
4055,14576
4056,14676
4057,14588
4058,14591
4059,14560
4060,14584
4061,14830
4062,14622
4063,14754
4064,14508
4065,14761
4066,14941
4067,14533
4068,14704
4069,14570
4070,14582
4071,14623
4072,14640
4073,14900
4074,14731
4075,14565
4076,14612
4077,14494
4078,14505
4079,14727
4080,14815
4081,14684
4082,14695
4083,14458
4084,14607
4085,14665
4086,14413
4087,14648
4088,14572
4089,14625
4090,14702
4091,14572
4092,14478
4093,14562
4094,14647
4095,14480
