0,841
1,2803
2,1211
3,1865
4,1698
5,1089
6,1577
7,6682
8,672
9,558
10,2094
11,842
12,603
13,804
14,2304
15,4099
16,1135
17,601
18,1117
19,1005
20,2026
21,2564
22,634
23,994
24,1478
25,686
26,840
27,876
28,1371
29,1853
30,892
31,755
32,907
33,3422
34,1881
35,756
36,2144
37,1521
38,703
39,3430
40,680
41,1004
42,563
43,1600
44,893
45,968
46,519
47,872
48,550
49,491
50,1112
51,1105
52,719
53,774
54,696
55,1516
56,790
57,3302
58,512
59,769
60,1151
61,1019
62,1324
63,1998
64,493
65,1552
66,424
67,1598
68,2293
69,1240
70,954
71,2550
72,754
73,656
74,1706
75,1877
76,2589
77,1043
78,583
79,1758
80,1001
81,396
82,665
83,1087
84,2223
85,2301
86,611
87,666
88,1300
89,1441
90,467
91,533
92,1101
93,629
94,1200
95,709
96,1528
97,1188
98,1480
99,1059
100,877
101,3045
102,642
103,1302
104,471
105,1731
106,1621
107,1035
108,1012
109,2069
110,491
111,2314
112,620
113,784
114,623
115,868
116,1627
117,727
118,385
119,733
120,713
121,1373
122,312
123,1184
124,783
125,599
126,2410
127,1747
128,1085
129,941
130,3478
131,1156
132,2550
133,529
134,1419
135,360
136,804
137,3276
138,1834
139,554
140,1439
141,2615
142,1369
143,705
144,1121
145,862
146,1333
147,944
148,621
149,590
150,917
151,635
152,420
153,683
154,1187
155,971
156,1679
157,1166
158,538
159,1178
160,2170
161,1717
162,549
163,648
164,1427
165,916
166,539
167,6994
168,6246
169,1594
170,1261
171,460
172,954
173,3140
174,1224
175,1041
176,1610
177,1370
178,338
179,990
180,1284
181,1176
182,2199
183,961
184,1444
185,930
186,754
187,536
188,1466
189,528
190,966
191,1228
192,3314
193,1637
194,1331
195,3041
196,1022
197,968
198,1213
199,826
200,1000
201,563
202,1517
203,1656
204,768
205,1721
206,1085
207,479
208,314
209,860
210,452
211,2742
212,687
213,755
214,2221
215,1494
216,920
217,1630
218,2839
219,1210
220,1532
221,1904
222,1255
223,1871
224,1164
225,1596
226,1545
227,3901
228,1385
229,1130
230,3144
231,3722
232,1438
233,2239
234,707
235,1485
236,774
237,723
238,771
239,843
240,1349
241,2184
242,1021
243,2209
244,1988
245,533
246,1234
247,2616
248,860
249,793
250,884
251,990
252,2562
253,1220
254,644
255,789
256,1141
257,2093
258,1195
259,613
260,1047
261,815
262,1214
263,1740
264,730
265,1657
266,602
267,517
268,698
269,1769
270,2809
271,1633
272,709
273,1013
274,1327
275,2464
276,833
277,1003
278,645
279,501
280,2087
281,602
282,1416
283,1013
284,1118
285,1689
286,1271
287,1224
288,1448
289,5074
290,658
291,1292
292,577
293,898
294,2425
295,5547
296,730
297,892
298,514
299,323
300,1288
301,2510
302,575
303,482
304,2093
305,2779
306,576
307,599
308,990
309,512
310,1571
311,3362
312,1251
313,769
314,921
315,648
316,874
317,537
318,848
319,967
320,1149
321,1395
322,949
323,806
324,1315
325,4613
326,1615
327,881
328,761
329,624
330,1715
331,1314
332,1007
333,822
334,1351
335,420
336,891
337,715
338,945
339,2773
340,3117
341,1140
342,1421
343,2398
344,578
345,774
346,1427
347,825
348,1721
349,2406
350,721
351,1814
352,5160
353,1723
354,470
355,1010
356,676
357,2101
358,1101
359,597
360,916
361,980
362,6130
363,2171
364,618
365,912
366,7028
367,1276
368,593
369,2865
370,914
371,1173
372,981
373,1382
374,3009
375,666
376,1828
377,1201
378,1065
379,1439
380,993
381,1717
382,881
383,1495
384,435
385,889
386,713
387,909
388,724
389,435
390,2469
391,1548
392,2903
393,325
394,1204
395,1271
396,807
397,811
398,686
399,3371
400,2622
401,1024
402,1733
403,580
404,1169
405,3939
406,647
407,3964
408,464
409,585
410,1201
411,580
412,1269
413,1518
414,1959
415,377
416,996
417,1287
418,339
419,1515
420,1285
421,1181
422,1330
423,466
424,1965
425,587
426,1381
427,3744
428,1803
429,293
430,630
431,1173
432,1342
433,1002
434,452
435,2080
436,1706
437,1899
438,1254
439,2415
440,1029
441,1142
442,649
443,1218
444,1966
445,536
446,2678
447,2313
448,465
449,3071
450,441
451,612
452,1391
453,1199
454,1060
455,851
456,1084
457,947
458,1529
459,1378
460,1423
461,764
462,4325
463,864
464,513
465,807
466,1136
467,856
468,998
469,2029
470,1690
471,557
472,2289
473,601
474,597
475,566
476,751
477,1982
478,802
479,886
480,4920
481,632
482,2625
483,2996
484,518
485,811
486,787
487,761
488,541
489,696
490,3016
491,1964
492,1272
493,1859
494,430
495,528
496,1133
497,1121
498,1624
499,704
500,1107
501,1231
502,1220
503,1573
504,756
505,605
506,793
507,648
508,841
509,1448
510,579
511,611
512,1006
513,2063
514,778
515,1396
516,611
517,736
518,883
519,906
520,622
521,447
522,1301
523,1091
524,440
525,1314
526,842
527,2051
528,410
529,2850
530,1576
531,1063
532,1003
533,887
534,1235
535,1195
536,1021
537,567
538,1527
539,868
540,823
541,2303
542,1744
543,1250
544,1190
545,1850
546,593
547,899
548,1297
549,2838
550,3723
551,775
552,385
553,1000
554,1082
555,781
556,643
557,1316
558,2259
559,898
560,1755
561,2821
562,1124
563,2693
564,556
565,1592
566,4490
567,1158
568,698
569,2642
570,2027
571,1452
572,2954
573,513
574,1104
575,469
576,1685
577,2930
578,928
579,960
580,1156
581,3041
582,731
583,840
584,1089
585,596
586,781
587,569
588,1128
589,897
590,878
591,701
592,1791
593,1672
594,429
595,1449
596,972
597,655
598,1674
599,776
600,973
601,636
602,815
603,1243
604,1096
605,1389
606,1804
607,1757
608,1494
609,1252
610,981
611,5640
612,1932
613,449
614,514
615,818
616,1500
617,840
618,888
619,1106
620,1029
621,1178
622,543
623,867
624,1357
625,570
626,1314
627,2080
628,350
629,780
630,626
631,560
632,571
633,1973
634,869
635,1364
636,850
637,1650
638,939
639,1132
640,647
641,636
642,2956
643,917
644,474
645,1046
646,786
647,1062
648,667
649,870
650,1169
651,483
652,1120
653,1985
654,666
655,2993
656,463
657,1145
658,1010
659,762
660,712
661,1034
662,705
663,955
664,583
665,676
666,1053
667,3262
668,1173
669,1385
670,2127
671,803
672,780
673,807
674,698
675,322
676,700
677,1506
678,1807
679,612
680,746
681,2450
682,295
683,1876
684,2627
685,1223
686,1312
687,616
688,1407
689,570
690,640
691,1533
692,1448
693,839
694,720
695,2151
696,631
697,448
698,1224
699,2049
700,390
701,1286
702,1339
703,1140
704,886
705,1363
706,2072
707,1877
708,309
709,1713
710,1828
711,1745
712,570
713,693
714,1963
715,2297
716,774
717,1546
718,1269
719,983
720,1249
721,3793
722,2033
723,2853
724,776
725,553
726,1308
727,646
728,366
729,722
730,822
731,623
732,1130
733,726
734,2131
735,598
736,6479
737,954
738,430
739,1396
740,1149
741,561
742,847
743,633
744,3650
745,1127
746,541
747,720
748,774
749,709
750,1067
751,3832
752,1637
753,514
754,1116
755,554
756,508
757,681
758,1409
759,552
760,1516
761,1933
762,1088
763,531
764,1140
765,1167
766,1481
767,757
768,1104
769,396
770,1024
771,895
772,2359
773,1098
774,3464
775,2078
776,1748
777,1650
778,1160
779,7668
780,3463
781,568
782,700
783,646
784,1915
785,3155
786,1528
787,2285
788,1282
789,561
790,1153
791,964
792,1788
793,440
794,644
795,1353
796,2167
797,1561
798,975
799,433
800,775
801,619
802,1077
803,1742
804,689
805,869
806,872
807,1316
808,14846
809,606
810,1039
811,997
812,718
813,690
814,468
815,1167
816,371
817,2616
818,4940
819,738
820,1714
821,941
822,905
823,538
824,2277
825,861
826,748
827,1395
828,1047
829,1547
830,1040
831,1046
832,1453
833,1265
834,4502
835,826
836,581
837,1343
838,1309
839,628
840,1419
841,525
842,812
843,445
844,1508
845,1262
846,847
847,1976
848,2254
849,784
850,1189
851,1272
852,4411
853,1145
854,1677
855,1386
856,1307
857,3441
858,505
859,1022
860,1334
861,506
862,1258
863,1002
864,409
865,606
866,1559
867,377
868,683
869,7552
870,1128
871,1627
872,537
873,1749
874,632
875,3010
876,1575
877,2497
878,785
879,1036
880,1087
881,546
882,418
883,988
884,569
885,836
886,534
887,1162
888,584
889,1121
890,820
891,609
892,1705
893,922
894,2213
895,593
896,712
897,530
898,1273
899,1504
900,677
901,1993
902,622
903,978
904,610
905,3209
906,833
907,590
908,1491
909,694
910,354
911,627
912,1250
913,746
914,1051
915,2535
916,1928
917,1185
918,1245
919,856
920,381
921,746
922,654
923,1169
924,3675
925,1285
926,673
927,389
928,970
929,1189
930,836
931,811
932,2148
933,2474
934,948
935,682
936,2605
937,1081
938,2673
939,2596
940,848
941,970
942,1270
943,1032
944,1235
945,839
946,1819
947,1523
948,498
949,1929
950,692
951,1022
952,615
953,929
954,1087
955,1211
956,890
957,765
958,2643
959,911
960,1063
961,2182
962,1445
963,1653
964,4324
965,1017
966,2291
967,933
968,646
969,1608
970,1455
971,1010
972,1434
973,1706
974,1373
975,611
976,799
977,896
978,1622
979,2067
980,578
981,1468
982,868
983,778
984,960
985,1352
986,1653
987,1036
988,2619
989,2004
990,2662
991,671
992,2601
993,384
994,548
995,1051
996,1755
997,4017
998,452
999,2304
1000,341
1001,1027
1002,772
1003,2254
1004,2269
1005,414
1006,615
1007,917
1008,705
1009,623
1010,3211
1011,532
1012,2112
1013,3771
1014,943
1015,1528
1016,2190
1017,413
1018,961
1019,1853
1020,907
1021,1725
1022,675
1023,554
1024,4865
1025,980
1026,1014
1027,881
1028,610
1029,1096
1030,718
1031,1479
1032,1229
1033,959
1034,1001
1035,3509
1036,1476
1037,1011
1038,682
1039,557
1040,403
1041,1476
1042,970
1043,1519
1044,477
1045,924
1046,1226
1047,529
1048,412
1049,452
1050,1519
1051,544
1052,1005
1053,1175
1054,874
1055,1177
1056,1258
1057,787
1058,524
1059,713
1060,1519
1061,1313
1062,1332
1063,1224
1064,2108
1065,1438
1066,480
1067,1846
1068,635
1069,1459
1070,3253
1071,692
1072,2599
1073,1366
1074,876
1075,804
1076,478
1077,689
1078,614
1079,2887
1080,658
1081,776
1082,1241
1083,505
1084,1474
1085,2069
1086,342
1087,977
1088,1226
1089,1421
1090,513
1091,1037
1092,2270
1093,436
1094,1018
1095,2316
1096,812
1097,973
1098,623
1099,1326
1100,1176
1101,622
1102,2653
1103,569
1104,986
1105,3257
1106,1182
1107,1203
1108,1054
1109,2210
1110,1640
1111,1549
1112,483
1113,572
1114,1997
1115,6297
1116,3832
1117,2340
1118,833
1119,1160
1120,1694
1121,811
1122,1267
1123,631
1124,2335
1125,401
1126,3866
1127,791
1128,1950
1129,903
1130,701
1131,836
1132,809
1133,1437
1134,2127
1135,1549
1136,741
1137,1453
1138,1016
1139,1921
1140,1197
1141,1013
1142,723
1143,1271
1144,3589
1145,1743
1146,1438
1147,1332
1148,691
1149,851
1150,752
1151,618
1152,1526
1153,1417
1154,4800
1155,1207
1156,2637
1157,1544
1158,672
1159,2013
1160,623
1161,1274
1162,674
1163,604
1164,1405
1165,1379
1166,713
1167,1345
1168,363
1169,4041
1170,1541
1171,1972
1172,1600
1173,1016
1174,426
1175,676
1176,841
1177,546
1178,6110
1179,934
1180,915
1181,530
1182,1550
1183,720
1184,644
1185,751
1186,945
1187,3392
1188,841
1189,2739
1190,757
1191,864
1192,1383
1193,1106
1194,660
1195,319
1196,4072
1197,1866
1198,456
1199,636
1200,705
1201,453
1202,856
1203,2330
1204,788
1205,1693
1206,1067
1207,2220
1208,1703
1209,556
1210,2254
1211,908
1212,2818
1213,1882
1214,1049
1215,544
1216,766
1217,546
1218,575
1219,2859
1220,1137
1221,1001
1222,1623
1223,1524
1224,1092
1225,2686
1226,1493
1227,1852
1228,1004
1229,2321
1230,686
1231,1826
1232,738
1233,726
1234,694
1235,1549
1236,752
1237,5993
1238,1151
1239,2460
1240,1802
1241,1053
1242,814
1243,1221
1244,3331
1245,305
1246,1078
1247,824
1248,4498
1249,1406
1250,1113
1251,1503
1252,1055
1253,2238
1254,957
1255,10489
1256,532
1257,1236
1258,2477
1259,1364
1260,1796
1261,1217
1262,842
1263,1735
1264,5388
1265,649
1266,3050
1267,742
1268,1088
1269,2930
1270,2302
1271,1164
1272,914
1273,960
1274,584
1275,1764
1276,945
1277,867
1278,632
1279,512
1280,3454
1281,1694
1282,1512
1283,719
1284,808
1285,1090
1286,566
1287,549
1288,1336
1289,849
1290,1028
1291,625
1292,933
1293,1487
1294,1979
1295,717
1296,746
1297,1283
1298,1283
1299,5376
1300,742
1301,524
1302,520
1303,951
1304,642
1305,1263
1306,868
1307,3075
1308,603
1309,755
1310,391
1311,1558
1312,1004
1313,1106
1314,947
1315,1761
1316,1388
1317,2151
1318,1117
1319,587
1320,570
1321,498
1322,1031
1323,558
1324,1109
1325,1405
1326,984
1327,970
1328,1325
1329,618
1330,560
1331,698
1332,1160
1333,2174
1334,541
1335,1583
1336,574
1337,416
1338,654
1339,722
1340,873
1341,940
1342,946
1343,1009
1344,2532
1345,1955
1346,1203
1347,395
1348,5117
1349,1501
1350,1995
1351,745
1352,905
1353,1345
1354,795
1355,853
1356,1473
1357,1194
1358,1223
1359,540
1360,980
1361,805
1362,1005
1363,401
1364,1072
1365,1037
1366,1567
1367,1397
1368,1202
1369,2101
1370,616
1371,1266
1372,714
1373,6606
1374,1170
1375,1553
1376,441
1377,506
1378,2180
1379,1406
1380,2409
1381,2034
1382,4353
1383,2483
1384,4124
1385,784
1386,1583
1387,2259
1388,808
1389,770
1390,2079
1391,3705
1392,867
1393,572
1394,970
1395,1179
1396,769
1397,673
1398,721
1399,3381
1400,665
1401,1255
1402,1031
1403,693
1404,398
1405,1362
1406,597
1407,1542
1408,594
1409,983
1410,2698
1411,1045
1412,1079
1413,1813
1414,465
1415,1902
1416,866
1417,641
1418,955
1419,602
1420,784
1421,724
1422,2848
1423,1068
1424,2742
1425,786
1426,435
1427,1026
1428,676
1429,461
1430,1269
1431,899
1432,963
1433,330
1434,459
1435,1093
1436,911
1437,1393
1438,7171
1439,2941
1440,2799
1441,1092
1442,1361
1443,1414
1444,1378
1445,609
1446,1666
1447,555
1448,768
1449,467
1450,2946
1451,629
1452,1725
1453,3293
1454,4138
1455,2566
1456,1230
1457,774
1458,946
1459,808
1460,875
1461,695
1462,2125
1463,1566
1464,1022
1465,1540
1466,1068
1467,802
1468,5457
1469,646
1470,581
1471,967
1472,2262
1473,796
1474,369
1475,1401
1476,715
1477,957
1478,842
1479,2464
1480,739
1481,1761
1482,1174
1483,421
1484,1829
1485,574
1486,1238
1487,927
1488,600
1489,3024
1490,703
1491,1697
1492,500
1493,1153
1494,1033
1495,935
1496,911
1497,989
1498,1342
1499,1547
1500,1609
1501,1008
1502,1246
1503,746
1504,912
1505,1075
1506,1526
1507,1240
1508,581
1509,355
1510,536
1511,582
1512,937
1513,1085
1514,832
1515,478
1516,2136
1517,539
1518,793
1519,1022
1520,1287
1521,802
1522,2187
1523,1030
1524,2383
1525,458
1526,640
1527,794
1528,5721
1529,469
1530,999
1531,601
1532,1059
1533,1573
1534,497
1535,365
1536,991
1537,922
1538,542
1539,1344
1540,3658
1541,1182
1542,701
1543,659
1544,903
1545,1109
1546,691
1547,547
1548,2442
1549,1410
1550,544
1551,1521
1552,1603
1553,802
1554,367
1555,872
1556,438
1557,983
1558,2178
1559,1017
1560,894
1561,525
1562,772
1563,2121
1564,463
1565,1092
1566,1921
1567,2635
1568,878
1569,1576
1570,1159
1571,1912
1572,898
1573,561
1574,2246
1575,828
1576,2062
1577,934
1578,468
1579,1668
1580,1365
1581,2608
1582,2939
1583,582
1584,1036
1585,689
1586,1699
1587,743
1588,7440
1589,1118
1590,8330
1591,592
1592,955
1593,544
1594,572
1595,830
1596,461
1597,746
1598,551
1599,643
1600,781
1601,1675
1602,858
1603,759
1604,1420
1605,2357
1606,682
1607,656
1608,1259
1609,2841
1610,1088
1611,730
1612,1279
1613,1802
1614,778
1615,530
1616,997
1617,1653
1618,1425
1619,1118
1620,2710
1621,597
1622,508
1623,1016
1624,738
1625,2427
1626,695
1627,745
1628,1130
1629,318
1630,4168
1631,1878
1632,2231
1633,1754
1634,703
1635,1527
1636,5325
1637,780
1638,1173
1639,1284
1640,1314
1641,1665
1642,1228
1643,1663
1644,5620
1645,1812
1646,1271
1647,1148
1648,1657
1649,3300
1650,1849
1651,2692
1652,489
1653,6081
1654,656
1655,650
1656,619
1657,823
1658,1510
1659,861
1660,976
1661,1204
1662,1726
1663,508
1664,1423
1665,3883
1666,2136
1667,1259
1668,1190
1669,856
1670,4133
1671,723
1672,1505
1673,564
1674,3146
1675,1962
1676,1614
1677,4011
1678,554
1679,986
1680,784
1681,692
1682,641
1683,956
1684,757
1685,999
1686,986
1687,907
1688,1054
1689,732
1690,788
1691,742
1692,262
1693,1027
1694,4860
1695,1415
1696,604
1697,1811
1698,3632
1699,1229
1700,2135
1701,590
1702,2243
1703,987
1704,338
1705,996
1706,1171
1707,1278
1708,1867
1709,1207
1710,1173
1711,2437
1712,711
1713,494
1714,679
1715,560
1716,2160
1717,678
1718,2193
1719,712
1720,954
1721,709
1722,1409
1723,557
1724,784
1725,1140
1726,1306
1727,1743
1728,1236
1729,5832
1730,407
1731,695
1732,440
1733,732
1734,1380
1735,732
1736,1730
1737,378
1738,1610
1739,1880
1740,1165
1741,1478
1742,1640
1743,3110
1744,1605
1745,741
1746,1087
1747,1119
1748,1097
1749,1240
1750,634
1751,3511
1752,460
1753,493
1754,1378
1755,3132
1756,717
1757,1722
1758,1623
1759,1185
1760,1339
1761,945
1762,695
1763,566
1764,617
1765,1210
1766,904
1767,1284
1768,478
1769,1219
1770,1246
1771,1804
1772,843
1773,851
1774,879
1775,1092
1776,720
1777,1349
1778,709
1779,452
1780,2486
1781,1655
1782,1894
1783,1107
1784,643
1785,1663
1786,2323
1787,650
1788,1705
1789,665
1790,1399
1791,2173
1792,1767
1793,1053
1794,1398
1795,5458
1796,1073
1797,1950
1798,586
1799,1314
1800,1873
1801,921
1802,1849
1803,1815
1804,2679
1805,798
1806,843
1807,964
1808,1110
1809,1313
1810,841
1811,693
1812,1299
1813,1936
1814,659
1815,912
1816,785
1817,2677
1818,1671
1819,1353
1820,554
1821,623
1822,1635
1823,890
1824,1553
1825,1660
1826,4258
1827,8203
1828,5344
1829,443
1830,1836
1831,846
1832,576
1833,1011
1834,5190
1835,1209
1836,2974
1837,1062
1838,365
1839,3181
1840,3620
1841,1125
1842,2820
1843,1244
1844,1038
1845,596
1846,2772
1847,1330
1848,957
1849,818
1850,805
1851,972
1852,3332
1853,1337
1854,3013
1855,382
1856,456
1857,2002
1858,1171
1859,1127
1860,4449
1861,1186
1862,1468
1863,1436
1864,1290
1865,979
1866,949
1867,593
1868,1340
1869,1375
1870,866
1871,655
1872,1418
1873,3352
1874,935
1875,1386
1876,605
1877,771
1878,1396
1879,4445
1880,1357
1881,2662
1882,1256
1883,1098
1884,2388
1885,1584
1886,1073
1887,1437
1888,474
1889,1223
1890,793
1891,1372
1892,1872
1893,1128
1894,479
1895,756
1896,1017
1897,634
1898,378
1899,1551
1900,1467
1901,1015
1902,905
1903,812
1904,2870
1905,1300
1906,1697
1907,1046
1908,980
1909,1370
1910,511
1911,1579
1912,720
1913,1013
1914,3274
1915,1032
1916,1796
1917,2144
1918,2498
1919,1979
1920,10346
1921,1442
1922,2684
1923,895
1924,641
1925,779
1926,1440
1927,2380
1928,506
1929,1957
1930,1319
1931,768
1932,469
1933,787
1934,868
1935,3081
1936,759
1937,888
1938,1068
1939,738
1940,1024
1941,330
1942,1904
1943,831
1944,2189
1945,1225
1946,739
1947,2515
1948,952
1949,2277
1950,675
1951,700
1952,2926
1953,1153
1954,484
1955,1854
1956,1460
1957,1502
1958,352
1959,631
1960,983
1961,3173
1962,1115
1963,2543
1964,435
1965,583
1966,2160
1967,744
1968,714
1969,2949
1970,2415
1971,260
1972,594
1973,2706
1974,859
1975,1816
1976,2081
1977,457
1978,2135
1979,3097
1980,602
1981,1818
1982,795
1983,395
1984,981
1985,1219
1986,3023
1987,477
1988,4994
1989,1490
1990,1185
1991,1853
1992,2319
1993,1547
1994,881
1995,541
1996,472
1997,768
1998,473
1999,2983
2000,789
2001,548
2002,523
2003,885
2004,1359
2005,1575
2006,947
2007,2252
2008,922
2009,497
2010,775
2011,14126
2012,1497
2013,1009
2014,1294
2015,639
2016,512
2017,2961
2018,3181
2019,4047
2020,1694
2021,666
2022,2705
2023,360
2024,1819
2025,1419
2026,1121
2027,864
2028,4934
2029,1095
2030,1518
2031,481
2032,1593
2033,2650
2034,971
2035,1486
2036,619
2037,756
2038,471
2039,1823
2040,775
2041,1651
2042,2304
2043,3625
2044,682
2045,3224
2046,4608
2047,2431
2048,2144
2049,608
2050,2100
2051,1256
2052,1242
2053,357
2054,459
2055,638
2056,540
2057,629
2058,984
2059,1013
2060,609
2061,3516
2062,403
2063,1352
2064,578
2065,345
2066,1332
2067,410
2068,1068
2069,982
2070,4296
2071,1352
2072,398
2073,1481
2074,1089
2075,705
2076,623
2077,1401
2078,888
2079,602
2080,1727
2081,1201
2082,1582
2083,1031
2084,936
2085,1362
2086,444
2087,1473
2088,545
2089,869
2090,562
2091,435
2092,1131
2093,1899
2094,793
2095,494
2096,1385
2097,1631
2098,570
2099,3680
2100,1750
2101,2126
2102,2120
2103,2440
2104,2776
2105,803
2106,833
2107,608
2108,1066
2109,2134
2110,1639
2111,716
2112,709
2113,2433
2114,1431
2115,785
2116,801
2117,785
2118,404
2119,3041
2120,1222
2121,869
2122,931
2123,631
2124,898
2125,686
2126,1009
2127,1220
2128,2731
2129,1864
2130,474
2131,794
2132,754
2133,3811
2134,1898
2135,940
2136,2135
2137,639
2138,725
2139,2157
2140,1893
2141,2169
2142,1312
2143,1912
2144,1180
2145,615
2146,1501
2147,524
2148,1449
2149,3360
2150,825
2151,643
2152,1322
2153,1196
2154,680
2155,817
2156,867
2157,1057
2158,2159
2159,812
2160,806
2161,1961
2162,881
2163,779
2164,328
2165,547
2166,2143
2167,3816
2168,695
2169,1487
2170,927
2171,1058
2172,983
2173,1446
2174,7046
2175,1069
2176,3619
2177,803
2178,2773
2179,676
2180,852
2181,2657
2182,655
2183,1817
2184,811
2185,1387
2186,1208
2187,698
2188,682
2189,4613
2190,3755
2191,1738
2192,499
2193,1003
2194,423
2195,831
2196,664
2197,2922
2198,2265
2199,1018
2200,1746
2201,311
2202,1179
2203,1125
2204,693
2205,2676
2206,972
2207,2926
2208,1533
2209,862
2210,786
2211,1433
2212,462
2213,1253
2214,605
2215,587
2216,1032
2217,679
2218,1401
2219,1684
2220,1131
2221,1891
2222,865
2223,1007
2224,816
2225,1103
2226,1307
2227,590
2228,4615
2229,1519
2230,334
2231,2734
2232,1428
2233,998
2234,3743
2235,495
2236,955
2237,416
2238,844
2239,1390
2240,1185
2241,363
2242,389
2243,1037
2244,810
2245,1772
2246,1826
2247,642
2248,1764
2249,2293
2250,1141
2251,629
2252,542
2253,991
2254,1347
2255,805
2256,1217
2257,1967
2258,3334
2259,2716
2260,485
2261,1896
2262,1321
2263,791
2264,1453
2265,782
2266,1222
2267,739
2268,374
2269,913
2270,1163
2271,943
2272,1554
2273,632
2274,1273
2275,944
2276,2065
2277,1525
2278,854
2279,888
2280,973
2281,1023
2282,996
2283,840
2284,779
2285,704
2286,1412
2287,791
2288,348
2289,490
2290,3126
2291,2049
2292,699
2293,887
2294,746
2295,2601
2296,498
2297,2247
2298,837
2299,3559
2300,509
2301,1613
2302,1189
2303,2395
2304,874
2305,2808
2306,1002
2307,1461
2308,1141
2309,3602
2310,1050
2311,974
2312,867
2313,3497
2314,1305
2315,1507
2316,3845
2317,2631
2318,1756
2319,1596
2320,633
2321,3575
2322,1789
2323,916
2324,2094
2325,3566
2326,1132
2327,1994
2328,1196
2329,791
2330,1270
2331,2311
2332,664
2333,1312
2334,754
2335,843
2336,1422
2337,1292
2338,1125
2339,2333
2340,535
2341,1691
2342,1374
2343,1050
2344,1008
2345,584
2346,1175
2347,918
2348,1764
2349,878
2350,436
2351,510
2352,1997
2353,1605
2354,2079
2355,800
2356,2368
2357,665
2358,1609
2359,1292
2360,955
2361,1067
2362,1236
2363,1590
2364,1269
2365,691
2366,781
2367,764
2368,823
2369,1371
2370,840
2371,563
2372,744
2373,1660
2374,893
2375,1443
2376,1016
2377,1413
2378,2399
2379,534
2380,1046
2381,507
2382,1733
2383,954
2384,558
2385,1465
2386,1132
2387,1249
2388,3100
2389,699
2390,1442
2391,1813
2392,2529
2393,521
2394,1356
2395,741
2396,1891
2397,819
2398,1579
2399,6027
2400,1616
2401,429
2402,2910
2403,790
2404,802
2405,1209
2406,1250
2407,1989
2408,1172
2409,734
2410,1167
2411,1749
2412,2213
2413,726
2414,291
2415,659
2416,3396
2417,712
2418,680
2419,544
2420,879
2421,746
2422,990
2423,948
2424,879
2425,555
2426,2288
2427,2177
2428,1447
2429,897
2430,1614
2431,1057
2432,994
2433,2501
2434,1176
2435,1029
2436,949
2437,1048
2438,722
2439,1785
2440,2344
2441,2716
2442,952
2443,1280
2444,990
2445,964
2446,1017
2447,490
2448,1356
2449,1979
2450,1088
2451,838
2452,898
2453,1244
2454,1110
2455,654
2456,843
2457,2323
2458,1002
2459,962
2460,474
2461,667
2462,1308
2463,1954
2464,1997
2465,2225
2466,2745
2467,1067
2468,1187
2469,609
2470,434
2471,928
2472,733
2473,1127
2474,1215
2475,1740
2476,1188
2477,2353
2478,804
2479,847
2480,2246
2481,564
2482,2346
2483,1259
2484,987
2485,880
2486,2434
2487,611
2488,2380
2489,1010
2490,1398
2491,8969
2492,1244
2493,615
2494,949
2495,480
2496,562
2497,1707
2498,890
2499,580
2500,2061
2501,775
2502,771
2503,882
2504,864
2505,1378
2506,1500
2507,633
2508,968
2509,520
2510,3267
2511,641
2512,487
2513,582
2514,2749
2515,1668
2516,1731
2517,2895
2518,428
2519,799
2520,1647
2521,2062
2522,1101
2523,2264
2524,6657
2525,1107
2526,962
2527,1917
2528,1310
2529,1572
2530,362
2531,1006
2532,254
2533,1473
2534,762
2535,689
2536,698
2537,1973
2538,3416
2539,1394
2540,1138
2541,1991
2542,606
2543,972
2544,1292
2545,1037
2546,1705
2547,2712
2548,1046
2549,1081
2550,2063
2551,1570
2552,1135
2553,776
2554,1425
2555,688
2556,500
2557,946
2558,1306
2559,506
2560,1027
2561,644
2562,1002
2563,1108
2564,1349
2565,1306
2566,1396
2567,1977
2568,547
2569,1292
2570,830
2571,1351
2572,700
2573,714
2574,1037
2575,736
2576,1597
2577,738
2578,1050
2579,1075
2580,1005
2581,1206
2582,1138
2583,689
2584,742
2585,1687
2586,1084
2587,3444
2588,2339
2589,1438
2590,552
2591,2272
2592,1149
2593,1878
2594,1028
2595,656
2596,1501
2597,1403
2598,1380
2599,1465
2600,1479
2601,1445
2602,2934
2603,929
2604,2929
2605,1369
2606,3631
2607,608
2608,1937
2609,2828
2610,3493
2611,772
2612,783
2613,873
2614,815
2615,750
2616,1556
2617,813
2618,3501
2619,1951
2620,1440
2621,799
2622,888
2623,1098
2624,501
2625,4543
2626,2418
2627,1240
2628,508
2629,2517
2630,4395
2631,521
2632,505
2633,615
2634,1963
2635,323
2636,448
2637,719
2638,1075
2639,824
2640,989
2641,1199
2642,944
2643,1403
2644,783
2645,2816
2646,1241
2647,1515
2648,494
2649,722
2650,797
2651,1029
2652,868
2653,1600
2654,2810
2655,1054
2656,1031
2657,1698
2658,1012
2659,1640
2660,526
2661,4411
2662,603
2663,953
2664,632
2665,724
2666,594
2667,980
2668,1566
2669,1600
2670,459
2671,837
2672,2031
2673,382
2674,1265
2675,284
2676,887
2677,510
2678,1266
2679,1410
2680,703
2681,821
2682,892
2683,2003
2684,1112
2685,527
2686,780
2687,1099
2688,769
2689,656
2690,1087
2691,1228
2692,708
2693,696
2694,466
2695,894
2696,1803
2697,1090
2698,1173
2699,768
2700,1298
2701,1057
2702,1495
2703,2529
2704,1313
2705,1480
2706,905
2707,502
2708,2021
2709,3031
2710,1202
2711,869
2712,1172
2713,996
2714,755
2715,521
2716,614
2717,472
2718,946
2719,765
2720,1097
2721,1096
2722,465
2723,1011
2724,1071
2725,769
2726,464
2727,998
2728,769
2729,1483
2730,548
2731,1715
2732,1934
2733,794
2734,1268
2735,1319
2736,1170
2737,980
2738,779
2739,1722
2740,627
2741,373
2742,1414
2743,569
2744,3543
2745,871
2746,1369
2747,938
2748,710
2749,962
2750,947
2751,1481
2752,1645
2753,1638
2754,1537
2755,1590
2756,2283
2757,478
2758,698
2759,567
2760,1405
2761,1432
2762,2576
2763,1100
2764,664
2765,598
2766,3158
2767,7830
2768,754
2769,1107
2770,1684
2771,1395
2772,993
2773,725
2774,942
2775,514
2776,3036
2777,1392
2778,719
2779,1465
2780,886
2781,2199
2782,1071
2783,734
2784,1170
2785,785
2786,538
2787,1320
2788,1736
2789,2021
2790,1676
2791,405
2792,1080
2793,1029
2794,2175
2795,1145
2796,587
2797,1016
2798,1039
2799,1132
2800,991
2801,491
2802,1453
2803,1382
2804,1111
2805,936
2806,1336
2807,1015
2808,816
2809,785
2810,3638
2811,606
2812,359
2813,2436
2814,1163
2815,829
2816,766
2817,702
2818,885
2819,2538
2820,1321
2821,886
2822,651
2823,1460
2824,1221
2825,1552
2826,668
2827,1806
2828,835
2829,2256
2830,2385
2831,2832
2832,759
2833,1302
2834,1770
2835,1361
2836,948
2837,1152
2838,952
2839,1113
2840,1703
2841,587
2842,1781
2843,568
2844,1869
2845,885
2846,836
2847,656
2848,585
2849,2112
2850,2005
2851,2667
2852,1029
2853,728
2854,2048
2855,1385
2856,561
2857,2721
2858,1036
2859,1794
2860,1525
2861,1633
2862,438
2863,439
2864,722
2865,345
2866,2237
2867,1685
2868,1100
2869,685
2870,646
2871,1239
2872,1661
2873,588
2874,1317
2875,574
2876,3681
2877,2218
2878,473
2879,1127
2880,681
2881,395
2882,388
2883,682
2884,660
2885,1281
2886,2383
2887,1387
2888,1745
2889,1175
2890,2057
2891,592
2892,549
2893,955
2894,800
2895,717
2896,1755
2897,957
2898,1204
2899,891
2900,2167
2901,624
2902,428
2903,434
2904,532
2905,1157
2906,2312
2907,1432
2908,1553
2909,910
2910,532
2911,1477
2912,1812
2913,1061
2914,577
2915,1684
2916,1642
2917,952
2918,756
2919,3377
2920,1269
2921,650
2922,1631
2923,4265
2924,5485
2925,1558
2926,1309
2927,1803
2928,1392
2929,722
2930,1335
2931,556
2932,638
2933,1609
2934,1214
2935,681
2936,1421
2937,1396
2938,436
2939,1290
2940,667
2941,1101
2942,677
2943,376
2944,1363
2945,921
2946,1521
2947,2094
2948,5797
2949,388
2950,1686
2951,1947
2952,3655
2953,979
2954,628
2955,1488
2956,1034
2957,1096
2958,649
2959,1514
2960,731
2961,592
2962,731
2963,573
2964,461
2965,2446
2966,771
2967,571
2968,860
2969,867
2970,1101
2971,1147
2972,1298
2973,510
2974,915
2975,887
2976,407
2977,556
2978,643
2979,1804
2980,1682
2981,4701
2982,1000
2983,1256
2984,994
2985,563
2986,1048
2987,1085
2988,1185
2989,1015
2990,388
2991,953
2992,700
2993,659
2994,640
2995,674
2996,841
2997,1813
2998,978
2999,1383
3000,1045
3001,465
3002,813
3003,4261
3004,1011
3005,3893
3006,2543
3007,1922
3008,3105
3009,1490
3010,2459
3011,529
3012,818
3013,2001
3014,911
3015,1030
3016,946
3017,614
3018,1074
3019,2592
3020,5095
3021,701
3022,1734
3023,2029
3024,1178
3025,585
3026,2075
3027,366
3028,930
3029,327
3030,1010
3031,551
3032,782
3033,1159
3034,417
3035,674
3036,859
3037,490
3038,1716
3039,999
3040,1207
3041,1214
3042,830
3043,825
3044,650
3045,739
3046,657
3047,975
3048,484
3049,1088
3050,1828
3051,954
3052,1067
3053,1514
3054,691
3055,1621
3056,1068
3057,646
3058,1648
3059,723
3060,727
3061,1161
3062,1605
3063,685
3064,1371
3065,846
3066,816
3067,614
3068,1093
3069,484
3070,880
3071,1667
3072,1726
3073,1818
3074,785
3075,739
3076,1116
3077,9258
3078,967
3079,1624
3080,793
3081,848
3082,1022
3083,1858
3084,925
3085,447
3086,1560
3087,3669
3088,574
3089,1251
3090,1377
3091,557
3092,4297
3093,1388
3094,567
3095,5398
3096,1325
3097,927
3098,2468
3099,839
3100,2541
3101,1696
3102,586
3103,528
3104,1015
3105,759
3106,1633
3107,938
3108,812
3109,371
3110,1451
3111,1153
3112,1375
3113,1027
3114,734
3115,541
3116,1309
3117,938
3118,1085
3119,779
3120,2301
3121,1407
3122,1701
3123,825
3124,745
3125,647
3126,636
3127,1063
3128,980
3129,914
3130,1798
3131,1356
3132,592
3133,1347
3134,3755
3135,696
3136,1991
3137,740
3138,845
3139,959
3140,743
3141,2721
3142,970
3143,972
3144,1535
3145,529
3146,562
3147,870
3148,596
3149,1971
3150,1830
3151,2072
3152,2196
3153,502
3154,764
3155,726
3156,516
3157,2889
3158,1245
3159,801
3160,1285
3161,866
3162,1804
3163,614
3164,978
3165,1318
3166,961
3167,1237
3168,1082
3169,1781
3170,661
3171,740
3172,644
3173,1974
3174,839
3175,1128
3176,679
3177,1051
3178,2358
3179,837
3180,367
3181,467
3182,630
3183,1034
3184,2589
3185,723
3186,539
3187,1042
3188,891
3189,955
3190,350
3191,964
3192,389
3193,500
3194,648
3195,973
3196,869
3197,1348
3198,688
3199,974
3200,528
3201,499
3202,816
3203,553
3204,732
3205,834
3206,2697
3207,1661
3208,1010
3209,714
3210,1133
3211,1008
3212,1567
3213,596
3214,1503
3215,1665
3216,638
3217,6270
3218,879
3219,550
3220,739
3221,1016
3222,1288
3223,608
3224,1310
3225,1044
3226,914
3227,853
3228,1917
3229,1293
3230,1411
3231,768
3232,2051
3233,1331
3234,1312
3235,1587
3236,1503
3237,3815
3238,955
3239,743
3240,625
3241,532
3242,1055
3243,1008
3244,1569
3245,1127
3246,671
3247,594
3248,1403
3249,616
3250,6084
3251,1199
3252,912
3253,478
3254,976
3255,862
3256,940
3257,861
3258,1495
3259,2551
3260,1948
3261,731
3262,1155
3263,1211
3264,868
3265,10902
3266,1697
3267,2304
3268,473
3269,1586
3270,650
3271,1234
3272,1772
3273,1128
3274,707
3275,905
3276,944
3277,899
3278,761
3279,1127
3280,481
3281,1756
3282,806
3283,902
3284,4791
3285,1312
3286,766
3287,728
3288,2159
3289,1346
3290,1310
3291,773
3292,963
3293,1895
3294,569
3295,1618
3296,1612
3297,855
3298,2830
3299,474
3300,916
3301,362
3302,338
3303,765
3304,500
3305,859
3306,948
3307,1116
3308,641
3309,5815
3310,808
3311,1089
3312,652
3313,634
3314,2873
3315,607
3316,623
3317,2939
3318,907
3319,714
3320,1607
3321,798
3322,573
3323,1419
3324,775
3325,691
3326,1909
3327,648
3328,1197
3329,2278
3330,453
3331,919
3332,2963
3333,1768
3334,1199
3335,673
3336,3155
3337,900
3338,1150
3339,1546
3340,618
3341,843
3342,723
3343,709
3344,620
3345,2099
3346,403
3347,1005
3348,432
3349,935
3350,1719
3351,1568
3352,2326
3353,1432
3354,894
3355,514
3356,329
3357,1141
3358,1476
3359,723
3360,3433
3361,1127
3362,793
3363,430
3364,539
3365,1715
3366,763
3367,2502
3368,1257
3369,724
3370,2078
3371,433
3372,474
3373,1751
3374,524
3375,1961
3376,348
3377,3205
3378,1303
3379,431
3380,2555
3381,856
3382,1920
3383,851
3384,2592
3385,546
3386,1938
3387,1074
3388,1072
3389,1556
3390,1293
3391,1155
3392,1983
3393,427
3394,1973
3395,603
3396,707
3397,661
3398,1018
3399,5209
3400,528
3401,1001
3402,9563
3403,829
3404,474
3405,3833
3406,654
3407,1676
3408,2104
3409,2637
3410,1086
3411,3666
3412,729
3413,1399
3414,13265
3415,1417
3416,2468
3417,594
3418,1139
3419,2730
3420,1778
3421,879
3422,1831
3423,454
3424,961
3425,1570
3426,840
3427,829
3428,1023
3429,2089
3430,932
3431,1716
3432,2059
3433,1027
3434,5027
3435,722
3436,1119
3437,1240
3438,3939
3439,1474
3440,859
3441,1707
3442,708
3443,2552
3444,2594
3445,1246
3446,856
3447,424
3448,1567
3449,2067
3450,665
3451,800
3452,1443
3453,1085
3454,965
3455,2627
3456,1062
3457,1134
3458,1620
3459,530
3460,2450
3461,1814
3462,2681
3463,2029
3464,1115
3465,490
3466,618
3467,596
3468,3088
3469,728
3470,1745
3471,559
3472,513
3473,1093
3474,1114
3475,1219
3476,1684
3477,2125
3478,1019
3479,533
3480,857
3481,1770
3482,842
3483,876
3484,1261
3485,460
3486,1999
3487,763
3488,327
3489,1234
3490,1815
3491,1195
3492,907
3493,819
3494,1560
3495,8587
3496,1695
3497,410
3498,960
3499,393
3500,1343
3501,1930
3502,1450
3503,717
3504,576
3505,683
3506,2025
3507,774
3508,1566
3509,2493
3510,1118
3511,891
3512,2367
3513,1230
3514,369
3515,397
3516,1035
3517,1413
3518,905
3519,525
3520,462
3521,1730
3522,1020
3523,564
3524,781
3525,1259
3526,466
3527,1104
3528,677
3529,858
3530,483
3531,2501
3532,833
3533,874
3534,1256
3535,3643
3536,2665
3537,1234
3538,894
3539,543
3540,779
3541,1033
3542,761
3543,5153
3544,945
3545,620
3546,463
3547,435
3548,719
3549,1508
3550,714
3551,474
3552,1361
3553,1001
3554,1490
3555,454
3556,567
3557,2453
3558,1171
3559,501
3560,2471
3561,2022
3562,1392
3563,1181
3564,1216
3565,625
3566,1467
3567,1813
3568,1949
3569,739
3570,976
3571,1068
3572,1634
3573,1468
3574,1028
3575,4177
3576,1433
3577,1230
3578,893
3579,1463
3580,1508
3581,1168
3582,1243
3583,490
3584,2382
3585,2321
3586,605
3587,1400
3588,2616
3589,1031
3590,312
3591,1625
3592,675
3593,1706
3594,664
3595,1831
3596,693
3597,905
3598,686
3599,949
3600,790
3601,1229
3602,1087
3603,950
3604,1273
3605,3623
3606,485
3607,1951
3608,805
3609,1288
3610,613
3611,2763
3612,833
3613,651
3614,828
3615,1039
3616,2120
3617,686
3618,1056
3619,2092
3620,770
3621,423
3622,1445
3623,676
3624,595
3625,2474
3626,2990
3627,873
3628,466
3629,1031
3630,1674
3631,450
3632,930
3633,1284
3634,1598
3635,1036
3636,707
3637,676
3638,1285
3639,790
3640,1412
3641,981
3642,4425
3643,1422
3644,2744
3645,1147
3646,1514
3647,819
3648,1455
3649,1207
3650,799
3651,1215
3652,1625
3653,988
3654,2260
3655,749
3656,1270
3657,963
3658,641
3659,433
3660,3643
3661,532
3662,688
3663,675
3664,786
3665,348
3666,944
3667,2217
3668,5660
3669,474
3670,759
3671,1459
3672,1256
3673,2057
3674,1346
3675,2095
3676,705
3677,570
3678,1270
3679,1204
3680,1337
3681,892
3682,726
3683,4618
3684,678
3685,967
3686,2048
3687,1357
3688,1926
3689,996
3690,618
3691,523
3692,1667
3693,1412
3694,1136
3695,732
3696,1074
3697,1626
3698,772
3699,2810
3700,435
3701,1421
3702,515
3703,742
3704,831
3705,1873
3706,416
3707,1669
3708,956
3709,1106
3710,1025
3711,1481
3712,729
3713,749
3714,1827
3715,2959
3716,922
3717,1465
3718,1006
3719,4190
3720,367
3721,11686
3722,691
3723,995
3724,1271
3725,535
3726,702
3727,2355
3728,670
3729,2236
3730,976
3731,626
3732,1098
3733,1190
3734,775
3735,1165
3736,1991
3737,1016
3738,981
3739,1199
3740,842
3741,1493
3742,1374
3743,1152
3744,1619
3745,1409
3746,1618
3747,1118
3748,1207
3749,1554
3750,449
3751,1709
3752,406
3753,806
3754,820
3755,1568
3756,5636
3757,841
3758,840
3759,1023
3760,502
3761,1381
3762,2213
3763,1544
3764,2825
3765,597
3766,1196
3767,713
3768,737
3769,1917
3770,2503
3771,2640
3772,1915
3773,5379
3774,2822
3775,661
3776,985
3777,922
3778,2010
3779,545
3780,1576
3781,1115
3782,3047
3783,461
3784,450
3785,1874
3786,1023
3787,859
3788,1497
3789,1004
3790,4120
3791,1125
3792,1215
3793,9624
3794,1488
3795,596
3796,2100
3797,969
3798,1189
3799,690
3800,1526
3801,750
3802,1035
3803,1407
3804,678
3805,765
3806,911
3807,1399
3808,1149
3809,1042
3810,1539
3811,700
3812,441
3813,2507
3814,791
3815,3589
3816,2494
3817,1787
3818,1059
3819,1139
3820,2496
3821,1337
3822,489
3823,745
3824,862
3825,962
3826,2491
3827,502
3828,2774
3829,2069
3830,1444
3831,1456
3832,747
3833,2237
3834,980
3835,1445
3836,888
3837,598
3838,1351
3839,662
3840,1259
3841,604
3842,460
3843,848
3844,3728
3845,577
3846,1151
3847,805
3848,1941
3849,352
3850,2165
3851,642
3852,560
3853,1467
3854,928
3855,1636
3856,963
3857,1371
3858,2439
3859,471
3860,348
3861,1088
3862,1403
3863,699
3864,1570
3865,734
3866,1408
3867,796
3868,892
3869,449
3870,2104
3871,1792
3872,1010
3873,561
3874,1374
3875,1385
3876,1714
3877,576
3878,983
3879,734
3880,641
3881,455
3882,1558
3883,1197
3884,1701
3885,1607
3886,2767
3887,782
3888,1961
3889,738
3890,608
3891,1939
3892,673
3893,1511
3894,1439
3895,1341
3896,3190
3897,758
3898,823
3899,537
3900,571
3901,1296
3902,1221
3903,2139
3904,1464
3905,862
3906,1007
3907,776
3908,481
3909,701
3910,817
3911,905
3912,1310
3913,755
3914,1294
3915,406
3916,1117
3917,1529
3918,1318
3919,1688
3920,932
3921,756
3922,1120
3923,1325
3924,2414
3925,709
3926,593
3927,852
3928,1531
3929,848
3930,1020
3931,810
3932,836
3933,1087
3934,952
3935,600
3936,1081
3937,1330
3938,1481
3939,1067
3940,1372
3941,820
3942,613
3943,1453
3944,685
3945,656
3946,3285
3947,530
3948,872
3949,833
3950,686
3951,626
3952,965
3953,976
3954,708
3955,1925
3956,1083
3957,752
3958,779
3959,713
3960,1079
3961,931
3962,807
3963,650
3964,1158
3965,443
3966,1626
3967,759
3968,352
3969,876
3970,851
3971,1613
3972,1294
3973,1530
3974,714
3975,778
3976,926
3977,1344
3978,2253
3979,1975
3980,584
3981,654
3982,1029
3983,706
3984,2945
3985,814
3986,1283
3987,713
3988,4517
3989,413
3990,1024
3991,404
3992,621
3993,1260
3994,1714
3995,892
3996,1192
3997,2237
3998,1427
3999,2473
4000,1286
4001,904
4002,598
4003,862
4004,895
4005,830
4006,823
4007,726
4008,990
4009,3077
4010,727
4011,2674
4012,827
4013,492
4014,2234
4015,1065
4016,312
4017,1424
4018,2172
4019,1009
4020,1152
4021,1805
4022,1983
4023,484
4024,1582
4025,539
4026,1572
4027,2567
4028,612
4029,2373
4030,639
4031,686
4032,736
4033,897
4034,1878
4035,1835
4036,702
4037,1025
4038,1250
4039,969
4040,655
4041,2029
4042,1143
4043,11937
4044,1800
4045,702
4046,2400
4047,3290
4048,1861
4049,803
4050,1017
4051,2670
4052,654
4053,1231
4054,1566
4055,693
4056,592
4057,1062
4058,892
4059,5414
4060,2494
4061,2690
4062,822
4063,2037
4064,1346
4065,636
4066,2803
4067,671
4068,1620
4069,1227
4070,4113
4071,2568
4072,2045
4073,542
4074,861
4075,1174
4076,980
4077,1078
4078,1346
4079,669
4080,1014
4081,396
4082,1914
4083,1605
4084,775
4085,983
4086,352
4087,1305
4088,4370
4089,712
4090,625
4091,814
4092,782
4093,558
4094,702
4095,1028
