0,11448
1,19111
2,16056
3,15655
4,12015
5,12796
6,16830
7,24261
8,15325
9,15036
10,17159
11,13973
12,12637
13,16593
14,16396
15,19617
16,14081
17,14960
18,15705
19,14693
20,15131
21,15632
22,13441
23,14457
24,12136
25,14789
26,16073
27,13753
28,13747
29,15994
30,12869
31,12833
32,12917
33,13202
34,15838
35,13170
36,16842
37,13694
38,12179
39,15894
40,15574
41,14498
42,13804
43,17348
44,14397
45,12685
46,13378
47,11381
48,12161
49,13488
50,15156
51,12949
52,11825
53,15494
54,12766
55,16924
56,14149
57,19627
58,12653
59,14422
60,13857
61,13376
62,17459
63,17637
64,12020
65,15730
66,12353
67,14918
68,16767
69,15328
70,15672
71,11791
72,15668
73,13744
74,15416
75,13690
76,15387
77,11931
78,12367
79,17190
80,16265
81,12018
82,14017
83,13528
84,16854
85,13610
86,14529
87,13795
88,18954
89,13965
90,10976
91,11897
92,13129
93,11860
94,15305
95,13717
96,15858
97,16463
98,17631
99,14228
100,13243
101,16137
102,13671
103,14422
104,14018
105,12787
106,16640
107,17322
108,14752
109,20128
110,12885
111,15695
112,13040
113,14134
114,13546
115,15527
116,14350
117,14068
118,12879
119,16405
120,14332
121,14750
122,11202
123,13058
124,11824
125,12016
126,16093
127,16684
128,13004
129,16479
130,24453
131,13079
132,16904
133,12125
134,15109
135,10715
136,15087
137,20747
138,18171
139,13548
140,14728
141,20456
142,13100
143,11956
144,12746
145,13793
146,19629
147,17726
148,13581
149,11168
150,14265
151,13756
152,12201
153,13151
154,13314
155,12332
156,17259
157,12388
158,13804
159,14663
160,16668
161,14556
162,13110
163,13427
164,16388
165,15227
166,11370
167,21138
168,20109
169,16867
170,14079
171,11578
172,15395
173,21026
174,14150
175,13594
176,15546
177,18430
178,11433
179,13556
180,15496
181,16214
182,17714
183,16712
184,13790
185,13592
186,12719
187,13598
188,10437
189,11789
190,12892
191,14379
192,15378
193,15735
194,15676
195,20007
196,12582
197,15615
198,14549
199,15319
200,16309
201,11842
202,12476
203,16411
204,13043
205,14909
206,15742
207,10869
208,11763
209,13687
210,11606
211,17865
212,12850
213,14740
214,15493
215,16277
216,15835
217,18655
218,17889
219,15793
220,13984
221,16790
222,15075
223,15099
224,12591
225,13198
226,13365
227,17333
228,14625
229,15874
230,13941
231,15023
232,12024
233,17086
234,14949
235,19276
236,14258
237,13811
238,12679
239,11560
240,17600
241,14837
242,16042
243,17386
244,15008
245,13372
246,15752
247,20425
248,12782
249,12714
250,12581
251,16173
252,18203
253,13887
254,13332
255,12579
256,15970
257,17986
258,12747
259,13091
260,15724
261,15479
262,14814
263,13842
264,14765
265,15661
266,13609
267,12961
268,12057
269,18671
270,17359
271,15691
272,14051
273,15078
274,16712
275,17373
276,13110
277,14122
278,14772
279,12548
280,16278
281,11253
282,15833
283,14477
284,14154
285,11182
286,14576
287,14423
288,15496
289,17829
290,12709
291,13778
292,12269
293,12532
294,15967
295,20484
296,12889
297,14966
298,11692
299,11268
300,13517
301,15234
302,14474
303,10537
304,15008
305,14677
306,12682
307,13903
308,15696
309,13523
310,18776
311,14692
312,16605
313,12304
314,14448
315,12214
316,14871
317,11668
318,15477
319,12023
320,14124
321,17324
322,13321
323,12972
324,14754
325,17933
326,15792
327,15045
328,13536
329,13715
330,14499
331,13565
332,16784
333,14809
334,16482
335,11893
336,15989
337,11827
338,12734
339,20610
340,19087
341,14803
342,14567
343,14725
344,10864
345,14674
346,14812
347,15143
348,20400
349,18828
350,11564
351,15357
352,23019
353,14734
354,12720
355,14622
356,12351
357,15148
358,13866
359,13011
360,13146
361,13212
362,24354
363,17294
364,8546
365,13386
366,21404
367,14307
368,14183
369,15182
370,17260
371,16086
372,14675
373,16398
374,16874
375,13031
376,13194
377,15688
378,14139
379,16799
380,14493
381,13786
382,15644
383,15088
384,13421
385,13557
386,12324
387,16716
388,13755
389,12349
390,23196
391,15150
392,17641
393,10620
394,14969
395,13847
396,12729
397,13690
398,15762
399,19950
400,17991
401,14012
402,15951
403,10692
404,14252
405,22182
406,13671
407,15972
408,13764
409,12785
410,14520
411,11673
412,13551
413,16855
414,14925
415,11570
416,14189
417,16255
418,12010
419,14965
420,14549
421,13042
422,13038
423,11949
424,18263
425,14363
426,15796
427,20222
428,15895
429,11976
430,13890
431,15086
432,16740
433,12839
434,12286
435,14849
436,15257
437,15458
438,13184
439,16439
440,13964
441,15186
442,12796
443,16948
444,16453
445,12570
446,18223
447,19898
448,13700
449,15840
450,13013
451,12384
452,14315
453,16400
454,11338
455,16071
456,14938
457,10988
458,17558
459,18256
460,16578
461,12533
462,24945
463,11801
464,13238
465,14209
466,15200
467,13558
468,13423
469,17444
470,14878
471,13203
472,13956
473,14427
474,13478
475,12204
476,14991
477,16249
478,12637
479,14297
480,19365
481,13452
482,13487
483,16554
484,13740
485,12467
486,14625
487,14716
488,13080
489,15171
490,20638
491,18170
492,16800
493,15964
494,12223
495,13462
496,17197
497,14973
498,15084
499,11094
500,17021
501,17426
502,15873
503,17429
504,15585
505,13505
506,12269
507,12665
508,17406
509,18111
510,12542
511,9861
512,13160
513,14704
514,13791
515,17316
516,17788
517,12202
518,11846
519,14372
520,11752
521,9122
522,13861
523,11055
524,13276
525,13488
526,15231
527,15697
528,12583
529,17643
530,14989
531,15448
532,11572
533,14221
534,14398
535,15014
536,13848
537,13825
538,13877
539,14126
540,13592
541,16672
542,16463
543,18100
544,16136
545,13008
546,12717
547,12301
548,14989
549,15204
550,20494
551,10468
552,13351
553,13225
554,15665
555,12354
556,13978
557,16076
558,22229
559,13705
560,15243
561,17672
562,16185
563,16283
564,13429
565,15778
566,17224
567,13911
568,14036
569,18881
570,18864
571,16726
572,14872
573,13238
574,18646
575,12871
576,14773
577,15634
578,13393
579,14990
580,19364
581,17695
582,13998
583,13792
584,14464
585,13837
586,12945
587,13248
588,14662
589,11978
590,13755
591,13628
592,16536
593,19482
594,11043
595,15431
596,16489
597,12375
598,14400
599,15115
600,13798
601,12447
602,14362
603,16199
604,15489
605,16034
606,14686
607,17863
608,14337
609,14444
610,14967
611,19411
612,15761
613,13315
614,14512
615,12385
616,13639
617,12887
618,13098
619,12770
620,14856
621,14467
622,12136
623,12791
624,14591
625,10978
626,17669
627,16032
628,10859
629,13559
630,13505
631,11819
632,12048
633,16607
634,11447
635,14410
636,12533
637,13450
638,13063
639,14502
640,12573
641,12918
642,17029
643,15109
644,15321
645,11650
646,15354
647,16239
648,12583
649,15640
650,14687
651,9541
652,14887
653,15674
654,14184
655,18647
656,10802
657,15887
658,15012
659,13231
660,10637
661,15107
662,13327
663,12801
664,14299
665,12400
666,12530
667,17058
668,15432
669,12962
670,19564
671,15822
672,13562
673,14741
674,11317
675,13443
676,14342
677,17286
678,13562
679,13728
680,15347
681,13890
682,10667
683,17899
684,16762
685,16537
686,16864
687,12100
688,15352
689,13310
690,14693
691,13537
692,15564
693,14140
694,12281
695,18417
696,13132
697,12830
698,17349
699,17370
700,10656
701,15225
702,15457
703,14016
704,13410
705,14734
706,20598
707,14503
708,10113
709,13478
710,13168
711,15814
712,13056
713,12128
714,18328
715,14034
716,14650
717,13324
718,13638
719,16209
720,15697
721,23324
722,17724
723,15197
724,14358
725,13554
726,15244
727,14704
728,12965
729,12828
730,13639
731,11144
732,14650
733,14395
734,18272
735,11142
736,19244
737,14351
738,12780
739,18200
740,12401
741,13713
742,14742
743,14837
744,18540
745,12959
746,13935
747,12264
748,11137
749,11530
750,14961
751,15890
752,15588
753,12948
754,17055
755,14358
756,12825
757,10342
758,14601
759,13774
760,16823
761,12855
762,14482
763,12187
764,14113
765,11178
766,14337
767,13128
768,14459
769,11022
770,12976
771,15068
772,18710
773,14497
774,16934
775,18861
776,17698
777,17427
778,14253
779,23842
780,19170
781,14184
782,12865
783,13961
784,18384
785,15863
786,16018
787,15732
788,17048
789,11981
790,13502
791,12901
792,16116
793,12525
794,14438
795,15388
796,16397
797,14509
798,15344
799,12872
800,12261
801,13174
802,16429
803,16049
804,14001
805,12609
806,17250
807,15105
808,26784
809,13277
810,13030
811,13595
812,12795
813,13061
814,10569
815,14720
816,12819
817,17714
818,20934
819,14107
820,16638
821,15406
822,15908
823,14623
824,16335
825,12873
826,14352
827,19599
828,15099
829,16833
830,11987
831,14608
832,16282
833,17105
834,19566
835,13443
836,15836
837,15535
838,15988
839,13036
840,12618
841,14015
842,15143
843,11453
844,13413
845,13721
846,14137
847,13221
848,13435
849,15123
850,13708
851,13625
852,15763
853,12747
854,12854
855,18528
856,14453
857,16508
858,12311
859,14689
860,16721
861,13407
862,15307
863,13204
864,12069
865,13263
866,14457
867,12489
868,12750
869,22320
870,14506
871,15824
872,11561
873,13835
874,12445
875,20349
876,17836
877,19351
878,14404
879,11786
880,14217
881,13728
882,11497
883,14760
884,11450
885,13637
886,13341
887,11515
888,11641
889,14962
890,15746
891,15095
892,15928
893,13579
894,15819
895,13216
896,11739
897,10683
898,14675
899,14865
900,12210
901,20333
902,13796
903,11990
904,14414
905,17334
906,14049
907,15427
908,13555
909,15461
910,12678
911,12490
912,15525
913,12789
914,15550
915,16264
916,17407
917,14902
918,13565
919,13268
920,11984
921,16669
922,10954
923,18000
924,17545
925,13777
926,11785
927,10381
928,15056
929,15831
930,14407
931,13747
932,16218
933,20532
934,15862
935,12805
936,17636
937,13499
938,19444
939,17976
940,15372
941,14580
942,17528
943,14730
944,13452
945,12032
946,18625
947,14714
948,12609
949,17908
950,13153
951,19100
952,14162
953,13968
954,14579
955,14933
956,13097
957,12878
958,14630
959,11527
960,15799
961,17913
962,17363
963,14374
964,23659
965,14840
966,14356
967,14001
968,14656
969,15738
970,14542
971,13085
972,17423
973,13046
974,12314
975,17243
976,17323
977,11377
978,15727
979,16051
980,13336
981,16815
982,12379
983,13968
984,15104
985,13103
986,18706
987,13375
988,19341
989,13463
990,17517
991,11840
992,17232
993,11365
994,12215
995,15166
996,20463
997,16206
998,12502
999,19563
1000,11576
1001,12773
1002,12189
1003,15137
1004,15094
1005,11074
1006,13622
1007,12168
1008,11400
1009,14521
1010,16206
1011,11156
1012,16886
1013,18450
1014,13927
1015,17446
1016,17122
1017,11965
1018,13994
1019,13788
1020,15191
1021,14715
1022,13930
1023,11373
1024,17982
1025,14363
1026,14757
1027,13411
1028,14090
1029,15287
1030,12286
1031,14157
1032,14449
1033,14293
1034,12845
1035,16533
1036,15970
1037,13646
1038,11242
1039,13086
1040,11889
1041,14720
1042,14450
1043,14090
1044,13147
1045,15622
1046,15103
1047,13963
1048,11781
1049,12620
1050,15533
1051,11487
1052,14284
1053,13569
1054,14487
1055,15153
1056,12534
1057,12104
1058,12796
1059,12226
1060,15740
1061,14295
1062,16109
1063,13618
1064,18254
1065,13497
1066,12338
1067,13499
1068,11938
1069,14850
1070,14511
1071,11852
1072,18027
1073,13481
1074,11496
1075,13731
1076,12008
1077,13029
1078,13986
1079,20060
1080,15706
1081,15088
1082,14491
1083,13479
1084,13958
1085,16873
1086,11300
1087,14549
1088,13252
1089,15324
1090,12694
1091,14365
1092,16503
1093,14180
1094,14477
1095,19283
1096,15793
1097,14011
1098,13133
1099,15061
1100,14373
1101,13235
1102,19112
1103,10438
1104,19772
1105,16508
1106,14681
1107,18186
1108,12325
1109,16996
1110,14749
1111,16469
1112,11230
1113,13126
1114,17258
1115,23466
1116,18593
1117,15466
1118,16306
1119,13463
1120,19362
1121,11397
1122,14743
1123,12224
1124,18489
1125,12576
1126,18990
1127,12493
1128,15348
1129,16078
1130,12475
1131,14194
1132,13577
1133,15759
1134,12918
1135,16980
1136,14561
1137,15832
1138,13035
1139,22829
1140,15827
1141,15094
1142,11044
1143,13145
1144,17945
1145,14797
1146,14436
1147,11810
1148,14433
1149,16496
1150,14184
1151,14063
1152,13575
1153,14198
1154,18061
1155,16149
1156,18342
1157,15422
1158,13776
1159,17299
1160,11742
1161,16898
1162,13121
1163,12558
1164,15683
1165,15012
1166,15036
1167,14424
1168,9895
1169,17084
1170,13843
1171,17228
1172,15683
1173,13216
1174,11600
1175,14933
1176,13690
1177,12607
1178,21124
1179,11459
1180,15531
1181,12147
1182,15899
1183,11733
1184,11241
1185,13180
1186,13098
1187,17172
1188,15295
1189,18697
1190,13537
1191,12721
1192,15781
1193,11574
1194,13682
1195,12125
1196,16512
1197,14190
1198,13013
1199,14083
1200,13117
1201,11218
1202,15777
1203,16258
1204,15478
1205,13937
1206,18308
1207,15723
1208,13702
1209,12783
1210,17193
1211,15307
1212,14572
1213,14243
1214,13490
1215,10649
1216,11021
1217,13989
1218,11178
1219,20186
1220,12510
1221,14687
1222,14023
1223,13921
1224,16172
1225,14502
1226,14983
1227,17592
1228,14434
1229,15758
1230,12818
1231,15134
1232,11307
1233,12530
1234,12066
1235,15236
1236,15080
1237,20387
1238,18068
1239,18342
1240,13578
1241,14443
1242,14753
1243,16319
1244,15995
1245,10097
1246,17063
1247,13590
1248,21428
1249,13174
1250,13753
1251,13799
1252,14616
1253,18335
1254,13862
1255,23090
1256,11864
1257,12757
1258,15564
1259,15852
1260,16746
1261,16089
1262,15070
1263,17347
1264,19654
1265,13659
1266,18893
1267,11762
1268,13970
1269,15950
1270,16183
1271,15937
1272,13148
1273,16466
1274,13015
1275,13499
1276,14916
1277,14036
1278,12038
1279,12452
1280,18783
1281,16176
1282,16321
1283,14182
1284,13736
1285,14387
1286,13656
1287,12723
1288,15148
1289,14153
1290,13128
1291,13098
1292,13050
1293,14075
1294,16262
1295,15030
1296,11454
1297,13685
1298,13676
1299,19718
1300,13497
1301,12478
1302,12382
1303,11763
1304,12121
1305,16530
1306,14534
1307,16252
1308,13301
1309,14229
1310,12833
1311,18938
1312,17889
1313,15440
1314,15391
1315,15571
1316,17801
1317,13836
1318,15390
1319,11237
1320,12227
1321,13187
1322,16967
1323,11006
1324,12716
1325,15462
1326,15732
1327,13968
1328,13087
1329,13775
1330,10768
1331,12122
1332,12944
1333,17055
1334,14279
1335,15435
1336,11812
1337,10616
1338,12705
1339,11413
1340,14531
1341,14511
1342,13445
1343,14015
1344,14471
1345,14134
1346,16559
1347,11575
1348,20185
1349,18765
1350,15112
1351,13234
1352,13667
1353,16819
1354,13573
1355,14172
1356,15279
1357,14592
1358,15024
1359,12510
1360,13948
1361,13437
1362,16862
1363,11334
1364,15568
1365,14021
1366,16156
1367,15687
1368,14706
1369,16491
1370,12977
1371,12654
1372,13963
1373,24834
1374,14298
1375,13614
1376,13831
1377,12674
1378,16762
1379,18136
1380,15765
1381,16158
1382,17284
1383,19713
1384,21988
1385,15161
1386,14745
1387,18312
1388,13159
1389,10295
1390,16166
1391,17872
1392,14073
1393,13019
1394,14220
1395,14743
1396,14214
1397,12632
1398,13134
1399,21326
1400,14777
1401,12867
1402,15116
1403,13704
1404,13308
1405,14882
1406,14650
1407,13117
1408,11856
1409,16399
1410,16884
1411,15312
1412,13575
1413,14843
1414,11861
1415,14618
1416,13172
1417,12407
1418,16052
1419,13000
1420,13957
1421,13221
1422,16890
1423,16557
1424,15982
1425,11517
1426,11551
1427,16381
1428,11802
1429,9445
1430,13488
1431,14792
1432,11471
1433,9563
1434,11739
1435,15143
1436,15407
1437,17161
1438,20968
1439,17514
1440,19215
1441,12741
1442,13918
1443,16110
1444,14468
1445,10929
1446,12859
1447,13360
1448,13863
1449,12338
1450,16256
1451,15466
1452,13997
1453,18437
1454,14344
1455,16100
1456,15694
1457,12606
1458,14719
1459,14719
1460,12880
1461,12883
1462,16541
1463,18364
1464,13909
1465,15045
1466,13532
1467,12672
1468,19068
1469,13926
1470,12959
1471,15182
1472,14623
1473,14343
1474,10616
1475,17384
1476,12747
1477,13545
1478,14599
1479,16164
1480,13264
1481,18606
1482,18129
1483,13328
1484,16311
1485,11397
1486,15204
1487,12734
1488,13197
1489,24101
1490,14823
1491,13046
1492,15512
1493,15054
1494,15163
1495,14049
1496,13797
1497,12505
1498,15724
1499,13934
1500,13646
1501,11713
1502,14843
1503,11745
1504,14195
1505,14635
1506,14973
1507,15798
1508,13675
1509,10535
1510,12099
1511,15110
1512,15860
1513,13561
1514,11212
1515,13336
1516,20947
1517,10087
1518,12971
1519,17053
1520,15157
1521,16072
1522,15825
1523,15191
1524,16809
1525,10956
1526,12496
1527,15843
1528,20903
1529,11153
1530,13163
1531,11059
1532,11601
1533,14611
1534,12258
1535,11054
1536,12953
1537,16478
1538,13440
1539,15012
1540,19225
1541,12407
1542,14752
1543,12710
1544,13753
1545,14640
1546,12286
1547,12318
1548,17596
1549,15761
1550,14322
1551,13228
1552,14519
1553,12163
1554,12295
1555,12970
1556,12894
1557,14170
1558,16162
1559,13963
1560,16711
1561,13779
1562,14170
1563,13318
1564,12744
1565,13957
1566,18652
1567,15647
1568,14082
1569,15428
1570,12381
1571,15950
1572,13431
1573,11606
1574,15395
1575,16247
1576,13789
1577,14040
1578,11773
1579,12934
1580,13880
1581,15323
1582,15073
1583,15002
1584,11916
1585,12454
1586,16750
1587,14947
1588,18599
1589,11505
1590,24147
1591,12290
1592,15360
1593,13693
1594,13301
1595,13181
1596,12557
1597,10607
1598,15105
1599,12660
1600,13636
1601,16497
1602,11783
1603,13443
1604,18755
1605,12773
1606,15186
1607,14613
1608,13813
1609,17803
1610,12584
1611,12585
1612,14196
1613,17893
1614,14335
1615,13260
1616,13172
1617,16538
1618,19038
1619,11837
1620,15251
1621,12211
1622,12674
1623,17731
1624,14232
1625,19679
1626,13622
1627,12390
1628,14746
1629,9834
1630,16785
1631,16229
1632,15465
1633,14463
1634,11977
1635,19180
1636,17719
1637,13768
1638,13331
1639,11720
1640,16195
1641,15157
1642,15110
1643,12814
1644,22618
1645,15495
1646,15292
1647,11847
1648,13824
1649,15622
1650,14459
1651,18538
1652,11589
1653,21513
1654,12334
1655,12580
1656,11137
1657,11193
1658,15090
1659,12298
1660,11729
1661,16164
1662,15462
1663,13252
1664,13825
1665,18672
1666,14349
1667,18810
1668,11790
1669,12557
1670,18753
1671,14809
1672,12634
1673,12556
1674,18270
1675,13929
1676,16019
1677,17625
1678,13040
1679,13916
1680,13658
1681,11568
1682,15027
1683,16151
1684,14512
1685,13231
1686,14449
1687,13749
1688,12774
1689,15448
1690,12372
1691,14200
1692,11521
1693,15679
1694,18908
1695,21436
1696,12889
1697,15105
1698,18016
1699,13776
1700,16235
1701,10395
1702,18486
1703,15462
1704,11238
1705,13056
1706,18400
1707,15731
1708,17504
1709,12759
1710,13935
1711,17346
1712,13828
1713,13144
1714,12198
1715,13953
1716,16453
1717,13966
1718,14711
1719,13621
1720,13080
1721,14717
1722,14408
1723,11879
1724,13562
1725,14736
1726,19317
1727,16450
1728,14627
1729,20472
1730,13837
1731,14743
1732,10983
1733,11483
1734,15844
1735,14230
1736,17334
1737,12132
1738,16076
1739,15942
1740,14101
1741,14742
1742,14895
1743,17088
1744,15424
1745,14035
1746,15062
1747,12697
1748,14773
1749,13782
1750,12976
1751,19154
1752,11094
1753,13267
1754,16861
1755,16759
1756,13856
1757,14153
1758,17336
1759,14855
1760,16064
1761,19478
1762,12485
1763,13190
1764,12030
1765,14405
1766,14571
1767,12404
1768,12513
1769,16823
1770,14055
1771,15789
1772,13380
1773,12911
1774,14842
1775,14649
1776,14434
1777,16295
1778,14203
1779,10562
1780,15651
1781,12435
1782,17112
1783,15192
1784,12415
1785,15502
1786,16156
1787,12724
1788,16409
1789,13205
1790,15176
1791,14628
1792,15498
1793,14769
1794,17013
1795,19764
1796,13327
1797,16865
1798,15566
1799,14790
1800,14904
1801,16033
1802,16193
1803,15210
1804,17640
1805,12865
1806,12719
1807,14752
1808,14743
1809,10994
1810,15979
1811,14425
1812,12218
1813,13159
1814,13401
1815,13561
1816,12178
1817,14895
1818,15861
1819,17790
1820,12318
1821,13276
1822,14475
1823,16254
1824,14486
1825,15272
1826,17096
1827,29128
1828,18426
1829,11535
1830,15508
1831,15629
1832,12909
1833,13821
1834,16869
1835,14409
1836,16258
1837,14185
1838,10717
1839,15790
1840,18446
1841,13998
1842,18138
1843,14905
1844,13048
1845,13674
1846,15995
1847,16738
1848,14604
1849,16219
1850,11933
1851,14535
1852,17855
1853,13010
1854,19145
1855,11889
1856,12120
1857,14628
1858,17957
1859,13812
1860,16491
1861,15003
1862,15084
1863,14787
1864,12832
1865,12942
1866,17602
1867,14664
1868,15089
1869,13773
1870,13632
1871,12877
1872,11048
1873,16458
1874,13130
1875,14954
1876,13947
1877,13243
1878,12873
1879,21365
1880,14886
1881,16840
1882,16436
1883,14737
1884,18119
1885,15153
1886,15932
1887,10929
1888,12430
1889,18429
1890,15281
1891,16434
1892,15306
1893,12170
1894,11240
1895,11900
1896,13636
1897,13771
1898,11239
1899,16198
1900,14623
1901,12651
1902,12253
1903,15485
1904,14948
1905,13602
1906,18531
1907,13049
1908,11327
1909,13170
1910,13084
1911,14277
1912,14529
1913,15573
1914,15543
1915,15920
1916,18113
1917,18057
1918,13437
1919,17803
1920,20964
1921,14314
1922,20396
1923,17025
1924,13078
1925,13179
1926,14658
1927,17931
1928,12683
1929,16003
1930,14369
1931,13107
1932,12717
1933,15676
1934,14334
1935,17313
1936,14653
1937,15068
1938,12976
1939,13694
1940,14840
1941,11395
1942,14685
1943,13800
1944,16577
1945,14956
1946,12771
1947,15613
1948,13518
1949,15795
1950,10930
1951,14753
1952,16254
1953,13401
1954,11285
1955,17675
1956,15097
1957,15279
1958,11384
1959,13653
1960,13776
1961,16449
1962,14437
1963,16565
1964,11835
1965,13190
1966,14298
1967,15303
1968,13617
1969,17376
1970,19384
1971,8994
1972,12641
1973,14831
1974,11921
1975,16718
1976,16370
1977,14433
1978,13682
1979,14791
1980,11802
1981,16925
1982,13553
1983,10845
1984,16379
1985,13655
1986,15771
1987,13463
1988,18907
1989,14747
1990,12594
1991,16307
1992,17077
1993,15510
1994,13750
1995,12185
1996,14615
1997,15938
1998,11854
1999,14731
2000,15249
2001,10766
2002,16107
2003,13892
2004,12972
2005,13092
2006,14745
2007,15900
2008,11752
2009,11943
2010,17186
2011,28597
2012,15941
2013,13590
2014,16133
2015,13403
2016,13045
2017,17231
2018,18113
2019,17857
2020,15348
2021,12196
2022,12763
2023,11377
2024,15034
2025,14507
2026,14463
2027,13497
2028,16669
2029,14684
2030,17797
2031,13122
2032,18073
2033,18100
2034,12585
2035,16423
2036,13613
2037,16153
2038,11278
2039,14201
2040,12779
2041,15089
2042,13388
2043,17221
2044,13301
2045,19705
2046,19005
2047,14482
2048,15290
2049,13293
2050,14837
2051,11772
2052,14470
2053,13516
2054,12216
2055,12292
2056,12112
2057,13021
2058,12945
2059,13379
2060,14881
2061,15719
2062,10644
2063,15183
2064,13648
2065,11629
2066,13227
2067,11971
2068,14283
2069,12665
2070,17708
2071,12917
2072,10562
2073,17219
2074,14838
2075,13418
2076,13777
2077,13607
2078,13899
2079,14252
2080,17404
2081,10860
2082,15912
2083,14699
2084,13112
2085,16608
2086,11700
2087,13515
2088,12390
2089,13366
2090,11964
2091,10275
2092,16329
2093,14382
2094,13986
2095,12351
2096,15090
2097,12820
2098,15004
2099,18646
2100,14755
2101,15614
2102,12739
2103,17201
2104,18598
2105,12490
2106,14400
2107,13390
2108,14199
2109,22391
2110,17311
2111,11470
2112,12242
2113,17300
2114,15291
2115,11583
2116,14458
2117,14415
2118,12681
2119,18311
2120,15445
2121,11450
2122,15875
2123,13062
2124,14809
2125,12648
2126,15293
2127,15413
2128,15700
2129,14542
2130,12655
2131,13714
2132,15050
2133,21377
2134,16519
2135,13375
2136,16271
2137,15843
2138,12704
2139,18397
2140,17144
2141,16581
2142,15096
2143,15231
2144,13548
2145,11780
2146,15421
2147,11302
2148,13791
2149,20930
2150,11005
2151,12053
2152,16650
2153,13074
2154,13200
2155,13980
2156,13351
2157,16113
2158,13026
2159,16081
2160,12718
2161,16685
2162,14028
2163,12387
2164,10682
2165,11778
2166,17228
2167,20589
2168,12287
2169,14722
2170,14996
2171,14660
2172,16152
2173,14859
2174,25252
2175,13570
2176,18430
2177,13785
2178,15646
2179,15763
2180,14937
2181,16064
2182,13396
2183,16891
2184,13909
2185,14151
2186,16339
2187,14487
2188,15294
2189,20117
2190,20032
2191,14970
2192,12738
2193,15272
2194,11005
2195,15454
2196,11775
2197,19312
2198,20351
2199,14413
2200,15178
2201,9627
2202,19326
2203,17168
2204,14067
2205,14923
2206,13818
2207,17309
2208,15112
2209,16741
2210,13736
2211,14328
2212,12093
2213,15153
2214,11983
2215,13665
2216,14515
2217,11935
2218,15186
2219,15868
2220,14163
2221,13973
2222,13602
2223,14221
2224,14367
2225,12891
2226,14124
2227,10614
2228,17043
2229,14883
2230,9903
2231,16874
2232,15097
2233,15246
2234,16859
2235,11147
2236,11697
2237,13340
2238,12296
2239,15986
2240,14668
2241,12348
2242,9580
2243,17331
2244,12176
2245,15055
2246,14695
2247,13421
2248,16591
2249,16352
2250,16229
2251,11361
2252,15555
2253,11957
2254,15594
2255,14020
2256,12900
2257,12027
2258,15990
2259,14066
2260,14185
2261,14321
2262,15034
2263,14875
2264,14852
2265,13329
2266,12791
2267,14612
2268,11136
2269,16595
2270,14919
2271,15035
2272,16372
2273,13313
2274,14023
2275,17190
2276,19059
2277,14290
2278,12678
2279,14908
2280,14301
2281,14376
2282,14765
2283,12558
2284,13972
2285,13878
2286,16422
2287,16100
2288,12219
2289,11338
2290,18286
2291,13140
2292,13830
2293,13272
2294,14663
2295,18192
2296,12238
2297,13337
2298,13315
2299,16876
2300,14318
2301,13155
2302,15678
2303,16135
2304,14510
2305,19432
2306,14453
2307,15338
2308,13145
2309,18255
2310,14325
2311,11498
2312,14218
2313,15381
2314,13158
2315,14968
2316,17365
2317,17453
2318,15778
2319,16484
2320,11963
2321,16234
2322,15772
2323,13564
2324,14709
2325,20253
2326,14065
2327,14203
2328,15463
2329,15301
2330,15536
2331,20889
2332,10706
2333,14687
2334,14501
2335,15932
2336,16325
2337,14697
2338,13047
2339,16177
2340,11914
2341,17589
2342,13720
2343,12070
2344,15331
2345,13506
2346,13930
2347,12655
2348,13521
2349,14681
2350,11239
2351,13893
2352,14004
2353,16762
2354,15821
2355,13658
2356,15301
2357,11724
2358,16690
2359,14981
2360,12422
2361,14552
2362,16954
2363,13831
2364,16362
2365,14636
2366,14699
2367,15349
2368,13903
2369,17706
2370,14436
2371,13452
2372,13852
2373,14716
2374,13495
2375,14730
2376,15163
2377,14318
2378,16899
2379,14230
2380,12052
2381,10466
2382,14848
2383,14025
2384,12890
2385,16525
2386,13899
2387,16241
2388,15412
2389,12783
2390,15569
2391,14308
2392,15803
2393,13798
2394,17125
2395,14572
2396,16551
2397,13530
2398,18099
2399,20703
2400,15169
2401,12073
2402,18508
2403,15020
2404,13794
2405,17454
2406,12112
2407,14698
2408,14309
2409,10999
2410,16120
2411,15838
2412,16032
2413,11730
2414,10177
2415,12943
2416,16723
2417,14353
2418,11823
2419,10764
2420,15701
2421,14858
2422,15375
2423,12883
2424,15769
2425,13117
2426,15670
2427,16685
2428,14581
2429,12900
2430,15008
2431,14721
2432,15129
2433,15579
2434,12721
2435,13001
2436,13848
2437,14747
2438,17104
2439,16891
2440,17092
2441,16228
2442,12243
2443,11700
2444,16635
2445,16265
2446,15545
2447,12350
2448,17077
2449,17948
2450,16107
2451,14377
2452,14623
2453,12861
2454,15538
2455,15882
2456,14581
2457,14717
2458,15694
2459,15526
2460,11332
2461,13889
2462,15160
2463,18266
2464,14258
2465,18727
2466,13344
2467,13930
2468,14665
2469,12111
2470,11889
2471,14003
2472,12302
2473,13804
2474,16385
2475,17934
2476,13093
2477,14749
2478,13135
2479,12099
2480,21349
2481,13681
2482,15759
2483,12727
2484,13166
2485,13911
2486,16148
2487,15758
2488,14945
2489,14560
2490,14296
2491,22276
2492,13686
2493,13170
2494,14669
2495,14156
2496,12378
2497,15461
2498,11414
2499,11082
2500,21370
2501,11743
2502,14926
2503,12973
2504,13924
2505,13200
2506,14844
2507,12113
2508,13129
2509,12042
2510,17843
2511,14451
2512,13479
2513,13544
2514,16051
2515,16861
2516,13940
2517,15976
2518,11832
2519,15153
2520,14748
2521,17730
2522,12223
2523,13721
2524,21766
2525,16576
2526,12436
2527,17301
2528,17577
2529,12889
2530,10756
2531,13655
2532,9773
2533,18436
2534,12503
2535,13560
2536,12734
2537,19251
2538,15804
2539,15581
2540,17141
2541,12909
2542,12723
2543,13746
2544,11864
2545,12470
2546,16923
2547,17190
2548,17548
2549,12150
2550,16850
2551,14383
2552,15507
2553,13592
2554,13795
2555,12725
2556,14576
2557,14451
2558,14265
2559,12588
2560,15558
2561,11304
2562,14638
2563,13354
2564,14832
2565,12630
2566,13954
2567,17880
2568,11389
2569,14377
2570,17386
2571,14304
2572,13627
2573,11504
2574,13665
2575,13611
2576,15754
2577,12741
2578,14512
2579,13671
2580,15212
2581,13989
2582,16800
2583,14178
2584,14562
2585,17190
2586,14922
2587,17108
2588,15970
2589,13572
2590,12297
2591,21019
2592,14373
2593,12545
2594,12767
2595,12882
2596,14091
2597,16510
2598,17672
2599,15865
2600,15282
2601,11771
2602,18052
2603,14121
2604,19217
2605,16380
2606,21118
2607,11667
2608,14357
2609,18703
2610,17405
2611,14156
2612,14729
2613,14438
2614,14443
2615,13635
2616,16002
2617,12110
2618,14895
2619,16418
2620,15455
2621,13878
2622,12638
2623,15618
2624,9824
2625,19119
2626,18098
2627,14816
2628,12585
2629,18608
2630,17826
2631,13174
2632,12273
2633,10707
2634,13108
2635,10850
2636,11582
2637,13208
2638,11733
2639,15147
2640,16880
2641,15015
2642,14008
2643,17395
2644,9687
2645,17056
2646,14744
2647,13171
2648,11421
2649,12450
2650,11445
2651,13751
2652,13615
2653,16395
2654,21015
2655,17223
2656,15123
2657,12176
2658,14202
2659,15345
2660,12442
2661,24614
2662,11691
2663,18101
2664,12288
2665,12358
2666,14552
2667,15740
2668,13171
2669,14959
2670,11386
2671,14047
2672,16568
2673,11381
2674,14475
2675,9558
2676,14820
2677,13686
2678,12630
2679,14710
2680,11781
2681,13721
2682,13799
2683,19222
2684,13262
2685,13952
2686,11825
2687,12864
2688,12750
2689,12148
2690,16137
2691,14135
2692,14720
2693,12665
2694,12217
2695,15178
2696,19541
2697,14806
2698,16241
2699,14120
2700,12556
2701,12913
2702,16730
2703,17565
2704,17748
2705,15048
2706,13172
2707,10642
2708,13533
2709,19711
2710,16421
2711,14080
2712,12441
2713,15575
2714,13724
2715,12547
2716,11688
2717,13764
2718,14237
2719,12975
2720,14620
2721,14530
2722,10917
2723,13505
2724,14796
2725,13707
2726,12172
2727,14814
2728,13524
2729,12607
2730,11980
2731,15611
2732,15124
2733,13027
2734,14459
2735,16015
2736,16945
2737,13184
2738,12086
2739,16115
2740,12362
2741,12358
2742,16703
2743,13392
2744,19904
2745,13615
2746,17672
2747,15689
2748,11923
2749,15655
2750,17510
2751,16744
2752,13649
2753,16069
2754,14232
2755,12954
2756,16540
2757,12374
2758,15047
2759,13637
2760,16016
2761,14411
2762,18522
2763,15221
2764,12968
2765,15048
2766,20662
2767,21396
2768,14325
2769,14442
2770,14893
2771,17574
2772,12787
2773,11445
2774,13741
2775,11295
2776,17750
2777,14911
2778,12728
2779,14979
2780,12308
2781,14505
2782,14679
2783,12099
2784,12647
2785,15937
2786,11780
2787,14562
2788,15845
2789,17772
2790,17400
2791,11336
2792,13952
2793,16732
2794,17134
2795,13154
2796,11525
2797,13246
2798,15300
2799,15313
2800,13857
2801,12238
2802,14905
2803,14309
2804,13604
2805,14752
2806,12736
2807,15245
2808,13456
2809,13766
2810,16023
2811,13857
2812,11603
2813,17124
2814,15685
2815,12488
2816,14653
2817,14643
2818,15248
2819,15209
2820,13263
2821,15453
2822,13700
2823,15143
2824,17172
2825,15582
2826,14103
2827,13984
2828,13488
2829,15292
2830,16299
2831,16002
2832,10438
2833,14997
2834,14742
2835,14667
2836,15683
2837,16285
2838,14826
2839,17474
2840,14643
2841,12064
2842,15002
2843,13850
2844,17734
2845,12530
2846,13417
2847,13067
2848,13018
2849,16045
2850,14474
2851,15402
2852,12624
2853,11869
2854,15593
2855,17057
2856,13808
2857,17374
2858,12546
2859,16844
2860,16042
2861,13765
2862,12548
2863,10269
2864,13486
2865,11470
2866,19592
2867,15968
2868,16049
2869,10753
2870,14608
2871,15202
2872,13278
2873,11814
2874,13510
2875,14920
2876,17786
2877,16712
2878,11313
2879,13488
2880,12705
2881,12039
2882,9822
2883,12792
2884,13068
2885,16391
2886,18481
2887,14621
2888,16681
2889,14714
2890,17155
2891,16375
2892,13687
2893,14209
2894,12820
2895,13531
2896,17874
2897,16454
2898,13695
2899,15941
2900,16754
2901,12698
2902,12696
2903,11081
2904,13148
2905,12652
2906,17616
2907,13347
2908,15051
2909,14797
2910,11979
2911,14110
2912,11757
2913,16413
2914,12702
2915,17303
2916,17177
2917,15100
2918,15712
2919,16158
2920,18393
2921,13254
2922,14222
2923,18721
2924,19888
2925,14831
2926,16464
2927,16423
2928,19076
2929,14613
2930,15596
2931,12749
2932,15431
2933,16660
2934,12982
2935,13950
2936,18379
2937,17967
2938,11687
2939,14490
2940,12318
2941,14552
2942,12482
2943,11691
2944,14573
2945,12792
2946,14602
2947,17567
2948,20305
2949,11966
2950,15906
2951,15117
2952,16084
2953,14761
2954,15115
2955,11498
2956,14773
2957,14835
2958,15305
2959,14040
2960,14086
2961,13497
2962,15665
2963,12391
2964,11542
2965,18339
2966,11276
2967,14038
2968,13783
2969,11675
2970,17922
2971,13007
2972,13676
2973,10841
2974,12168
2975,12864
2976,10617
2977,12480
2978,12116
2979,17652
2980,14348
2981,21312
2982,14090
2983,18909
2984,13145
2985,12858
2986,15768
2987,13498
2988,14364
2989,12377
2990,11381
2991,14058
2992,14643
2993,12705
2994,11948
2995,13756
2996,16267
2997,17424
2998,14799
2999,14861
3000,16956
3001,11793
3002,16721
3003,18483
3004,14370
3005,21946
3006,18791
3007,14144
3008,13934
3009,15059
3010,19135
3011,11833
3012,13994
3013,14656
3014,13748
3015,15214
3016,13921
3017,13480
3018,13263
3019,15815
3020,21277
3021,12663
3022,16406
3023,14993
3024,15711
3025,11850
3026,15181
3027,13388
3028,11649
3029,11142
3030,15649
3031,16038
3032,17087
3033,15212
3034,12362
3035,10237
3036,15468
3037,11877
3038,17089
3039,14562
3040,13007
3041,17040
3042,13776
3043,13206
3044,12565
3045,14231
3046,13169
3047,12823
3048,12829
3049,16521
3050,12403
3051,14719
3052,13697
3053,13111
3054,12756
3055,14415
3056,14761
3057,15123
3058,14470
3059,14010
3060,13070
3061,13468
3062,17408
3063,12625
3064,17754
3065,11587
3066,11967
3067,15168
3068,13407
3069,12167
3070,12086
3071,12795
3072,13717
3073,13487
3074,15309
3075,14420
3076,12588
3077,23567
3078,15289
3079,16384
3080,14340
3081,13394
3082,19301
3083,14230
3084,14835
3085,12223
3086,13939
3087,18537
3088,13025
3089,13903
3090,16563
3091,12117
3092,16512
3093,15333
3094,13702
3095,21804
3096,16114
3097,13235
3098,15780
3099,14953
3100,15677
3101,16629
3102,15267
3103,12517
3104,14451
3105,12430
3106,13700
3107,12906
3108,12052
3109,13146
3110,14020
3111,14227
3112,12426
3113,11881
3114,12293
3115,12574
3116,16112
3117,13208
3118,14230
3119,12839
3120,16282
3121,12380
3122,14503
3123,13759
3124,14290
3125,13655
3126,14804
3127,13352
3128,14562
3129,15205
3130,13575
3131,14392
3132,12953
3133,11644
3134,19911
3135,11980
3136,18339
3137,14106
3138,13528
3139,12033
3140,14580
3141,14644
3142,11782
3143,14172
3144,17846
3145,11168
3146,11640
3147,14103
3148,13503
3149,14091
3150,14972
3151,18108
3152,17342
3153,12249
3154,14262
3155,13770
3156,10839
3157,14247
3158,16236
3159,15366
3160,12901
3161,14943
3162,17100
3163,11911
3164,12750
3165,15564
3166,16515
3167,13688
3168,15325
3169,14660
3170,13509
3171,10639
3172,13238
3173,18929
3174,12959
3175,16149
3176,12852
3177,13419
3178,17164
3179,12957
3180,11068
3181,13768
3182,11068
3183,15030
3184,19508
3185,11093
3186,14384
3187,12590
3188,13752
3189,12841
3190,13799
3191,18244
3192,13094
3193,11731
3194,14855
3195,13890
3196,12620
3197,16582
3198,13834
3199,13665
3200,11818
3201,15415
3202,16043
3203,12591
3204,13980
3205,12264
3206,16212
3207,13869
3208,12856
3209,12942
3210,14818
3211,12786
3212,14652
3213,12955
3214,15198
3215,15781
3216,13836
3217,22255
3218,14086
3219,11778
3220,14104
3221,13504
3222,17194
3223,12662
3224,16882
3225,14521
3226,14427
3227,15304
3228,19051
3229,15266
3230,17616
3231,14619
3232,14583
3233,16549
3234,13567
3235,17790
3236,16973
3237,22569
3238,14181
3239,14059
3240,11140
3241,14570
3242,15803
3243,15712
3244,14169
3245,13811
3246,13386
3247,11596
3248,13519
3249,13574
3250,22084
3251,14627
3252,12402
3253,12673
3254,13652
3255,12969
3256,13051
3257,16212
3258,18566
3259,16271
3260,16823
3261,12139
3262,15951
3263,13899
3264,15237
3265,26825
3266,16005
3267,16661
3268,11350
3269,14844
3270,12028
3271,15345
3272,18023
3273,12431
3274,10948
3275,13882
3276,15395
3277,16008
3278,11716
3279,16607
3280,13496
3281,14722
3282,11359
3283,13718
3284,18688
3285,12859
3286,14018
3287,12392
3288,17513
3289,14316
3290,13645
3291,15578
3292,16115
3293,16935
3294,12812
3295,16383
3296,17366
3297,16026
3298,15322
3299,12311
3300,13563
3301,12402
3302,11524
3303,13860
3304,13705
3305,12603
3306,15311
3307,13692
3308,12994
3309,18650
3310,12375
3311,13425
3312,12620
3313,14279
3314,17791
3315,12714
3316,12639
3317,15739
3318,13136
3319,14710
3320,13486
3321,14104
3322,12855
3323,13419
3324,13314
3325,15071
3326,16143
3327,11784
3328,15842
3329,17195
3330,13258
3331,12767
3332,15867
3333,12717
3334,13113
3335,16079
3336,20843
3337,11222
3338,17232
3339,15398
3340,12385
3341,12614
3342,13490
3343,12790
3344,12542
3345,16473
3346,11020
3347,13728
3348,10470
3349,13111
3350,16248
3351,17188
3352,14146
3353,13394
3354,14521
3355,10948
3356,12242
3357,19208
3358,17587
3359,13962
3360,17812
3361,16246
3362,11286
3363,13157
3364,13151
3365,14057
3366,13230
3367,17010
3368,12932
3369,13374
3370,15126
3371,13001
3372,14553
3373,17129
3374,11519
3375,17788
3376,9694
3377,17377
3378,16194
3379,11375
3380,17230
3381,12736
3382,14952
3383,14174
3384,14967
3385,12336
3386,19352
3387,17454
3388,15054
3389,14633
3390,15481
3391,13310
3392,16587
3393,10447
3394,16093
3395,11730
3396,12071
3397,12563
3398,13520
3399,17170
3400,12242
3401,16634
3402,24325
3403,13312
3404,13783
3405,16069
3406,11696
3407,17646
3408,17159
3409,13266
3410,14116
3411,18737
3412,13121
3413,15604
3414,26127
3415,14004
3416,16565
3417,12028
3418,14150
3419,15667
3420,14474
3421,13089
3422,16304
3423,12458
3424,12580
3425,13299
3426,13210
3427,13905
3428,11919
3429,18563
3430,12746
3431,16745
3432,16764
3433,13183
3434,17242
3435,14255
3436,15264
3437,14071
3438,18246
3439,14506
3440,14449
3441,13201
3442,13250
3443,18039
3444,15369
3445,15440
3446,12581
3447,14098
3448,14827
3449,17435
3450,13291
3451,13651
3452,11400
3453,15160
3454,16349
3455,14895
3456,15091
3457,15980
3458,12045
3459,13971
3460,16049
3461,12236
3462,15278
3463,16671
3464,13543
3465,11806
3466,11930
3467,12885
3468,17258
3469,15394
3470,13924
3471,14251
3472,12147
3473,16341
3474,12977
3475,15477
3476,15927
3477,14945
3478,10665
3479,13194
3480,14348
3481,16693
3482,14178
3483,13178
3484,13291
3485,9029
3486,14904
3487,13993
3488,12293
3489,15614
3490,20812
3491,15570
3492,12838
3493,14514
3494,14134
3495,23705
3496,17852
3497,13443
3498,14908
3499,10147
3500,13107
3501,14376
3502,12902
3503,12178
3504,14866
3505,12669
3506,13940
3507,12924
3508,17238
3509,15433
3510,17637
3511,14961
3512,16856
3513,19605
3514,11099
3515,11354
3516,13107
3517,14774
3518,15561
3519,12175
3520,13687
3521,17673
3522,12564
3523,12044
3524,14041
3525,11557
3526,12106
3527,12157
3528,11314
3529,18132
3530,11442
3531,15754
3532,13456
3533,11490
3534,14971
3535,19295
3536,17242
3537,15089
3538,15220
3539,13373
3540,13205
3541,15741
3542,13033
3543,28578
3544,13882
3545,11518
3546,15839
3547,13757
3548,11708
3549,14598
3550,15175
3551,11789
3552,12220
3553,16963
3554,13861
3555,12392
3556,11838
3557,18097
3558,11931
3559,12595
3560,17526
3561,16702
3562,14873
3563,14561
3564,13890
3565,13119
3566,13490
3567,16958
3568,14601
3569,13242
3570,16429
3571,12853
3572,12880
3573,13918
3574,13920
3575,19124
3576,15349
3577,16436
3578,16143
3579,13963
3580,13885
3581,15659
3582,12213
3583,13003
3584,17578
3585,17247
3586,14275
3587,13712
3588,13236
3589,12953
3590,10824
3591,16037
3592,13399
3593,13483
3594,14720
3595,15453
3596,11966
3597,14648
3598,14172
3599,14634
3600,14450
3601,12697
3602,15691
3603,12836
3604,13267
3605,17955
3606,12887
3607,18982
3608,14429
3609,15643
3610,11817
3611,14619
3612,16172
3613,12774
3614,14476
3615,15203
3616,17670
3617,12693
3618,15104
3619,14973
3620,12893
3621,10770
3622,13550
3623,15705
3624,11757
3625,16575
3626,20250
3627,11467
3628,12661
3629,11735
3630,16259
3631,11080
3632,14128
3633,12440
3634,13720
3635,13478
3636,14154
3637,11862
3638,15632
3639,12295
3640,17262
3641,13579
3642,18904
3643,15625
3644,18697
3645,14954
3646,17031
3647,17156
3648,14304
3649,14181
3650,14195
3651,15363
3652,16184
3653,11576
3654,16054
3655,11484
3656,13976
3657,12562
3658,12932
3659,11966
3660,18444
3661,11259
3662,14075
3663,12765
3664,13221
3665,12802
3666,12579
3667,14553
3668,17725
3669,10737
3670,15374
3671,11117
3672,14520
3673,17629
3674,19310
3675,16139
3676,12708
3677,11675
3678,13963
3679,14800
3680,16408
3681,14172
3682,12976
3683,18530
3684,13815
3685,15365
3686,14512
3687,15733
3688,13299
3689,12569
3690,9860
3691,14276
3692,15429
3693,18675
3694,14388
3695,12871
3696,14533
3697,15182
3698,14633
3699,17479
3700,10839
3701,11545
3702,13843
3703,12292
3704,14083
3705,14887
3706,12132
3707,15828
3708,13780
3709,14912
3710,18369
3711,17027
3712,12682
3713,15668
3714,14119
3715,17647
3716,13466
3717,12917
3718,13882
3719,15927
3720,11195
3721,27200
3722,13336
3723,13293
3724,18447
3725,10811
3726,13375
3727,18110
3728,13388
3729,14524
3730,14368
3731,11017
3732,16419
3733,13657
3734,13433
3735,14461
3736,17416
3737,13608
3738,15225
3739,16444
3740,12036
3741,16832
3742,16401
3743,12352
3744,17079
3745,15733
3746,15063
3747,13201
3748,15656
3749,13382
3750,11071
3751,16358
3752,11043
3753,13341
3754,15927
3755,14949
3756,16590
3757,13609
3758,14211
3759,13441
3760,11657
3761,16965
3762,17276
3763,13787
3764,17779
3765,14182
3766,14679
3767,12167
3768,13529
3769,19460
3770,16495
3771,19038
3772,15803
3773,16067
3774,16972
3775,10466
3776,13633
3777,17817
3778,14170
3779,14136
3780,14007
3781,12102
3782,13928
3783,10864
3784,12086
3785,15596
3786,16395
3787,11173
3788,13075
3789,13761
3790,19708
3791,12635
3792,16203
3793,22896
3794,11488
3795,13684
3796,14592
3797,13209
3798,11863
3799,14375
3800,17767
3801,14056
3802,13679
3803,13600
3804,13257
3805,14073
3806,14996
3807,13582
3808,14793
3809,14784
3810,15993
3811,12395
3812,10551
3813,19790
3814,13342
3815,19321
3816,16614
3817,15790
3818,16211
3819,14772
3820,14846
3821,13980
3822,10759
3823,14382
3824,14128
3825,13863
3826,16728
3827,12836
3828,14591
3829,18136
3830,15203
3831,18201
3832,15631
3833,18581
3834,12056
3835,14427
3836,13217
3837,12294
3838,18518
3839,15226
3840,13457
3841,13458
3842,12857
3843,15883
3844,15694
3845,13961
3846,14297
3847,12794
3848,15136
3849,10828
3850,17909
3851,12030
3852,14332
3853,14547
3854,12946
3855,16310
3856,14499
3857,14805
3858,19838
3859,13205
3860,11328
3861,14641
3862,15909
3863,12858
3864,13233
3865,12389
3866,14806
3867,14393
3868,13962
3869,12045
3870,18316
3871,15131
3872,14758
3873,13811
3874,11791
3875,13897
3876,14437
3877,11490
3878,13888
3879,12398
3880,13353
3881,12281
3882,15814
3883,15429
3884,16153
3885,17682
3886,16681
3887,15087
3888,17683
3889,17328
3890,12512
3891,15164
3892,13947
3893,14493
3894,15064
3895,16709
3896,20006
3897,13512
3898,16602
3899,15462
3900,11974
3901,13141
3902,12936
3903,15910
3904,17098
3905,11146
3906,15988
3907,13261
3908,12961
3909,15482
3910,14405
3911,12597
3912,17932
3913,12694
3914,15538
3915,12446
3916,12325
3917,16376
3918,15866
3919,13599
3920,15658
3921,11948
3922,12485
3923,15016
3924,15357
3925,18151
3926,13429
3927,15538
3928,12605
3929,16861
3930,13841
3931,11080
3932,11493
3933,10459
3934,14658
3935,12057
3936,14101
3937,16409
3938,17244
3939,14910
3940,15184
3941,14014
3942,12355
3943,15915
3944,14412
3945,15144
3946,16846
3947,11861
3948,12375
3949,15757
3950,13584
3951,14627
3952,14472
3953,12651
3954,13796
3955,17835
3956,15903
3957,12554
3958,13747
3959,15729
3960,14778
3961,14339
3962,15121
3963,13178
3964,15381
3965,12211
3966,17777
3967,13905
3968,11455
3969,13365
3970,12577
3971,14097
3972,15680
3973,14343
3974,13080
3975,13196
3976,14815
3977,12042
3978,16272
3979,16455
3980,15114
3981,15221
3982,18344
3983,12275
3984,20131
3985,12720
3986,16937
3987,14332
3988,19103
3989,12775
3990,13047
3991,9987
3992,14742
3993,10722
3994,16333
3995,13798
3996,13784
3997,14133
3998,12177
3999,18309
4000,15317
4001,14202
4002,13350
4003,14912
4004,15367
4005,12367
4006,11824
4007,14145
4008,15501
4009,12820
4010,12217
4011,17661
4012,18070
4013,12972
4014,16389
4015,16781
4016,11591
4017,15871
4018,15885
4019,15283
4020,11753
4021,15374
4022,16083
4023,13269
4024,16379
4025,12561
4026,13307
4027,18037
4028,13684
4029,15388
4030,13152
4031,12553
4032,13470
4033,14935
4034,15789
4035,14380
4036,12767
4037,15813
4038,14341
4039,14167
4040,13910
4041,14968
4042,15650
4043,31310
4044,15247
4045,11647
4046,16845
4047,16493
4048,13193
4049,12521
4050,13457
4051,18461
4052,13125
4053,11771
4054,12308
4055,17251
4056,12961
4057,14523
4058,11882
4059,20519
4060,18139
4061,13959
4062,14418
4063,20263
4064,13392
4065,13846
4066,17884
4067,15177
4068,17137
4069,16222
4070,15286
4071,19280
4072,19608
4073,13914
4074,11790
4075,11284
4076,15324
4077,14352
4078,16772
4079,12544
4080,14774
4081,12613
4082,14971
4083,15163
4084,12838
4085,14405
4086,11945
4087,14381
4088,15898
4089,12194
4090,11625
4091,12674
4092,13568
4093,15097
4094,14020
4095,13357
