0,5460
1,4286
2,4090
3,4512
4,3821
5,6550
6,3753
7,5743
8,5282
9,5019
10,3625
11,4106
12,6456
13,3317
14,4108
15,5200
16,3380
17,4894
18,5230
19,56138
20,5004
21,5947
22,5175
23,5044
24,5536
25,6261
26,4766
27,4327
28,4939
29,10576
30,27809
31,8120
32,6495
33,4828
34,5773
35,4070
36,4035
37,3587
38,4396
39,3537
40,4032
41,6647
42,5457
43,3655
44,4795
45,3902
46,3969
47,13099
48,5177
49,4011
50,4435
51,4376
52,4078
53,3988
54,4849
55,4031
56,6361
57,8289
58,4185
59,6620
60,5832
61,3808
62,8899
63,4785
64,5694
65,4036
66,3785
67,3612
68,6740
69,4527
70,3356
71,7720
72,9614
73,3784
74,5921
75,4776
76,11558
77,65519
78,36332
79,5317
80,5251
81,3095
82,18789
83,4815
84,4013
85,7413
86,4871
87,4013
88,11731
89,6640
90,7514
91,3848
92,6454
93,4670
94,4477
95,5156
96,12003
97,5741
98,5524
99,6441
100,4167
101,5153
102,4799
103,4475
104,7402
105,4687
106,4928
107,3495
108,5342
109,4530
110,4251
111,5603
112,4181
113,5418
114,4692
115,5082
116,3062
117,13022
118,3478
119,11705
120,4701
121,4740
122,3462
123,7384
124,3296
125,4563
126,4637
127,12132
128,4341
129,3785
130,5957
131,4686
132,3793
133,6566
134,8550
135,4954
136,4333
137,4430
138,5981
139,4192
140,4587
141,4416
142,3906
143,4445
144,4033
145,68661
146,6593
147,7373
148,5047
149,5988
150,6295
151,5581
152,5542
153,4946
154,4784
155,5437
156,17189
157,3113
158,4253
159,3850
160,6283
161,3191
162,4073
163,3804
164,3766
165,7945
166,3863
167,18801
168,3267
169,5594
170,4189
171,5397
172,8196
173,4101
174,9747
175,5626
176,3858
177,9148
178,5403
179,5889
180,4851
181,5778
182,4518
183,4466
184,4291
185,6829
186,4337
187,5929
188,5500
189,4919
190,4579
191,4396
192,4987
193,4273
194,4238
195,4803
196,2993
197,6547
198,3900
199,3710
200,4173
201,7098
202,4078
203,4834
204,3737
205,4822
206,3599
207,8232
208,4215
209,5877
210,3734
211,6187
212,5947
213,4488
214,6120
215,8112
216,6099
217,4446
218,3058
219,4689
220,7214
221,3677
222,4356
223,7671
224,8214
225,4064
226,4281
227,7705
228,6481
229,3417
230,5525
231,9834
232,14395
233,3475
234,3884
235,4169
236,4835
237,4013
238,6203
239,3788
240,4593
241,6801
242,10008
243,6915
244,3367
245,5777
246,9330
247,3213
248,5526
249,8738
250,6092
251,4172
252,6208
253,5635
254,3992
255,5138
256,3879
257,5565
258,3725
259,5564
260,7273
261,3809
262,4528
263,3121
264,10027
265,4538
266,4542
267,4530
268,4755
269,8827
270,3756
271,3979
272,4511
273,4923
274,6790
275,4991
276,3502
277,10967
278,5317
279,4858
280,3339
281,12431
282,3131
283,4416
284,3567
285,7282
286,4401
287,6215
288,4115
289,4566
290,3647
291,5444
292,3659
293,3740
294,3474
295,6037
296,4282
297,5168
298,4024
299,9219
300,4205
301,7041
302,5524
303,3190
304,5536
305,6444
306,3926
307,5199
308,4807
309,4558
310,5967
311,5318
312,3820
313,4363
314,3172
315,4752
316,5041
317,2915
318,3904
319,3641
320,4255
321,9751
322,5123
323,4611
324,111163
325,7028
326,4263
327,7171
328,5449
329,3782
330,4726
331,3773
332,3794
333,4604
334,13927
335,3815
336,3346
337,5304
338,4892
339,4642
340,4785
341,4686
342,3474
343,5318
344,5618
345,5274
346,4449
347,3995
348,7847
349,5926
350,7259
351,4740
352,3259
353,4376
354,5362
355,4103
356,8291
357,6515
358,4202
359,4715
360,4043
361,9843
362,3559
363,4180
364,4468
365,4811
366,6518
367,5201
368,4063
369,4692
370,4214
371,7908
372,3602
373,4080
374,12261
375,8871
376,4216
377,5211
378,5585
379,14661
380,6107
381,3314
382,6272
383,6287
384,4732
385,5549
386,4067
387,5230
388,4248
389,4897
390,5324
391,5585
392,4690
393,3510
394,5144
395,4345
396,3968
397,3961
398,10885
399,6480
400,14767
401,3873
402,4272
403,4842
404,3954
405,3810
406,20648
407,5210
408,3228
409,3793
410,4440
411,3613
412,4024
413,6244
414,4509
415,4672
416,9700
417,4895
418,6355
419,4564
420,7100
421,5682
422,4928
423,5983
424,4345
425,8921
426,26215
427,7178
428,12604
429,7501
430,4221
431,7546
432,4296
433,4019
434,10680
435,4214
436,5023
437,9932
438,4762
439,3355
440,6234
441,4921
442,3366
443,3325
444,3421
445,5145
446,6759
447,4246
448,4408
449,4278
450,4705
451,5131
452,4498
453,7883
454,5052
455,4887
456,4553
457,3696
458,3972
459,3839
460,4784
461,4798
462,3432
463,3850
464,6606
465,3099
466,4331
467,13736
468,3602
469,3429
470,4100
471,7283
472,4134
473,4169
474,4785
475,5533
476,4827
477,4537
478,3934
479,3445
480,4912
481,3899
482,5526
483,16414
484,3520
485,3462
486,4881
487,4279
488,4525
489,2818
490,5481
491,4775
492,7593
493,3620
494,7726
495,3930
496,8734
497,8722
498,3604
499,5876
500,4398
501,3404
502,4356
503,6303
504,4323
505,8236
506,4639
507,7022
508,5669
509,3850
510,4726
511,5420
512,3643
513,4404
514,3347
515,4291
516,5098
517,7158
518,7081
519,4523
520,23416
521,3653
522,4727
523,6756
524,6181
525,3987
526,11522
527,4444
528,4934
529,8961
530,11630
531,9022
532,3261
533,4538
534,3615
535,2089041
536,18826
537,3847
538,3133
539,3776
540,5442
541,5800
542,3253
543,9699
544,7369
545,5737
546,4708
547,3737
548,4628
549,5445
550,3528
551,5602
552,4668
553,4043
554,3934
555,5488
556,5638
557,3115
558,5434
559,5797
560,5085
561,5014
562,5068
563,6072
564,13451
565,4564
566,4591
567,4562
568,3168
569,5672
570,4014
571,7339
572,5151
573,3452
574,4407
575,8056
576,4251
577,4503
578,8011
579,3688
580,4529
581,5264
582,7742
583,3212
584,3953
585,4563
586,4028
587,5292
588,9591
589,5699
590,4640
591,5484
592,3049
593,5368
594,4466
595,3374
596,4745
597,4986
598,5960
599,3486
600,3387
601,6186
602,5407
603,7168
604,9473
605,5122
606,5457
607,6896
608,3822
609,5867
610,4391
611,7183
612,3958
613,4950
614,5731
615,4816
616,6730
617,8359
618,3955
619,9010
620,6189
621,3285
622,3850
623,5537
624,4754
625,4112
626,4871
627,3500
628,3492
629,4833
630,4555
631,3701
632,5536
633,4386
634,5147
635,5843
636,4460
637,3596
638,6516
639,3704
640,6114
641,8628
642,3453
643,5899
644,3619
645,3937
646,10501
647,5776
648,4499
649,19922
650,3755
651,2907
652,11866
653,4069
654,4200
655,8090
656,82626
657,3496
658,7794
659,6255
660,5635
661,4707
662,4120
663,6305
664,9266
665,8359
666,4215
667,5301
668,5392
669,3832
670,29411
671,5604
672,4006
673,5594
674,3536
675,4463
676,4247
677,10626
678,4637
679,5293
680,4575
681,4572
682,3730
683,5997
684,3084
685,2577
686,3926
687,5670
688,4316
689,14163
690,6910
691,4581
692,6156
693,4048
694,7388
695,3709
696,9043
697,5875
698,22671
699,3253
700,5580
701,7436
702,4686
703,7685
704,4945
705,4083
706,3846
707,9793
708,4291
709,4003
710,5146
711,6200
712,14118
713,6135
714,8640
715,4089
716,5349
717,5680
718,7252
719,8305
720,8788
721,8489
722,7661
723,5758
724,4167
725,10532
726,7959
727,5534
728,6070
729,3901
730,3538
731,5648
732,7940
733,4972
734,7312
735,4797
736,5540
737,3931
738,30273
739,4109
740,4227
741,5996
742,28849
743,4517
744,3325
745,3469
746,2988
747,6331
748,3527
749,3720
750,9665
751,4775
752,3719
753,9196
754,5903
755,8136
756,4875
757,4790
758,3649
759,13990
760,11044
761,3750
762,8246
763,4082
764,5272
765,6404
766,5581
767,4056
768,3961
769,8198
770,3829
771,4253
772,4180
773,4372
774,4622
775,12340
776,5286
777,6006
778,6039
779,3926
780,9497
781,8359
782,10680
783,8315
784,4244
785,3554
786,3858
787,4322
788,5913
789,6907
790,4610
791,4050
792,3833
793,5901
794,9709
795,4078
796,5071
797,3928
798,7244
799,4590
800,4167
801,6087
802,4076
803,5215
804,5260
805,3974
806,4296
807,3219
808,11041
809,4154
810,4444
811,4249
812,16425
813,5157
814,16791
815,5241
816,4303
817,4442
818,4173
819,4441
820,8113
821,6264
822,3830
823,4753
824,6706
825,5140
826,4902
827,3946
828,5221
829,4075
830,4587
831,3969
832,5468
833,4589
834,15478
835,5260
836,6985
837,5017
838,4584
839,3701
840,2845
841,7252
842,4016
843,3280
844,3767
845,4220
846,4258
847,3699
848,8202
849,3664
850,3696
851,8965
852,7007
853,3495
854,6177
855,4170
856,523157
857,3478
858,3795
859,6667
860,3956
861,4214
862,4397
863,2861
864,7198
865,3683
866,6249
867,4991
868,5959
869,3384
870,4982
871,8038
872,7256
873,7824
874,12048
875,4210
876,3846
877,5237
878,3656
879,4500
880,3914
881,4287
882,3694
883,4803
884,3831
885,7291
886,4165
887,5071
888,4331
889,8619
890,3812
891,5895
892,6558
893,3581
894,4856
895,4337
896,3871
897,5466
898,5743
899,5307
900,4689
901,5695
902,13121
903,3865
904,4693
905,4176
906,5023
907,5589
908,5371
909,5023
910,5819
911,3999
912,5058
913,4489
914,4949
915,5116
916,4549
917,3640
918,4130
919,4523
920,7139
921,6513
922,4727
923,9784
924,4344
925,3622
926,6008
927,3187
928,4109
929,6020
930,3497
931,26836
932,6292
933,5094
934,7066
935,5771
936,5661
937,5495
938,5446
939,5328
940,3853
941,3543
942,3950
943,4832
944,9292
945,3247
946,3730
947,4945
948,6612
949,5278
950,5144
951,6433
952,4154
953,7534
954,4571
955,8226
956,3911
957,4307
958,4698
959,5037
960,7046
961,6551
962,4585
963,6120
964,4334
965,6578
966,3110
967,4533
968,3665
969,3664
970,3510
971,11969
972,7689
973,4526
974,11010
975,4965
976,4832
977,3615
978,5615
979,5047
980,3304
981,6016
982,5324
983,4878
984,6301
985,3625
986,4407
987,4179
988,4471
989,4585
990,5658
991,8544
992,5695
993,4453
994,4759
995,3730
996,3798
997,4143
998,4079
999,10203
1000,4460
1001,3658
1002,7854
1003,5334
1004,6944
1005,24541
1006,4105
1007,4112
1008,7885
1009,7509
1010,5480
1011,5261
1012,5626
1013,29061
1014,3618
1015,4656
1016,7995
1017,10451
1018,19862
1019,4661
1020,4656
1021,4090
1022,4162
1023,6606
1024,5195
1025,5858
1026,5217
1027,4231
1028,16212
1029,4277
1030,2979
1031,14003
1032,7438
1033,5901
1034,4669
1035,4370
1036,8856
1037,5999
1038,4959
1039,4915
1040,6667
1041,3391
1042,4734
1043,4981
1044,5174
1045,5296
1046,6231
1047,4041
1048,11362
1049,12602
1050,2982
1051,5329
1052,4973
1053,3652
1054,3568
1055,6498
1056,5159
1057,4816
1058,4655
1059,3631
1060,9094
1061,6058
1062,4069
1063,4740
1064,8228
1065,5266
1066,4351
1067,7972
1068,7626
1069,4543
1070,4935
1071,6693
1072,4781
1073,3885
1074,3378
1075,5247
1076,5820
1077,4110
1078,27440
1079,10839
1080,5489
1081,4094
1082,4877
1083,5151
1084,7856
1085,5020
1086,4789
1087,5205
1088,9202
1089,3542
1090,3931
1091,9162
1092,7283
1093,4265
1094,7907
1095,5249
1096,5645
1097,4507
1098,3410
1099,5711
1100,4549
1101,4247
1102,3534
1103,3576
1104,5363
1105,3846
1106,5017
1107,6051
1108,3817
1109,6165
1110,4038
1111,4619
1112,4880
1113,6176
1114,9491
1115,4185
1116,9016
1117,6193
1118,3180
1119,4625
1120,6193
1121,4417
1122,7295
1123,28963
1124,3451
1125,7183
1126,5356
1127,4318
1128,18433
1129,18373
1130,4820
1131,4240
1132,3816
1133,4679
1134,5470
1135,3919
1136,4969
1137,3616
1138,4462
1139,5085
1140,7069
1141,3542
1142,5554
1143,3938
1144,4308
1145,4980
1146,6346
1147,4932
1148,9318
1149,5127
1150,9918
1151,6943
1152,10837
1153,4779
1154,6246
1155,4009
1156,18822
1157,4315
1158,5011
1159,2832
1160,3430
1161,5802
1162,5886
1163,9855
1164,4656
1165,4373
1166,4741
1167,4301
1168,4942
1169,4678
1170,6548
1171,6571
1172,7811
1173,4298
1174,4191
1175,9257
1176,2853
1177,4765
1178,5238
1179,6920
1180,3926
1181,5395
1182,8197
1183,5977
1184,5412
1185,3238
1186,11632
1187,6856
1188,10783
1189,6374
1190,4708
1191,4803
1192,4870
1193,6230
1194,7376
1195,3642
1196,4068
1197,4243
1198,5406
1199,4707
1200,4937
1201,6689
1202,4078
1203,4321
1204,5884
1205,4797
1206,5466
1207,6068
1208,8679
1209,4768
1210,3324
1211,4943
1212,7152
1213,5058
1214,4859
1215,5186
1216,3626
1217,4354
1218,5725
1219,3945
1220,7936
1221,3994
1222,3521
1223,3549
1224,4773
1225,3976
1226,4072
1227,4290
1228,4522
1229,3963
1230,3975
1231,6476
1232,4890
1233,4215
1234,8871
1235,3594
1236,3967
1237,4438
1238,3777
1239,6398
1240,4995
1241,6620
1242,3787
1243,8434
1244,4094
1245,3165
1246,3725
1247,4719
1248,3982
1249,11102
1250,3957
1251,4070
1252,5029
1253,11094
1254,4135
1255,5824
1256,6111
1257,9291
1258,3820
1259,4225
1260,5485
1261,5006
1262,4296
1263,3650
1264,4974
1265,7267
1266,3286
1267,4215
1268,9512
1269,6930
1270,10264
1271,3938
1272,3245
1273,4246
1274,8442
1275,8887
1276,4834
1277,5500
1278,7565
1279,4452
1280,4361
1281,5235
1282,4190
1283,7972
1284,5010
1285,13504
1286,4600
1287,3958
1288,3975
1289,5729
1290,5147
1291,6955
1292,4099
1293,7312
1294,5463
1295,5546
1296,8261
1297,4407
1298,5845
1299,5028
1300,3584
1301,3691
1302,4892
1303,4258
1304,7413
1305,4288
1306,5136
1307,11301
1308,6087
1309,4807
1310,2768
1311,3581
1312,6111
1313,3568
1314,5653
1315,4097
1316,4130
1317,12132
1318,4016
1319,4883
1320,3702
1321,7511
1322,4211
1323,4110
1324,4318
1325,4802
1326,12517
1327,4981
1328,5842
1329,4256
1330,3776
1331,3533
1332,4437
1333,4797
1334,4149
1335,10617
1336,5930
1337,6970
1338,3607
1339,5505
1340,6802
1341,4379
1342,7356
1343,3688
1344,4711
1345,3741
1346,5459
1347,10565
1348,4478
1349,3515
1350,4260
1351,8892
1352,4050
1353,3772
1354,4321
1355,3868
1356,4726
1357,4720
1358,4568
1359,3817
1360,7332
1361,8295
1362,9321
1363,5547
1364,5441
1365,2916
1366,3688
1367,5729
1368,7538
1369,3142
1370,4901
1371,4765
1372,4616
1373,5851
1374,3790
1375,3291
1376,7985
1377,5261
1378,4778
1379,11676
1380,6278
1381,5301
1382,8820
1383,6498
1384,3015
1385,4677
1386,21504
1387,4716
1388,6193
1389,5627
1390,6622
1391,6093
1392,4159
1393,3794
1394,3865
1395,4859
1396,11085
1397,4135
1398,3342
1399,5137
1400,4270
1401,3774
1402,4095
1403,3557
1404,4500
1405,11195
1406,3618
1407,4905
1408,6194
1409,5467
1410,7049
1411,3824
1412,5128
1413,11561
1414,5691
1415,7157
1416,5946
1417,4774
1418,6860
1419,4282
1420,3438
1421,3850
1422,4352
1423,3554
1424,7576
1425,3995
1426,5176
1427,6958
1428,4412
1429,4502
1430,5249
1431,5811
1432,9315
1433,3567
1434,5964
1435,4042
1436,3906
1437,4858
1438,3992
1439,13527
1440,5748
1441,3330
1442,4730
1443,7592
1444,13785
1445,6815
1446,3615
1447,3985
1448,5421
1449,5786
1450,11575
1451,5567
1452,7210
1453,4153
1454,4287
1455,6001
1456,8833
1457,6982
1458,4482
1459,8510
1460,4972
1461,4735
1462,4990
1463,4746
1464,4327
1465,3775
1466,3904
1467,5434
1468,7660
1469,4546
1470,8825
1471,4758
1472,9667
1473,3660
1474,3813
1475,4433
1476,3295
1477,5768
1478,8123
1479,5051
1480,4037
1481,3845
1482,4242
1483,5032
1484,7302
1485,5427
1486,6856
1487,3568
1488,5528
1489,3736
1490,5108
1491,4231
1492,3973
1493,11759
1494,3959
1495,6491
1496,6637
1497,4700
1498,4820
1499,4187
1500,5654
1501,4302
1502,4791
1503,8952
1504,3854
1505,5751
1506,4109
1507,8136
1508,8923
1509,4701
1510,14280
1511,6072
1512,4264
1513,4515
1514,7336
1515,4310
1516,4601
1517,5630
1518,5266
1519,4249
1520,3804
1521,4102
1522,8765
1523,4030
1524,10904
1525,4562
1526,4233
1527,5463
1528,6812
1529,7192
1530,4003
1531,6815
1532,4428
1533,4933
1534,4501
1535,4398
1536,7182
1537,6088
1538,11017
1539,6046
1540,3832
1541,4630
1542,4478
1543,6750
1544,6821
1545,3668
1546,4357
1547,4607
1548,3480
1549,4520
1550,4662
1551,3922
1552,4577
1553,6310
1554,3772
1555,2987
1556,6281
1557,4991
1558,5428
1559,8763
1560,6347
1561,3271
1562,3597
1563,3142
1564,7454
1565,6501
1566,6054
1567,10805
1568,4130
1569,5563
1570,4249
1571,4217
1572,5165
1573,3759
1574,3451
1575,3962
1576,6990
1577,2917
1578,7335
1579,5302
1580,6631
1581,4069
1582,6972
1583,6138
1584,5502
1585,7164
1586,2973
1587,11820
1588,4472
1589,4565
1590,9844
1591,5846
1592,6384
1593,3275
1594,7562
1595,3477
1596,4742
1597,4023
1598,4615
1599,3821
1600,5005
1601,6315
1602,4297
1603,3586
1604,4041
1605,4574
1606,4330
1607,6441
1608,4004
1609,3985
1610,3774
1611,4898
1612,4078
1613,4130
1614,4337
1615,5337
1616,5634
1617,3928
1618,3106
1619,5715
1620,7776
1621,8133
1622,4054
1623,9235
1624,6896
1625,3928
1626,3507
1627,3459
1628,14216
1629,5185
1630,3889
1631,6424
1632,5837
1633,5966
1634,4713
1635,3893
1636,8736
1637,3555
1638,7419
1639,4580
1640,3338
1641,5114
1642,8916
1643,4760
1644,7438
1645,5146
1646,4138
1647,3591
1648,5829
1649,4221
1650,4695
1651,9608
1652,4374
1653,5487
1654,5149
1655,6453
1656,5164
1657,4716
1658,4348
1659,4086
1660,3586
1661,3157
1662,7009
1663,4313
1664,5857
1665,5079
1666,4083
1667,5946
1668,4526
1669,5649
1670,4199
1671,8265
1672,4347
1673,5109
1674,4234
1675,4052
1676,6217
1677,3816
1678,3173
1679,4952
1680,3767
1681,6383
1682,3466
1683,5847
1684,4089
1685,4808
1686,5155
1687,4058
1688,3778
1689,6150
1690,4923
1691,4827
1692,12244
1693,3919
1694,5143
1695,6275
1696,4114
1697,5653
1698,10024
1699,4856
1700,9518
1701,4346
1702,5086
1703,5563
1704,3866
1705,3981
1706,5797
1707,12649
1708,6488
1709,3816
1710,4025
1711,4856
1712,5917
1713,5327
1714,5996
1715,4360
1716,4143
1717,5304
1718,3902
1719,4495
1720,4381
1721,5352
1722,11774
1723,3685
1724,4888
1725,3673
1726,4331
1727,9106
1728,3827
1729,4835
1730,6211
1731,6602
1732,5176
1733,6897
1734,3813
1735,4894
1736,4841
1737,168764
1738,5642
1739,3404
1740,5181
1741,5037
1742,8018
1743,4044
1744,7967
1745,6119
1746,4775
1747,5491
1748,4357
1749,4315
1750,4573
1751,9713
1752,7387
1753,4996
1754,5699
1755,5813
1756,4351
1757,5817
1758,7732
1759,4408
1760,8872
1761,7448
1762,4608
1763,4493
1764,3305
1765,6539
1766,5515
1767,5882
1768,3959
1769,5198
1770,5483
1771,5719
1772,6116
1773,5593
1774,4631
1775,5313
1776,30686
1777,4497
1778,4463
1779,6628
1780,5070
1781,7249
1782,3027
1783,5266
1784,4097
1785,8086
1786,4755
1787,4666
1788,3419
1789,5672
1790,3669
1791,4534
1792,6130
1793,8897
1794,5074
1795,4704
1796,4827
1797,20773
1798,5778
1799,5047
1800,3252
1801,5009
1802,3367
1803,3336
1804,6343
1805,5611
1806,11166
1807,4147
1808,3842
1809,6523
1810,5638
1811,3797
1812,3472
1813,8250
1814,4787
1815,19948
1816,3336
1817,3996
1818,4650
1819,4095
1820,4744
1821,16800
1822,6046
1823,3590
1824,4749
1825,6083
1826,7504
1827,4150
1828,4611
1829,5554
1830,7731
1831,3285
1832,8735
1833,14144
1834,4260
1835,5098
1836,3487
1837,3449
1838,3326
1839,3958
1840,3942
1841,4193
1842,5222
1843,4756
1844,4999
1845,4647
1846,13289
1847,4803
1848,4479
1849,6290
1850,8268
1851,4567
1852,4905
1853,8577
1854,3604
1855,4380
1856,4268
1857,3690
1858,3682
1859,3530
1860,5170
1861,4193
1862,6989
1863,4169
1864,6837
1865,3666
1866,4321
1867,25357
1868,3647
1869,3199
1870,4650
1871,4323
1872,3962
1873,4662
1874,7136
1875,4789
1876,7665
1877,6314
1878,3923
1879,5619
1880,5112
1881,3937
1882,3746
1883,3591
1884,2821
1885,3462
1886,5401
1887,6357
1888,5368
1889,4260
1890,16442
1891,3554
1892,6063
1893,5100
1894,3894
1895,3701
1896,15183
1897,3520
1898,5731
1899,5409
1900,4531
1901,3178
1902,5588
1903,4155
1904,5392
1905,4471
1906,4555
1907,6499
1908,5332
1909,3734
1910,4715
1911,4605
1912,6214
1913,4508
1914,4133
1915,3706
1916,5233
1917,7431
1918,4668
1919,12315
1920,3766
1921,4827
1922,4618
1923,5438
1924,4412
1925,6137
1926,3977
1927,5646
1928,3869
1929,4834
1930,6925
1931,4317
1932,5311
1933,4465
1934,6463
1935,6112
1936,4955
1937,4734
1938,4103
1939,3162
1940,3530
1941,4705
1942,4065
1943,5145
1944,4875
1945,4345
1946,4262
1947,3940
1948,4609
1949,9559
1950,4951
1951,6922
1952,5213
1953,9237
1954,4377
1955,7819
1956,5614
1957,4375
1958,6067
1959,5307
1960,102011
1961,5217
1962,5851
1963,5965
1964,8078
1965,4744
1966,12023
1967,5286
1968,4546
1969,4068
1970,4197
1971,4600
1972,73092
1973,4639
1974,6774
1975,4307
1976,4488
1977,10611
1978,4230
1979,4885
1980,4572
1981,5672
1982,3595
1983,9056
1984,3537
1985,5223
1986,3819
1987,3902
1988,3813
1989,5259
1990,5703
1991,4734
1992,6666
1993,17647
1994,5789
1995,3716
1996,4122
1997,3620
1998,3909
1999,4249
2000,3671
2001,5401
2002,4476
2003,5363
2004,4765
2005,3425
2006,4517
2007,5871
2008,5139
2009,4002
2010,10317
2011,3840
2012,4185
2013,20668
2014,5372
2015,4141
2016,5835
2017,7736
2018,7762
2019,4366
2020,4744
2021,13469
2022,5087
2023,7257
2024,4971
2025,8173
2026,4237
2027,4179
2028,5742
2029,5261
2030,5437
2031,6817
2032,5327
2033,4252
2034,5733
2035,7737
2036,7270
2037,3351
2038,4227
2039,4830
2040,5182
2041,5052
2042,7012
2043,53898
2044,5756
2045,9816
2046,4084
2047,4318
2048,3670
2049,4443
2050,5529
2051,4984
2052,6229
2053,5097
2054,4409
2055,4033
2056,5211
2057,3153
2058,3507
2059,4057
2060,5953
2061,4608
2062,3848
2063,6450
2064,7873
2065,5077
2066,6286
2067,10922
2068,3426
2069,4515
2070,5374
2071,3417
2072,3933
2073,7218
2074,4760
2075,3991
2076,7275
2077,4756
2078,5543
2079,4827
2080,5659
2081,4567
2082,4801
2083,4683
2084,3527
2085,3343
2086,5943
2087,3408
2088,3951
2089,5075
2090,4525
2091,3926
2092,5074
2093,4873
2094,6842
2095,6561
2096,3498
2097,3999
2098,4568
2099,7927
2100,4718
2101,5422
2102,5047
2103,6647
2104,10200
2105,4310
2106,5617
2107,4359
2108,3774
2109,7825
2110,6707
2111,3076
2112,4951
2113,4943
2114,4017
2115,66910
2116,3118
2117,3976
2118,14507
2119,5151
2120,3925
2121,6693
2122,4452
2123,5092
2124,5001
2125,3255
2126,4281
2127,4691
2128,7053
2129,3655
2130,8741
2131,10825
2132,3439
2133,4473
2134,7137
2135,3402
2136,4344
2137,6469
2138,5412
2139,4617
2140,4926
2141,3634
2142,5236
2143,4071
2144,7363
2145,7046
2146,4395
2147,4893
2148,4529
2149,5204
2150,5878
2151,3848
2152,1037395
2153,4671
2154,3510
2155,3275
2156,2993
2157,5201
2158,17103
2159,5050
2160,6166
2161,3421
2162,13403
2163,5157
2164,6963
2165,5518
2166,4661
2167,4287
2168,3852
2169,4087
2170,4152
2171,4567
2172,6879
2173,5978
2174,4630
2175,4326
2176,3392
2177,4815
2178,3998
2179,3919
2180,3030
2181,4556
2182,5307
2183,4322
2184,3367
2185,6941
2186,8377
2187,4341
2188,4882
2189,6405
2190,8391
2191,3555
2192,3689
2193,4502
2194,37060
2195,6223
2196,4479
2197,5379
2198,4979
2199,4092
2200,6214
2201,4860
2202,4366
2203,7656
2204,6904
2205,9970
2206,4113
2207,8481
2208,5083
2209,4641
2210,5104
2211,5985
2212,5781
2213,5470
2214,5057
2215,6177
2216,6656
2217,3420
2218,11063
2219,3627
2220,5070
2221,5560
2222,6278
2223,3797
2224,6354
2225,3681
2226,3510
2227,18155
2228,4355
2229,6424
2230,5676
2231,5024
2232,3767
2233,8568
2234,3005
2235,10225
2236,3684
2237,3902
2238,4387
2239,4932
2240,4241
2241,5295
2242,4783
2243,5354
2244,3953
2245,8689
2246,6787
2247,5059
2248,5502
2249,4206
2250,3386
2251,4243
2252,9291
2253,3967
2254,6904
2255,5585
2256,4216
2257,7253
2258,13429
2259,9861
2260,7558
2261,13960
2262,4502
2263,4743
2264,5573
2265,4372
2266,7402
2267,6783
2268,4348
2269,7828
2270,4851
2271,3780
2272,4348
2273,4649
2274,7338
2275,4085
2276,7172
2277,5893
2278,4450
2279,5970
2280,5927
2281,3605
2282,4055
2283,4957
2284,3790
2285,8002
2286,5994
2287,4189
2288,5239
2289,9735
2290,5875
2291,16182
2292,4460
2293,6195
2294,4835
2295,3555
2296,4097
2297,6544
2298,3674
2299,5788
2300,5149
2301,5522
2302,6116
2303,4598
2304,4005
2305,3532
2306,5157
2307,5647
2308,4342
2309,4057
2310,3939
2311,3734
2312,4775
2313,14587
2314,5041
2315,4037
2316,5708
2317,4557
2318,4173
2319,9315
2320,5795
2321,4968
2322,4572
2323,3931
2324,4683
2325,4732
2326,4750
2327,6017
2328,3250
2329,4886
2330,5605
2331,3199
2332,5480
2333,6825
2334,4901
2335,5586
2336,5448
2337,5280
2338,6735
2339,4156
2340,4526
2341,4746
2342,4285
2343,5380
2344,3583
2345,3267
2346,5582
2347,4198
2348,6575
2349,6111
2350,5345
2351,7265
2352,7847
2353,5223
2354,3889
2355,3675
2356,5664
2357,7146
2358,8426
2359,4633
2360,5093
2361,3925
2362,4841
2363,4545
2364,5102
2365,3081
2366,5285
2367,4482
2368,4452
2369,3769
2370,3654
2371,6041
2372,4786
2373,4687
2374,4886
2375,6031
2376,5712
2377,6106
2378,4550
2379,7758
2380,4024
2381,4984
2382,3898
2383,4416
2384,6071
2385,4150
2386,7799
2387,3530
2388,9869
2389,36911
2390,3832
2391,3172
2392,7425
2393,4514
2394,6005
2395,7765
2396,4264
2397,4050
2398,3397
2399,6645
2400,5342
2401,6618
2402,3988
2403,4386
2404,4459
2405,14297
2406,6063
2407,4842
2408,3859
2409,5783
2410,6173
2411,5633
2412,6644
2413,4108
2414,5128
2415,3838
2416,2681
2417,9587
2418,5243
2419,4676
2420,6228
2421,3344
2422,8896
2423,4195
2424,7083
2425,4931
2426,6446
2427,4808
2428,4198
2429,3270
2430,4098
2431,3956
2432,3666
2433,4578
2434,8468
2435,4262
2436,5513
2437,8681
2438,6085
2439,5488
2440,8543
2441,4414
2442,7635
2443,4963
2444,3621
2445,10394
2446,5570
2447,5269
2448,13972
2449,5969
2450,5665
2451,5262
2452,6232
2453,4000
2454,6995
2455,4932
2456,4927
2457,5350
2458,5168
2459,4923
2460,3616
2461,4503
2462,4576
2463,4932
2464,5741
2465,10122
2466,4348
2467,3388
2468,6439
2469,6915
2470,8192
2471,4382
2472,7378
2473,3170
2474,5724
2475,4154
2476,4657
2477,4452
2478,5100
2479,6038
2480,4863
2481,4682
2482,18783
2483,4094
2484,4599
2485,5180
2486,8711
2487,6089
2488,10537
2489,4724
2490,4652
2491,4547
2492,3644
2493,8103
2494,5447
2495,3429
2496,7618
2497,3547
2498,3741
2499,6538
2500,5581
2501,4760
2502,5979
2503,3475
2504,5748
2505,3524
2506,4105
2507,4190
2508,4517
2509,4751
2510,5941
2511,4745
2512,5667
2513,2884
2514,5269
2515,5108
2516,4305
2517,4978
2518,4275
2519,8094
2520,5001
2521,8375
2522,4880
2523,8279
2524,6523
2525,17518
2526,4596
2527,8719
2528,5664
2529,5784
2530,4823
2531,5616
2532,5703
2533,3852
2534,5078
2535,10200
2536,4795
2537,3541
2538,5096
2539,3090
2540,5840
2541,5785
2542,3965
2543,7842
2544,5696
2545,4029
2546,4586
2547,7497
2548,4306
2549,4947
2550,7562
2551,3999
2552,4998
2553,3209
2554,5017
2555,3424
2556,3926
2557,4743
2558,4223
2559,5131
2560,5395
2561,3190
2562,3580
2563,4390
2564,6277
2565,3951
2566,4922
2567,4559
2568,4799
2569,3822
2570,5002
2571,6383
2572,5925
2573,3606
2574,5977
2575,4795
2576,11699
2577,5332
2578,3943
2579,3441
2580,5217
2581,9127
2582,5526
2583,3356
2584,4320
2585,5746
2586,3972
2587,4413
2588,4641
2589,3835
2590,6828
2591,3777
2592,4539
2593,4309
2594,5704
2595,4463
2596,4030
2597,5815
2598,5525
2599,8462
2600,4406
2601,4323
2602,5065
2603,8164
2604,3698
2605,12870
2606,4484
2607,5521
2608,7099
2609,4670
2610,4214
2611,5482
2612,4423
2613,5439
2614,3742
2615,4057
2616,5483
2617,6232
2618,4132
2619,4980
2620,3482
2621,7898
2622,4653
2623,3350
2624,4608
2625,4468
2626,10329
2627,7920
2628,4700
2629,4576
2630,4530
2631,5326
2632,6455
2633,9243
2634,3915
2635,5581
2636,5288
2637,3455
2638,4993
2639,11223
2640,6806
2641,3464
2642,22795
2643,4079
2644,5619
2645,4722
2646,3928
2647,6583
2648,3298
2649,3461
2650,8165
2651,19129
2652,4998
2653,9779
2654,5926
2655,4755
2656,4278
2657,5115
2658,4595
2659,5460
2660,8383
2661,7772
2662,5753
2663,5631
2664,4232
2665,4902
2666,3225
2667,6218
2668,4690
2669,4581
2670,4111
2671,5563
2672,4809
2673,4553
2674,4751
2675,75981
2676,5531
2677,5279
2678,3811
2679,4446
2680,4098
2681,5233
2682,7170
2683,4618
2684,4722
2685,7880
2686,12393
2687,4548
2688,5550
2689,3372
2690,3293
2691,5320
2692,6788
2693,4832
2694,4153
2695,3351
2696,4130
2697,5044
2698,5313
2699,4434
2700,4160
2701,4121
2702,10265
2703,4188
2704,4381
2705,4542
2706,5758
2707,14133
2708,4548
2709,5642
2710,3090
2711,9104
2712,3574
2713,3540
2714,2729
2715,3441
2716,5253
2717,5298
2718,5862
2719,6186
2720,4772
2721,7272
2722,4598
2723,8346
2724,2901
2725,6198
2726,4994
2727,3701
2728,4081
2729,4229
2730,6626
2731,4738
2732,3622
2733,4005
2734,4614
2735,5427
2736,6450
2737,4164
2738,4326
2739,3407
2740,3371
2741,3979
2742,4765
2743,6826
2744,5943
2745,12576
2746,5850
2747,5208
2748,3887
2749,4790
2750,5355
2751,5164
2752,4523
2753,44129
2754,4675
2755,5990
2756,4103
2757,5339
2758,3545
2759,3360
2760,6415
2761,9404
2762,6027
2763,5465
2764,4452
2765,4094
2766,4855
2767,64405
2768,4759
2769,3890
2770,3201
2771,4138
2772,4209
2773,5371
2774,3740
2775,3922
2776,8882
2777,3249
2778,6991
2779,5386
2780,10502
2781,5765
2782,4037
2783,5254
2784,4327
2785,3775
2786,4891
2787,4472
2788,4947
2789,6408
2790,10594
2791,5072
2792,6346
2793,3630
2794,6422
2795,3553
2796,5363
2797,4017
2798,3858
2799,7582
2800,3114
2801,6045
2802,6443
2803,4902
2804,3964
2805,7046
2806,4273
2807,4707
2808,4735
2809,6427
2810,3595
2811,4954
2812,6396
2813,3413
2814,7224
2815,8984
2816,4039
2817,12567
2818,5806
2819,4465
2820,7909
2821,4116
2822,6384
2823,4479
2824,5705
2825,6325
2826,3701
2827,3356
2828,6953
2829,3934
2830,3478
2831,4935
2832,4906
2833,2714
2834,10499
2835,4035
2836,3198
2837,8534
2838,6196
2839,5802
2840,8520
2841,5602
2842,3649
2843,4922
2844,4638
2845,5863
2846,5971
2847,4642
2848,3866
2849,3568
2850,4312
2851,3398
2852,5278
2853,3644
2854,4439
2855,3644
2856,3703
2857,6150
2858,5218
2859,4394
2860,4372
2861,5385
2862,3742
2863,5025
2864,5765
2865,6053
2866,3745
2867,5256
2868,4262
2869,4597
2870,5440
2871,7435
2872,6037
2873,4426
2874,4929
2875,10069
2876,3138
2877,4084
2878,5527
2879,4586
2880,5826
2881,4158
2882,5083
2883,3770
2884,8716
2885,6077
2886,4676
2887,4042
2888,5857
2889,7307
2890,5887
2891,8146
2892,4655
2893,4448
2894,9179
2895,6169
2896,5944
2897,5611
2898,8032
2899,3946
2900,5335
2901,3670
2902,5236
2903,4755
2904,4666
2905,3824
2906,7399
2907,8849
2908,3261
2909,4649
2910,10732
2911,6278
2912,10047
2913,3595
2914,4754
2915,4694
2916,3542
2917,7392
2918,4192
2919,3709
2920,3969
2921,3742
2922,3477
2923,4632
2924,4355
2925,3676
2926,4615
2927,3448
2928,3934
2929,4964
2930,4791
2931,4110
2932,4767
2933,3650
2934,6735
2935,4938
2936,3443
2937,3381
2938,18755
2939,4872
2940,3145
2941,5074
2942,4010
2943,3704
2944,4083
2945,3912
2946,4731
2947,7671
2948,4725
2949,5391
2950,3935
2951,6991
2952,3733
2953,3975
2954,6282
2955,8245
2956,4534
2957,3839
2958,3506
2959,5093
2960,2940
2961,5280
2962,5782
2963,4832
2964,6345
2965,4989
2966,3953
2967,5024
2968,4958
2969,3262
2970,4968
2971,4098
2972,4141
2973,4537
2974,7618
2975,4226
2976,4293
2977,3543
2978,4061
2979,3426
2980,4796
2981,25541
2982,4700
2983,6050
2984,9419
2985,5453
2986,4052
2987,10567
2988,7484
2989,6365
2990,7511
2991,4369
2992,4726
2993,6083
2994,3842
2995,4399
2996,4941
2997,4172
2998,7164
2999,6041
3000,8389
3001,6288
3002,5363
3003,6605
3004,4060
3005,5006
3006,5199
3007,4000
3008,8431
3009,3450
3010,8281
3011,12114
3012,5304
3013,5062
3014,6272
3015,4944
3016,3531
3017,4616
3018,11958
3019,18976
3020,5072
3021,4195
3022,5824
3023,3799
3024,7047
3025,5176
3026,4177
3027,4934
3028,4993
3029,6532
3030,5698
3031,5003
3032,3390
3033,18995
3034,4968
3035,3694
3036,25570
3037,6454
3038,13437
3039,3652
3040,11217
3041,5484
3042,4371
3043,6150
3044,5788
3045,7457
3046,3691
3047,3696
3048,3165
3049,4601
3050,5193
3051,4458
3052,103092
3053,4810
3054,3118
3055,4717
3056,6450
3057,5226
3058,5793
3059,3716
3060,9864
3061,6191
3062,3229
3063,3454
3064,4769
3065,4083
3066,3777
3067,4524
3068,16955
3069,5563
3070,5366
3071,3272
3072,4145
3073,12239
3074,4810
3075,3769
3076,4229
3077,5866
3078,4620
3079,5748
3080,4246
3081,5029
3082,4988
3083,7213
3084,4381
3085,3603
3086,9762
3087,6275
3088,15030
3089,10315
3090,4549
3091,10463
3092,4037
3093,3978
3094,4414
3095,3752
3096,4672
3097,3908
3098,5209
3099,3819
3100,3552
3101,6280
3102,5035
3103,6296
3104,8900
3105,5542
3106,6062
3107,5045
3108,6747
3109,3893
3110,4412
3111,4558
3112,3970
3113,2729
3114,4958
3115,6071
3116,4682
3117,5537
3118,4724
3119,18818
3120,4861
3121,4552
3122,3702
3123,9446
3124,5012
3125,6033
3126,4385
3127,4978
3128,6445
3129,4917
3130,7038
3131,4105
3132,5981
3133,3453
3134,7817
3135,5194
3136,7067
3137,4309
3138,4471
3139,5301
3140,4142
3141,5874
3142,3638
3143,4660
3144,4327
3145,8484
3146,3710
3147,6472
3148,4575
3149,5228
3150,6634
3151,3912
3152,4716
3153,7196
3154,5530
3155,4991
3156,4225
3157,5293
3158,5371
3159,5411
3160,3601
3161,5581
3162,4689
3163,3901
3164,3836
3165,4332
3166,8459
3167,7982
3168,4614
3169,4633
3170,5292
3171,4464
3172,7114
3173,5259
3174,9569
3175,6663
3176,4440
3177,5817
3178,4148
3179,3922
3180,5434
3181,5609
3182,4960
3183,5193
3184,5548
3185,5981
3186,5823
3187,3351
3188,4552
3189,4975
3190,4371
3191,4732
3192,4048
3193,5826
3194,5210
3195,8031
3196,3854
3197,4792
3198,4760
3199,9415
3200,9801
3201,3727
3202,5089
3203,4110
3204,3713
3205,11267
3206,4272
3207,6065
3208,5072
3209,3806
3210,5644
3211,4038
3212,39297
3213,4428
3214,5391
3215,3791
3216,7966
3217,4722
3218,5818
3219,4714
3220,8908
3221,6489
3222,5763
3223,4331
3224,5651
3225,3453
3226,6955
3227,3902
3228,3901
3229,4322
3230,6817
3231,5341
3232,8904
3233,4839
3234,7178
3235,12687
3236,4695
3237,6923
3238,4998
3239,5095
3240,4039
3241,4640
3242,4253
3243,3348
3244,6600
3245,9302
3246,5336
3247,4600
3248,5461
3249,5774
3250,4640
3251,5249
3252,6666
3253,4427
3254,5098
3255,4058
3256,4017
3257,3764
3258,5162
3259,4630
3260,4972
3261,4082
3262,4403
3263,5257
3264,5363
3265,6674
3266,4474
3267,6125
3268,4626
3269,3611
3270,5136
3271,3790
3272,4567
3273,6456
3274,4831
3275,3737
3276,5757
3277,5135
3278,4341
3279,3633
3280,13093
3281,6371
3282,5132
3283,4532
3284,3923
3285,4285
3286,4058
3287,4291
3288,3910
3289,6601
3290,9504
3291,6216
3292,4631
3293,11095
3294,3175
3295,4304
3296,5658
3297,5319
3298,5616
3299,6433
3300,5544
3301,5241
3302,5317
3303,11761
3304,8621
3305,6643
3306,7554
3307,5738
3308,8522
3309,7047
3310,4731
3311,3370
3312,6373
3313,4450
3314,3400
3315,4717
3316,11485
3317,4799
3318,6425
3319,3836
3320,4948
3321,4661
3322,4500
3323,5524
3324,5055
3325,5067
3326,4441
3327,4223
3328,4962
3329,4158
3330,4524
3331,4823
3332,3889
3333,3959
3334,6939
3335,4520
3336,3518
3337,5457
3338,5506
3339,6063
3340,8268
3341,6370
3342,10632
3343,4835
3344,4006
3345,4220
3346,4644
3347,6179
3348,5477
3349,10883
3350,9735
3351,12839
3352,5215
3353,4465
3354,6156
3355,25240
3356,7382
3357,11307
3358,5718
3359,4839
3360,5146
3361,5877
3362,4337
3363,3929
3364,4062
3365,4612
3366,4492
3367,7978
3368,6456
3369,3691
3370,4948
3371,3553
3372,3816
3373,3436
3374,3610
3375,5900
3376,4340
3377,6216
3378,11523
3379,4480
3380,4386
3381,3835
3382,4572
3383,5729
3384,7204
3385,4394
3386,4373
3387,3899
3388,4410
3389,4175
3390,3524
3391,6939
3392,7671
3393,4036
3394,4835
3395,5245
3396,3051
3397,6844
3398,5525
3399,9239
3400,15453
3401,3843
3402,5911
3403,3376
3404,6636
3405,7387
3406,51556
3407,5286
3408,6883
3409,9184
3410,6807
3411,12302
3412,4312
3413,4412
3414,7581
3415,4884
3416,4473
3417,5911
3418,4016
3419,4091
3420,4813
3421,3581
3422,5018
3423,6623
3424,4437
3425,3804
3426,3947
3427,5391
3428,10832
3429,4507
3430,5105
3431,7531
3432,6847
3433,5069
3434,3770
3435,7705
3436,7994
3437,6314
3438,4544
3439,10407
3440,3701
3441,3556
3442,3591
3443,5326
3444,4869
3445,4088
3446,4411
3447,3481
3448,6710
3449,4972
3450,4771
3451,4810
3452,6416
3453,6010
3454,6203
3455,3848
3456,6644
3457,4502
3458,6621
3459,3409
3460,5507
3461,3991
3462,7511
3463,4988
3464,3884
3465,6183
3466,4563
3467,7660
3468,3791
3469,5542
3470,12206
3471,3448
3472,6284
3473,3753
3474,5033
3475,5367
3476,3568
3477,6051
3478,7251
3479,7510
3480,4674
3481,4007
3482,4403
3483,4257
3484,4730
3485,6889
3486,4718
3487,3831
3488,5353
3489,4127
3490,4283
3491,9859
3492,6387
3493,3426
3494,5018
3495,4621
3496,6530
3497,7240
3498,11386
3499,4401
3500,4829
3501,4806
3502,6454
3503,5521
3504,5204
3505,3590
3506,5125
3507,3552
3508,5402
3509,5529
3510,3521
3511,4384
3512,4092
3513,18277
3514,4503
3515,3647
3516,4647
3517,4705
3518,4369
3519,6686
3520,3811
3521,4146
3522,4360
3523,3766
3524,6049
3525,5774
3526,2761
3527,3587
3528,4875
3529,8891
3530,4026
3531,7643
3532,11799
3533,5314
3534,4672
3535,9244
3536,62795
3537,3506
3538,3738
3539,5513
3540,4711
3541,6505
3542,6565
3543,4555
3544,5128
3545,3796
3546,4919
3547,4448
3548,4126
3549,5595
3550,7120
3551,3252
3552,3728
3553,4484
3554,4002
3555,4277
3556,7781
3557,7837
3558,6187
3559,4292
3560,3894
3561,4939
3562,7213
3563,5890
3564,4841
3565,8468
3566,3937
3567,4922
3568,5282
3569,7764
3570,3043
3571,3933
3572,4304
3573,6513
3574,4921
3575,6284
3576,4017
3577,4934
3578,4066
3579,4822
3580,6419
3581,24551
3582,3180
3583,4691
3584,12337
3585,5273
3586,7025
3587,6348
3588,4052
3589,3352
3590,4005
3591,4181
3592,3760
3593,6312
3594,7770
3595,7656
3596,5316
3597,5322
3598,8212
3599,4345
3600,12772
3601,3670
3602,3781
3603,12667
3604,10462
3605,5848
3606,6610
3607,8344
3608,5281
3609,3255
3610,5203
3611,3909
3612,7878
3613,6409
3614,4313
3615,3038
3616,6650
3617,4527
3618,5724
3619,4351
3620,6149
3621,4934
3622,3215
3623,9161
3624,5827
3625,4996
3626,7434
3627,6072
3628,6232
3629,3919
3630,8512
3631,4437
3632,5359
3633,4027
3634,4658
3635,4701
3636,5037
3637,12058
3638,4722
3639,4620
3640,7430
3641,4374
3642,4517
3643,5397
3644,6517
3645,3359
3646,4204
3647,8073
3648,4315
3649,17342
3650,10582
3651,4270
3652,3901
3653,4786
3654,8103
3655,5354
3656,8456
3657,8188
3658,4607
3659,3737
3660,4010
3661,4590
3662,6665
3663,7538
3664,4251
3665,8976
3666,3282
3667,3580
3668,4952
3669,4402
3670,4038
3671,4767
3672,3585
3673,8277
3674,5365
3675,4062
3676,3496
3677,6470
3678,4811
3679,3895
3680,5064
3681,5632
3682,6682
3683,5566
3684,7460
3685,5298
3686,4409
3687,5563
3688,3314
3689,4049
3690,4721
3691,5979
3692,5269
3693,5959
3694,3585
3695,4988
3696,3941
3697,4671
3698,4784
3699,8616
3700,4137
3701,5889
3702,4089
3703,4920
3704,3702
3705,3674
3706,6369
3707,6051
3708,5917
3709,6374
3710,8933
3711,7621
3712,10441
3713,4678
3714,6713
3715,4870
3716,8600
3717,3449
3718,4561
3719,7632
3720,3697
3721,8376
3722,14148
3723,4761
3724,3973
3725,5421
3726,68776
3727,7301
3728,3539
3729,5781
3730,5908
3731,4358
3732,4912
3733,4366
3734,6677
3735,3740
3736,7046
3737,10296
3738,3408
3739,5420
3740,5346
3741,3574
3742,7069
3743,6014
3744,4534
3745,4425
3746,3083
3747,3939
3748,4485
3749,11489
3750,4006
3751,4636
3752,4259
3753,3097
3754,7432
3755,5026
3756,3772
3757,8490
3758,4503
3759,6015
3760,3978
3761,5770
3762,5423
3763,4690
3764,5598
3765,4602
3766,5323
3767,3909
3768,3698
3769,5051
3770,4638
3771,4933
3772,4243
3773,4307
3774,4196
3775,10568
3776,3724
3777,5728
3778,5041
3779,16228
3780,5062
3781,10090
3782,4371
3783,7117
3784,3936
3785,9612
3786,3770
3787,4991
3788,5998
3789,5082
3790,3611
3791,4005
3792,6052
3793,5051
3794,4271
3795,3746
3796,7492
3797,10082
3798,10557
3799,5168
3800,5777
3801,4093
3802,4251
3803,4606
3804,5660
3805,3823
3806,4729
3807,7682
3808,4085
3809,7391
3810,10471
3811,7306
3812,3745
3813,4395
3814,4080
3815,7212
3816,5509
3817,4891
3818,6440
3819,4042
3820,3817
3821,6046
3822,10774
3823,5097
3824,7703
3825,5549
3826,5598
3827,5268
3828,5772
3829,5612
3830,4479
3831,10784
3832,5391
3833,3862
3834,7203
3835,6028
3836,3857
3837,4370
3838,5085
3839,4799
3840,3801
3841,4676
3842,4197
3843,5000
3844,4812
3845,4230
3846,5058
3847,5358
3848,9412
3849,3739
3850,3731
3851,5511
3852,5394
3853,5683
3854,4560
3855,3831
3856,3546
3857,6296
3858,5459
3859,5215
3860,4928
3861,4082
3862,16085
3863,4884
3864,4966
3865,3441
3866,4560
3867,5539
3868,5241
3869,6552
3870,3678
3871,8142
3872,9058
3873,5183
3874,4672
3875,8877
3876,7888
3877,3906
3878,7335
3879,5608
3880,3888
3881,7725
3882,4188
3883,5298
3884,9892
3885,3772
3886,4972
3887,4743
3888,4119
3889,4968
3890,4473
3891,4088
3892,3849
3893,10966
3894,10097
3895,3070
3896,6220
3897,19101
3898,4851
3899,4021
3900,3071
3901,4677
3902,3738
3903,6910
3904,7844
3905,2993
3906,5576
3907,6922
3908,4211
3909,5379
3910,6700
3911,4968
3912,11737
3913,4402
3914,3497
3915,4152
3916,3837
3917,5655
3918,8308
3919,7707
3920,5141
3921,6943
3922,4582
3923,5152
3924,3603
3925,3351
3926,4715
3927,5427
3928,4011
3929,7503
3930,4633
3931,5621
3932,4284
3933,5057
3934,5239
3935,11832
3936,4802
3937,7535
3938,4142
3939,4881
3940,17861
3941,3753
3942,3423
3943,4257
3944,4397
3945,4332
3946,7640
3947,4127
3948,4469
3949,8904
3950,5218
3951,15076
3952,3246
3953,4775
3954,8082
3955,6444
3956,4517
3957,3747
3958,4468
3959,16409
3960,3839
3961,4465
3962,14280
3963,4354
3964,4259
3965,7976
3966,9259
3967,5045
3968,4505
3969,3952
3970,3792
3971,4253
3972,13353
3973,4633
3974,5060
3975,6933
3976,5056
3977,9924
3978,6261
3979,4254
3980,6822
3981,5349
3982,4207
3983,4053
3984,5071
3985,4123
3986,6336
3987,7482
3988,20009
3989,3944
3990,5866
3991,4903
3992,4049
3993,3680
3994,4072
3995,4548
3996,4190
3997,7023
3998,6308
3999,4434
4000,4399
4001,3658
4002,11071
4003,4736
4004,7078
4005,4980
4006,6421
4007,75887
4008,4392
4009,7591
4010,4325
4011,5738
4012,5288
4013,8300
4014,3249
4015,3543
4016,4012
4017,4413
4018,3198
4019,3762
4020,2953
4021,5432
4022,3471
4023,5533
4024,4200
4025,3838
4026,12164
4027,7418
4028,5326
4029,5070
4030,5127
4031,6412
4032,4154
4033,8095
4034,5311
4035,5451
4036,4551
4037,18079
4038,4403
4039,5535
4040,3762
4041,9520
4042,4064
4043,12866
4044,8210
4045,9276
4046,7061
4047,4530
4048,10367
4049,8596
4050,5708
4051,4746
4052,11958
4053,6011
4054,4791
4055,10336
4056,4168
4057,3733
4058,3583
4059,9522
4060,3143
4061,9588
4062,11067
4063,4000
4064,9366
4065,5424
4066,5011
4067,6614
4068,7906
4069,3047
4070,4640
4071,6475
4072,6155
4073,5119
4074,5833
4075,6373
4076,6991
4077,3752
4078,8445
4079,5780
4080,4586
4081,6241
4082,7827
4083,4211
4084,5845
4085,7950
4086,3107
4087,2871
4088,6058
4089,3522
4090,4380
4091,7888
4092,3176
4093,3995
4094,9622
4095,4721
