0,1212
1,1138
2,1116
3,1141
4,1147
5,1120
6,1133
7,1084
8,1154
9,1188
10,1138
11,1193
12,1176
13,1199
14,1170
15,1229
16,1118
17,1145
18,1084
19,1167
20,1185
21,1176
22,1171
23,1198
24,1147
25,1200
26,1202
27,1167
28,1115
29,1169
30,1139
31,1182
32,1130
33,1109
34,1156
35,1159
36,1162
37,1105
38,1127
39,1200
40,1159
41,1160
42,1152
43,1166
44,1147
45,1099
46,1135
47,1139
48,1111
49,1149
50,1139
51,1183
52,1140
53,1183
54,1085
55,1093
56,1158
57,1187
58,1156
59,1151
60,1130
61,1111
62,1150
63,1164
64,1147
65,1207
66,1197
67,1117
68,1181
69,1154
70,1133
71,1163
72,1125
73,1128
74,1078
75,1114
76,1181
77,1086
78,1148
79,1134
80,1214
81,1159
82,1111
83,1103
84,1106
85,1074
86,1136
87,1167
88,1153
89,1138
90,1128
91,1138
92,1175
93,1121
94,1130
95,1129
96,1228
97,1245
98,1162
99,1159
100,1152
101,1159
102,1190
103,1183
104,1140
105,1125
106,1131
107,1154
108,1176
109,1119
110,1188
111,1204
112,1183
113,1197
114,1153
115,1100
116,1129
117,1098
118,1096
119,1165
120,1182
121,1208
122,1142
123,1223
124,1144
125,1116
126,1159
127,1157
128,1115
129,1122
130,1143
131,1106
132,1188
133,1184
134,1124
135,1112
136,1131
137,1111
138,1113
139,1142
140,1103
141,1172
142,1094
143,1108
144,1181
145,1135
146,1130
147,1132
148,1130
149,1148
150,1150
151,1203
152,1204
153,1135
154,1133
155,1086
156,1133
157,1139
158,1107
159,1093
160,1140
161,1136
162,1171
163,1135
164,1084
165,1164
166,1088
167,1230
168,1117
169,1177
170,1130
171,1171
172,1125
173,1181
174,1198
175,1141
176,1101
177,1207
178,1151
179,1105
180,1115
181,1165
182,1134
183,1175
184,1171
185,1144
186,1156
187,1182
188,1140
189,1098
190,1086
191,1176
192,1136
193,1164
194,1116
195,1162
196,1066
197,1168
198,1188
199,1140
200,1152
201,1166
202,1151
203,1154
204,1120
205,1141
206,1132
207,1149
208,1164
209,1168
210,1160
211,1128
212,1114
213,1204
214,1078
215,1194
216,1127
217,1196
218,1125
219,1166
220,1143
221,1163
222,1147
223,1122
224,1159
225,1078
226,1131
227,1156
228,1159
229,1128
230,1159
231,1120
232,1135
233,1225
234,1133
235,1171
236,1164
237,1206
238,1074
239,1144
240,1131
241,1162
242,1153
243,1158
244,1078
245,1154
246,1127
247,1159
248,1127
249,1120
250,1177
251,1107
252,1164
253,1095
254,1131
255,1142
256,1201
257,1155
258,1097
259,1157
260,1146
261,1096
262,1144
263,1173
264,1122
265,1208
266,1142
267,1184
268,1108
269,1155
270,1182
271,1133
272,1103
273,1215
274,1174
275,1171
276,1185
277,1200
278,1172
279,1073
280,1141
281,1107
282,1171
283,1184
284,1112
285,1107
286,1119
287,1117
288,1199
289,1155
290,1172
291,1205
292,1127
293,1134
294,1144
295,1189
296,1125
297,1122
298,1114
299,1142
300,1142
301,1131
302,1169
303,1049
304,1138
305,1124
306,1093
307,1103
308,1133
309,1164
310,1171
311,1114
312,1151
313,1111
314,1151
315,1139
316,1152
317,1097
318,1143
319,1080
320,1110
321,1167
322,1124
323,1168
324,1176
325,1125
326,1160
327,1184
328,1164
329,1117
330,1108
331,1156
332,1185
333,1161
334,1176
335,1076
336,1204
337,1146
338,1143
339,1139
340,1147
341,1104
342,1093
343,1145
344,1205
345,1144
346,1138
347,1143
348,1172
349,1140
350,1065
351,1106
352,1153
353,1094
354,1199
355,1176
356,1175
357,1165
358,1179
359,1127
360,1123
361,1115
362,1127
363,1119
364,1123
365,1152
366,1143
367,1133
368,1169
369,1138
370,1147
371,1222
372,1195
373,1186
374,1127
375,1151
376,1121
377,1199
378,1147
379,1183
380,1114
381,1115
382,1141
383,1155
384,1157
385,1168
386,1058
387,1162
388,1124
389,1163
390,1165
391,1179
392,1113
393,1139
394,1116
395,1174
396,1145
397,1130
398,1178
399,1130
400,1127
401,1170
402,1109
403,1091
404,1133
405,1129
406,1136
407,1149
408,1092
409,1147
410,1119
411,1102
412,1154
413,1155
414,1139
415,1151
416,1208
417,1183
418,1143
419,1230
420,1151
421,1167
422,1153
423,1132
424,1129
425,1155
426,1156
427,1128
428,1133
429,1176
430,1176
431,1179
432,1175
433,1109
434,1097
435,1141
436,1106
437,1161
438,1178
439,1099
440,1148
441,1179
442,1062
443,1171
444,1139
445,1137
446,1173
447,1143
448,1166
449,1146
450,1152
451,1130
452,1103
453,1189
454,1108
455,1194
456,1145
457,1106
458,1221
459,1127
460,1139
461,1099
462,1121
463,1074
464,1146
465,1163
466,1100
467,1137
468,1159
469,1097
470,1139
471,1149
472,1145
473,1178
474,1190
475,1144
476,1227
477,1192
478,1168
479,1067
480,1177
481,1114
482,1194
483,1173
484,1107
485,1108
486,1133
487,1152
488,1128
489,1090
490,1166
491,1145
492,1112
493,1151
494,1138
495,1126
496,1178
497,1187
498,1166
499,1076
500,1176
501,1128
502,1135
503,1132
504,1174
505,1182
506,1115
507,1143
508,1195
509,1235
510,1176
511,1133
512,1142
513,1150
514,1197
515,1125
516,1100
517,1161
518,1144
519,1139
520,1150
521,1094
522,1109
523,1175
524,1164
525,1148
526,1153
527,1146
528,1214
529,1178
530,1140
531,1161
532,1155
533,1158
534,1163
535,1129
536,1201
537,1101
538,1104
539,1142
540,1126
541,1167
542,1132
543,1139
544,1135
545,1149
546,1078
547,1147
548,1127
549,1168
550,1138
551,1132
552,1150
553,1111
554,1131
555,1160
556,1150
557,1094
558,1145
559,1142
560,1180
561,1192
562,1139
563,1152
564,1171
565,1158
566,1163
567,1167
568,1179
569,1123
570,1106
571,1217
572,1176
573,1128
574,1182
575,1151
576,1167
577,1152
578,1107
579,1146
580,1129
581,1150
582,1169
583,1176
584,1114
585,1228
586,1099
587,1121
588,1155
589,1124
590,1167
591,1157
592,1143
593,1221
594,1138
595,1078
596,1171
597,1158
598,1150
599,1127
600,1127
601,1097
602,1171
603,1113
604,1182
605,1125
606,1099
607,1136
608,1134
609,1153
610,1111
611,1204
612,1197
613,1159
614,1089
615,1072
616,1161
617,1143
618,1115
619,1166
620,1176
621,1101
622,1168
623,1104
624,1179
625,1112
626,1166
627,1101
628,1101
629,1141
630,1087
631,1176
632,1133
633,1121
634,1221
635,1158
636,1129
637,1113
638,1149
639,1112
640,1077
641,1143
642,1104
643,1176
644,1191
645,1122
646,1158
647,1164
648,1191
649,1194
650,1188
651,1083
652,1112
653,1153
654,1151
655,1122
656,1164
657,1198
658,1149
659,1103
660,1090
661,1171
662,1148
663,1141
664,1174
665,1157
666,1095
667,1134
668,1160
669,1159
670,1188
671,1176
672,1095
673,1188
674,1079
675,1185
676,1098
677,1134
678,1134
679,1155
680,1092
681,1101
682,1130
683,1123
684,1131
685,1092
686,1136
687,1123
688,1190
689,1120
690,1092
691,1111
692,1091
693,1157
694,1146
695,1141
696,1134
697,1127
698,1163
699,1116
700,1073
701,1168
702,1144
703,1125
704,1156
705,1196
706,1178
707,1161
708,1131
709,1161
710,1119
711,1143
712,1179
713,1127
714,1196
715,1133
716,1121
717,1124
718,1139
719,1220
720,1140
721,1198
722,1114
723,1153
724,1108
725,1189
726,1175
727,1138
728,1145
729,1145
730,1137
731,1135
732,1089
733,1116
734,1151
735,1164
736,1192
737,1089
738,1217
739,1164
740,1124
741,1150
742,1184
743,1130
744,1138
745,1152
746,1078
747,1148
748,1140
749,1172
750,1103
751,1098
752,1136
753,1098
754,1124
755,1152
756,1147
757,1077
758,1107
759,1124
760,1170
761,1098
762,1160
763,1175
764,1127
765,1121
766,1130
767,1140
768,1122
769,1186
770,1132
771,1144
772,1105
773,1174
774,1130
775,1126
776,1163
777,1162
778,1127
779,1173
780,1186
781,1100
782,1132
783,1126
784,1213
785,1114
786,1153
787,1104
788,1193
789,1145
790,1125
791,1155
792,1136
793,1170
794,1205
795,1121
796,1166
797,1133
798,1154
799,1195
800,1052
801,1160
802,1139
803,1083
804,1128
805,1210
806,1124
807,1131
808,1144
809,1167
810,1150
811,1093
812,1136
813,1156
814,1119
815,1161
816,1181
817,1148
818,1153
819,1143
820,1170
821,1111
822,1072
823,1143
824,1182
825,1063
826,1155
827,1101
828,1151
829,1096
830,1118
831,1195
832,1145
833,1120
834,1121
835,1182
836,1153
837,1130
838,1184
839,1160
840,1114
841,1126
842,1174
843,1151
844,1135
845,1124
846,1208
847,1124
848,1132
849,1158
850,1117
851,1184
852,1102
853,1086
854,1169
855,1169
856,1121
857,1187
858,1206
859,1169
860,1167
861,1152
862,1130
863,1158
864,1190
865,1182
866,1174
867,1221
868,1127
869,1106
870,1110
871,1156
872,1129
873,1104
874,1195
875,1119
876,1164
877,1110
878,1072
879,1154
880,1097
881,1146
882,1128
883,1132
884,1165
885,1100
886,1185
887,1141
888,1126
889,1171
890,1133
891,1136
892,1231
893,1115
894,1147
895,1209
896,1180
897,1200
898,1145
899,1134
900,1124
901,1224
902,1122
903,1110
904,1151
905,1141
906,1150
907,1112
908,1072
909,1179
910,1197
911,1137
912,1141
913,1117
914,1152
915,1188
916,1211
917,1146
918,1104
919,1092
920,1095
921,1189
922,1136
923,1138
924,1119
925,1063
926,1115
927,1147
928,1163
929,1159
930,1167
931,1187
932,1105
933,1111
934,1146
935,1222
936,1197
937,1142
938,1158
939,1159
940,1205
941,1214
942,1135
943,1195
944,1129
945,1163
946,1158
947,1170
948,1150
949,1131
950,1189
951,1118
952,1139
953,1165
954,1152
955,1145
956,1105
957,1170
958,1166
959,1139
960,1158
961,1140
962,1122
963,1085
964,1176
965,1114
966,1078
967,1125
968,1164
969,1137
970,1170
971,1149
972,1184
973,1163
974,1073
975,1163
976,1286
977,1105
978,1179
979,1120
980,1152
981,1122
982,1178
983,1180
984,1132
985,1089
986,1134
987,1138
988,1188
989,1152
990,1142
991,1105
992,1139
993,1097
994,1141
995,1157
996,1165
997,1157
998,1167
999,1186
1000,1084
1001,1108
1002,1148
1003,1227
1004,1149
1005,1118
1006,1110
1007,1143
1008,1134
1009,1113
1010,1154
1011,1128
1012,1168
1013,1130
1014,1133
1015,1223
1016,1168
1017,1100
1018,1144
1019,1119
1020,1094
1021,1183
1022,1130
1023,1175
1024,1068
1025,1078
1026,1190
1027,1123
1028,1131
1029,1191
1030,1114
1031,1124
1032,1187
1033,1194
1034,1185
1035,1119
1036,1122
1037,1225
1038,1191
1039,1136
1040,1176
1041,1126
1042,1119
1043,1117
1044,1114
1045,1203
1046,1141
1047,1051
1048,1151
1049,1128
1050,1159
1051,1149
1052,1142
1053,1127
1054,1116
1055,1165
1056,1168
1057,1136
1058,1148
1059,1198
1060,1184
1061,1120
1062,1147
1063,1195
1064,1154
1065,1149
1066,1167
1067,1122
1068,1143
1069,1110
1070,1124
1071,1127
1072,1172
1073,1161
1074,1118
1075,1126
1076,1103
1077,1194
1078,1161
1079,1102
1080,1148
1081,1145
1082,1125
1083,1181
1084,1166
1085,1164
1086,1150
1087,1098
1088,1178
1089,1173
1090,1160
1091,1154
1092,1176
1093,1142
1094,1195
1095,1217
1096,1210
1097,1139
1098,1137
1099,1160
1100,1159
1101,1129
1102,1156
1103,1123
1104,1207
1105,1109
1106,1160
1107,1134
1108,1131
1109,1139
1110,1124
1111,1138
1112,1160
1113,1171
1114,1132
1115,1231
1116,1072
1117,1154
1118,1127
1119,1123
1120,1174
1121,1129
1122,1087
1123,1103
1124,1149
1125,1144
1126,1101
1127,1142
1128,1129
1129,1163
1130,1180
1131,1133
1132,1140
1133,1141
1134,1117
1135,1209
1136,1119
1137,1162
1138,1078
1139,1143
1140,1134
1141,1144
1142,1145
1143,1117
1144,1172
1145,1136
1146,1148
1147,1192
1148,1141
1149,1214
1150,1194
1151,1126
1152,1218
1153,1113
1154,1129
1155,1121
1156,1116
1157,1161
1158,1178
1159,1122
1160,1119
1161,1080
1162,1089
1163,1175
1164,1176
1165,1190
1166,1158
1167,1197
1168,1119
1169,1116
1170,1169
1171,1133
1172,1082
1173,1136
1174,1116
1175,1161
1176,1151
1177,1154
1178,1091
1179,1148
1180,1162
1181,1132
1182,1119
1183,1133
1184,1166
1185,1166
1186,1111
1187,1111
1188,1174
1189,1200
1190,1152
1191,1144
1192,1178
1193,1085
1194,1193
1195,1098
1196,1096
1197,1166
1198,1192
1199,1171
1200,1182
1201,1138
1202,1251
1203,1116
1204,1123
1205,1151
1206,1148
1207,1193
1208,1117
1209,1193
1210,1166
1211,1202
1212,1051
1213,1138
1214,1137
1215,1105
1216,1153
1217,1167
1218,1104
1219,1185
1220,1179
1221,1165
1222,1132
1223,1109
1224,1192
1225,1157
1226,1130
1227,1149
1228,1138
1229,1193
1230,1151
1231,1159
1232,1123
1233,1108
1234,1184
1235,1145
1236,1164
1237,1118
1238,1130
1239,1142
1240,1147
1241,1167
1242,1159
1243,1116
1244,1137
1245,1149
1246,1203
1247,1169
1248,1172
1249,1146
1250,1172
1251,1113
1252,1102
1253,1195
1254,1131
1255,1040
1256,1051
1257,1089
1258,1119
1259,1152
1260,1164
1261,1105
1262,1100
1263,1164
1264,1129
1265,1133
1266,1087
1267,1091
1268,1112
1269,1161
1270,1178
1271,1160
1272,1138
1273,1175
1274,1166
1275,1151
1276,1153
1277,1178
1278,1111
1279,1059
1280,1101
1281,1107
1282,1151
1283,1139
1284,1091
1285,1166
1286,1153
1287,1130
1288,1146
1289,1177
1290,1159
1291,1207
1292,1158
1293,1138
1294,1109
1295,1093
1296,1166
1297,1102
1298,1127
1299,1107
1300,1095
1301,1164
1302,1192
1303,1174
1304,1135
1305,1140
1306,1115
1307,1121
1308,1184
1309,1146
1310,1094
1311,1118
1312,1104
1313,1180
1314,1125
1315,1164
1316,1157
1317,1174
1318,1196
1319,1196
1320,1168
1321,1135
1322,1139
1323,1167
1324,1147
1325,1178
1326,1169
1327,1099
1328,1146
1329,1179
1330,1114
1331,1125
1332,1070
1333,1065
1334,1127
1335,1159
1336,1172
1337,1138
1338,1134
1339,1152
1340,1087
1341,1161
1342,1146
1343,1117
1344,1180
1345,1080
1346,1161
1347,1131
1348,1186
1349,1164
1350,1189
1351,1140
1352,1112
1353,1133
1354,1138
1355,1137
1356,1115
1357,1162
1358,1121
1359,1145
1360,1151
1361,1121
1362,1188
1363,1128
1364,1167
1365,1135
1366,1144
1367,1146
1368,1165
1369,1142
1370,1114
1371,1145
1372,1143
1373,1129
1374,1169
1375,1085
1376,1164
1377,1112
1378,1150
1379,1080
1380,1125
1381,1106
1382,1160
1383,1158
1384,1105
1385,1132
1386,1153
1387,1118
1388,1169
1389,1131
1390,1116
1391,1138
1392,1111
1393,1112
1394,1114
1395,1190
1396,1180
1397,1171
1398,1159
1399,1202
1400,1136
1401,1141
1402,1169
1403,1137
1404,1234
1405,1132
1406,1102
1407,1101
1408,1125
1409,1128
1410,1184
1411,1129
1412,1143
1413,1213
1414,1144
1415,1115
1416,1128
1417,1092
1418,1159
1419,1126
1420,1157
1421,1099
1422,1138
1423,1201
1424,1215
1425,1160
1426,1058
1427,1164
1428,1088
1429,1110
1430,1153
1431,1141
1432,1108
1433,1057
1434,1172
1435,1122
1436,1173
1437,1128
1438,1059
1439,1140
1440,1131
1441,1125
1442,1128
1443,1150
1444,1129
1445,1165
1446,1116
1447,1156
1448,1155
1449,1194
1450,1177
1451,1175
1452,1156
1453,1240
1454,1045
1455,1160
1456,1141
1457,1128
1458,1090
1459,1158
1460,1118
1461,1155
1462,1111
1463,1086
1464,1102
1465,1089
1466,1230
1467,1070
1468,1157
1469,1101
1470,1178
1471,1086
1472,1169
1473,1101
1474,1094
1475,1213
1476,1101
1477,1148
1478,1128
1479,1185
1480,1147
1481,1142
1482,1134
1483,1119
1484,1124
1485,1129
1486,1191
1487,1110
1488,1199
1489,1217
1490,1140
1491,1159
1492,1172
1493,1172
1494,1117
1495,1064
1496,1167
1497,1064
1498,1117
1499,1127
1500,1043
1501,1138
1502,1126
1503,1151
1504,1124
1505,1127
1506,1158
1507,1208
1508,1142
1509,1133
1510,1127
1511,1177
1512,1107
1513,1127
1514,1138
1515,1144
1516,1116
1517,1085
1518,1171
1519,1161
1520,1176
1521,1153
1522,1197
1523,1132
1524,1111
1525,1177
1526,1137
1527,1157
1528,1103
1529,1114
1530,1165
1531,1172
1532,1148
1533,1167
1534,1150
1535,1094
1536,1111
1537,1171
1538,1214
1539,1130
1540,1101
1541,1088
1542,1167
1543,1114
1544,1192
1545,1183
1546,1163
1547,1160
1548,1123
1549,1169
1550,1170
1551,1154
1552,1156
1553,1134
1554,1126
1555,1104
1556,1174
1557,1141
1558,1152
1559,1150
1560,1170
1561,1148
1562,1164
1563,1093
1564,1142
1565,1158
1566,1172
1567,1126
1568,1101
1569,1211
1570,1119
1571,1141
1572,1092
1573,1129
1574,1181
1575,1115
1576,1107
1577,1075
1578,1159
1579,1103
1580,1210
1581,1143
1582,1163
1583,1146
1584,1186
1585,1120
1586,1106
1587,1140
1588,1159
1589,1214
1590,1171
1591,1090
1592,1113
1593,1157
1594,1135
1595,1141
1596,1188
1597,1148
1598,1163
1599,1136
1600,1151
1601,1121
1602,1135
1603,1164
1604,1138
1605,1100
1606,1150
1607,1153
1608,1144
1609,1108
1610,1110
1611,1190
1612,1153
1613,1126
1614,1157
1615,1168
1616,1183
1617,1154
1618,1170
1619,1148
1620,1133
1621,1217
1622,1105
1623,1150
1624,1131
1625,1117
1626,1143
1627,1103
1628,1135
1629,1121
1630,1147
1631,1158
1632,1093
1633,1061
1634,1139
1635,1199
1636,1141
1637,1084
1638,1158
1639,1182
1640,1174
1641,1140
1642,1114
1643,1178
1644,1183
1645,1193
1646,1153
1647,1151
1648,1121
1649,1139
1650,1196
1651,1204
1652,1145
1653,1161
1654,1195
1655,1157
1656,1125
1657,1183
1658,1132
1659,1190
1660,1197
1661,1149
1662,1199
1663,1151
1664,1178
1665,1132
1666,1130
1667,1174
1668,1201
1669,1141
1670,1163
1671,1180
1672,1175
1673,1102
1674,1109
1675,1136
1676,1123
1677,1178
1678,1145
1679,1126
1680,1150
1681,1151
1682,1157
1683,1146
1684,1182
1685,1182
1686,1140
1687,1131
1688,1127
1689,1174
1690,1196
1691,1163
1692,1138
1693,1132
1694,1136
1695,1111
1696,1117
1697,1122
1698,1123
1699,1075
1700,1118
1701,1062
1702,1210
1703,1182
1704,1176
1705,1173
1706,1108
1707,1160
1708,1197
1709,1176
1710,1102
1711,1155
1712,1129
1713,1126
1714,1101
1715,1211
1716,1124
1717,1171
1718,1150
1719,1107
1720,1188
1721,1136
1722,1152
1723,1148
1724,1108
1725,1169
1726,1222
1727,1152
1728,1143
1729,1170
1730,1169
1731,1179
1732,1147
1733,1113
1734,1113
1735,1171
1736,1182
1737,1148
1738,1145
1739,1093
1740,1109
1741,1156
1742,1210
1743,1165
1744,1117
1745,1157
1746,1175
1747,1194
1748,1131
1749,1127
1750,1160
1751,1100
1752,1144
1753,1206
1754,1167
1755,1118
1756,1091
1757,1146
1758,1164
1759,1151
1760,1167
1761,1207
1762,1186
1763,1170
1764,1147
1765,1148
1766,1148
1767,1126
1768,1178
1769,1088
1770,1167
1771,1159
1772,1106
1773,1114
1774,1130
1775,1142
1776,1146
1777,1174
1778,1090
1779,1166
1780,1160
1781,1143
1782,1118
1783,1120
1784,1126
1785,1114
1786,1135
1787,1193
1788,1159
1789,1205
1790,1113
1791,1164
1792,1150
1793,1132
1794,1123
1795,1178
1796,1169
1797,1103
1798,1211
1799,1109
1800,1170
1801,1123
1802,1119
1803,1118
1804,1201
1805,1169
1806,1140
1807,1167
1808,1206
1809,1119
1810,1162
1811,1176
1812,1089
1813,1071
1814,1170
1815,1184
1816,1160
1817,1172
1818,1177
1819,1141
1820,1139
1821,1225
1822,1137
1823,1118
1824,1118
1825,1099
1826,1130
1827,1192
1828,1163
1829,1137
1830,1142
1831,1160
1832,1157
1833,1087
1834,1143
1835,1123
1836,1157
1837,1142
1838,1180
1839,1056
1840,1194
1841,1200
1842,1207
1843,1123
1844,1163
1845,1170
1846,1180
1847,1189
1848,1149
1849,1158
1850,1170
1851,1181
1852,1124
1853,1162
1854,1119
1855,1109
1856,1186
1857,1146
1858,1183
1859,1107
1860,1112
1861,1101
1862,1155
1863,1167
1864,1148
1865,1161
1866,1133
1867,1148
1868,1147
1869,1113
1870,1179
1871,1179
1872,1101
1873,1123
1874,1115
1875,1118
1876,1188
1877,1110
1878,1182
1879,1168
1880,1086
1881,1144
1882,1106
1883,1201
1884,1092
1885,1174
1886,1155
1887,1172
1888,1145
1889,1120
1890,1137
1891,1130
1892,1144
1893,1186
1894,1121
1895,1131
1896,1122
1897,1102
1898,1119
1899,1126
1900,1140
1901,1105
1902,1119
1903,1088
1904,1148
1905,1169
1906,1241
1907,1177
1908,1176
1909,1184
1910,1108
1911,1160
1912,1149
1913,1123
1914,1165
1915,1161
1916,1188
1917,1130
1918,1117
1919,1135
1920,1136
1921,1195
1922,1153
1923,1147
1924,1161
1925,1110
1926,1159
1927,1157
1928,1120
1929,1159
1930,1109
1931,1133
1932,1123
1933,1202
1934,1148
1935,1178
1936,1189
1937,1181
1938,1132
1939,1091
1940,1115
1941,1132
1942,1158
1943,1139
1944,1119
1945,1151
1946,1140
1947,1087
1948,1138
1949,1134
1950,1136
1951,1123
1952,1135
1953,1184
1954,1117
1955,1174
1956,1084
1957,1133
1958,1093
1959,1117
1960,1144
1961,1161
1962,1110
1963,1132
1964,1186
1965,1130
1966,1195
1967,1209
1968,1111
1969,1113
1970,1106
1971,1126
1972,1055
1973,1160
1974,1117
1975,1155
1976,1158
1977,1192
1978,1131
1979,1149
1980,1138
1981,1125
1982,1123
1983,1128
1984,1124
1985,1228
1986,1110
1987,1158
1988,1172
1989,1180
1990,1159
1991,1172
1992,1133
1993,1155
1994,1125
1995,1136
1996,1102
1997,1161
1998,1200
1999,1153
2000,1142
2001,1156
2002,1125
2003,1157
2004,1152
2005,1130
2006,1175
2007,1185
2008,1121
2009,1143
2010,1136
2011,1092
2012,1171
2013,1126
2014,1147
2015,1107
2016,1197
2017,1194
2018,1143
2019,1195
2020,1133
2021,1107
2022,1109
2023,1117
2024,1142
2025,1093
2026,1192
2027,1088
2028,1046
2029,1218
2030,1127
2031,1159
2032,1175
2033,1156
2034,1109
2035,1151
2036,1167
2037,1158
2038,1176
2039,1137
2040,1154
2041,1108
2042,1115
2043,1145
2044,1193
2045,1152
2046,1200
2047,1160
2048,1135
2049,1165
2050,1152
2051,1146
2052,1088
2053,1102
2054,1108
2055,1133
2056,1152
2057,1157
2058,1158
2059,1110
2060,1127
2061,1149
2062,1166
2063,1158
2064,1110
2065,1068
2066,1145
2067,1209
2068,1081
2069,1146
2070,1092
2071,1086
2072,1147
2073,1115
2074,1109
2075,1143
2076,1177
2077,1189
2078,1133
2079,1147
2080,1147
2081,1069
2082,1154
2083,1172
2084,1140
2085,1110
2086,1116
2087,1069
2088,1138
2089,1138
2090,1149
2091,1105
2092,1103
2093,1117
2094,1156
2095,1176
2096,1163
2097,1070
2098,1191
2099,1168
2100,1165
2101,1097
2102,1070
2103,1206
2104,1162
2105,1167
2106,1117
2107,1135
2108,1153
2109,1114
2110,1152
2111,1099
2112,1139
2113,1164
2114,1140
2115,1176
2116,1111
2117,1156
2118,1189
2119,1147
2120,1159
2121,1164
2122,1182
2123,1125
2124,1087
2125,1166
2126,1136
2127,1098
2128,1125
2129,1104
2130,1138
2131,1146
2132,1128
2133,1155
2134,1209
2135,1112
2136,1169
2137,1113
2138,1174
2139,1133
2140,1093
2141,1184
2142,1153
2143,1096
2144,1135
2145,1155
2146,1136
2147,1139
2148,1171
2149,1217
2150,1079
2151,1116
2152,1164
2153,1109
2154,1113
2155,1156
2156,1102
2157,1159
2158,1040
2159,1187
2160,1152
2161,1153
2162,1091
2163,1087
2164,1117
2165,1116
2166,1169
2167,1087
2168,1139
2169,1143
2170,1145
2171,1148
2172,1172
2173,1143
2174,1168
2175,1094
2176,1113
2177,1189
2178,1139
2179,1122
2180,1084
2181,1194
2182,1173
2183,1163
2184,1114
2185,1137
2186,1134
2187,1124
2188,1202
2189,1127
2190,1162
2191,1117
2192,1091
2193,1137
2194,1143
2195,1169
2196,1161
2197,1226
2198,1115
2199,1107
2200,1168
2201,1142
2202,1151
2203,1125
2204,1114
2205,1146
2206,1086
2207,1123
2208,1172
2209,1150
2210,1172
2211,1136
2212,1141
2213,1135
2214,1110
2215,1121
2216,1154
2217,1124
2218,1144
2219,1123
2220,1078
2221,1107
2222,1189
2223,1107
2224,1155
2225,1124
2226,1093
2227,1136
2228,1152
2229,1136
2230,1160
2231,1120
2232,1181
2233,1163
2234,1153
2235,1101
2236,1034
2237,1141
2238,1128
2239,1081
2240,1113
2241,1146
2242,1121
2243,1184
2244,1148
2245,1138
2246,1159
2247,1162
2248,1119
2249,1158
2250,1127
2251,1093
2252,1198
2253,1139
2254,1095
2255,1224
2256,1142
2257,1085
2258,1174
2259,1078
2260,1179
2261,1142
2262,1176
2263,1123
2264,1078
2265,1127
2266,1145
2267,1192
2268,1149
2269,1124
2270,1175
2271,1096
2272,1152
2273,1070
2274,1147
2275,1132
2276,1138
2277,1144
2278,1136
2279,1118
2280,1128
2281,1113
2282,1088
2283,1196
2284,1151
2285,1168
2286,1116
2287,1196
2288,1165
2289,1146
2290,1122
2291,1121
2292,1179
2293,1195
2294,1178
2295,1171
2296,1171
2297,1200
2298,1105
2299,1206
2300,1149
2301,1090
2302,1158
2303,1153
2304,1172
2305,1129
2306,1160
2307,1183
2308,1165
2309,1108
2310,1129
2311,1141
2312,1204
2313,1070
2314,1161
2315,1156
2316,1172
2317,1122
2318,1139
2319,1164
2320,1083
2321,1168
2322,1136
2323,1119
2324,1114
2325,1176
2326,1157
2327,1187
2328,1133
2329,1113
2330,1172
2331,1191
2332,1131
2333,1145
2334,1220
2335,1191
2336,1138
2337,1187
2338,1128
2339,1101
2340,1171
2341,1137
2342,1134
2343,1126
2344,1172
2345,1187
2346,1180
2347,1173
2348,1198
2349,1162
2350,1130
2351,1206
2352,1184
2353,1160
2354,1130
2355,1110
2356,1103
2357,1133
2358,1169
2359,1075
2360,1156
2361,1105
2362,1137
2363,1084
2364,1182
2365,1145
2366,1215
2367,1136
2368,1141
2369,1198
2370,1128
2371,1114
2372,1115
2373,1147
2374,1158
2375,1211
2376,1193
2377,1094
2378,1130
2379,1190
2380,1111
2381,1095
2382,1113
2383,1143
2384,1156
2385,1127
2386,1163
2387,1143
2388,1190
2389,1165
2390,1129
2391,1144
2392,1102
2393,1172
2394,1179
2395,1167
2396,1169
2397,1110
2398,1162
2399,1076
2400,1138
2401,1189
2402,1156
2403,1212
2404,1222
2405,1094
2406,1129
2407,1134
2408,1104
2409,1168
2410,1152
2411,1108
2412,1181
2413,1041
2414,1131
2415,1158
2416,1101
2417,1098
2418,1158
2419,1168
2420,1110
2421,1174
2422,1142
2423,1129
2424,1191
2425,1154
2426,1139
2427,1126
2428,1140
2429,1119
2430,1148
2431,1081
2432,1071
2433,1167
2434,1095
2435,1111
2436,1114
2437,1138
2438,1161
2439,1147
2440,1144
2441,1152
2442,1165
2443,1180
2444,1110
2445,1135
2446,1179
2447,1129
2448,1144
2449,1154
2450,1137
2451,1181
2452,1205
2453,1111
2454,1183
2455,1122
2456,1108
2457,1128
2458,1137
2459,1166
2460,1122
2461,1204
2462,1080
2463,1148
2464,1117
2465,1161
2466,1149
2467,1160
2468,1152
2469,1112
2470,1124
2471,1092
2472,1155
2473,1165
2474,1112
2475,1147
2476,1129
2477,1122
2478,1121
2479,1171
2480,1211
2481,1129
2482,1170
2483,1129
2484,1127
2485,1185
2486,1185
2487,1138
2488,1093
2489,1090
2490,1119
2491,1186
2492,1127
2493,1122
2494,1155
2495,1113
2496,1182
2497,1133
2498,1134
2499,1149
2500,1192
2501,1099
2502,1121
2503,1114
2504,1198
2505,1121
2506,1113
2507,1196
2508,1190
2509,1126
2510,1180
2511,1110
2512,1173
2513,1092
2514,1084
2515,1068
2516,1143
2517,1129
2518,1180
2519,1189
2520,1145
2521,1068
2522,1125
2523,1073
2524,1127
2525,1188
2526,1186
2527,1173
2528,1165
2529,1134
2530,1109
2531,1193
2532,1142
2533,1122
2534,1154
2535,1130
2536,1118
2537,1142
2538,1152
2539,1151
2540,1201
2541,1081
2542,1166
2543,1198
2544,1126
2545,1160
2546,1119
2547,1112
2548,1191
2549,1093
2550,1114
2551,1113
2552,1112
2553,1090
2554,1173
2555,1109
2556,1177
2557,1154
2558,1166
2559,1165
2560,1145
2561,1092
2562,1116
2563,1158
2564,1208
2565,1109
2566,1174
2567,1150
2568,1120
2569,1149
2570,1157
2571,1160
2572,1187
2573,1105
2574,1098
2575,1123
2576,1165
2577,1089
2578,1118
2579,1137
2580,1177
2581,1160
2582,1126
2583,1165
2584,1104
2585,1152
2586,1119
2587,1200
2588,1154
2589,1112
2590,1078
2591,1135
2592,1096
2593,1072
2594,1157
2595,1171
2596,1082
2597,1098
2598,1142
2599,1096
2600,1186
2601,1121
2602,1138
2603,1174
2604,1138
2605,1189
2606,1151
2607,1181
2608,1175
2609,1170
2610,1168
2611,1085
2612,1162
2613,1100
2614,1141
2615,1120
2616,1164
2617,1151
2618,1127
2619,1186
2620,1127
2621,1175
2622,1142
2623,1094
2624,1163
2625,1143
2626,1158
2627,1185
2628,1138
2629,1125
2630,1116
2631,1116
2632,1082
2633,1192
2634,1131
2635,1168
2636,1168
2637,1128
2638,1150
2639,1122
2640,1166
2641,1109
2642,1148
2643,1201
2644,1158
2645,1131
2646,1087
2647,1185
2648,1072
2649,1077
2650,1152
2651,1132
2652,1084
2653,1147
2654,1097
2655,1107
2656,1125
2657,1119
2658,1160
2659,1143
2660,1180
2661,1134
2662,1186
2663,1180
2664,1133
2665,1092
2666,1159
2667,1174
2668,1094
2669,1144
2670,1154
2671,1133
2672,1178
2673,1111
2674,1118
2675,1084
2676,1146
2677,1119
2678,1133
2679,1159
2680,1095
2681,1186
2682,1120
2683,1096
2684,1084
2685,1091
2686,1107
2687,1050
2688,1178
2689,1127
2690,1126
2691,1171
2692,1170
2693,1113
2694,1132
2695,1124
2696,1144
2697,1139
2698,1160
2699,1169
2700,1138
2701,1076
2702,1123
2703,1073
2704,1162
2705,1161
2706,1147
2707,1135
2708,1143
2709,1201
2710,1122
2711,1151
2712,1122
2713,1070
2714,1152
2715,1130
2716,1051
2717,1198
2718,1111
2719,1119
2720,1111
2721,1133
2722,1088
2723,1081
2724,1162
2725,1146
2726,1124
2727,1134
2728,1127
2729,1152
2730,1158
2731,1177
2732,1117
2733,1154
2734,1154
2735,1168
2736,1127
2737,1136
2738,1139
2739,1180
2740,1131
2741,1147
2742,1153
2743,1234
2744,1101
2745,1142
2746,1213
2747,1108
2748,1158
2749,1183
2750,1116
2751,1166
2752,1135
2753,1172
2754,1162
2755,1171
2756,1150
2757,1123
2758,1138
2759,1110
2760,1175
2761,1151
2762,1090
2763,1166
2764,1124
2765,1069
2766,1137
2767,1171
2768,1156
2769,1091
2770,1121
2771,1155
2772,1144
2773,1148
2774,1127
2775,1203
2776,1124
2777,1086
2778,1157
2779,1087
2780,1165
2781,1148
2782,1131
2783,1112
2784,1162
2785,1132
2786,1094
2787,1130
2788,1095
2789,1194
2790,1165
2791,1126
2792,1087
2793,1120
2794,1194
2795,1140
2796,1129
2797,1134
2798,1135
2799,1160
2800,1086
2801,1241
2802,1173
2803,1118
2804,1132
2805,1181
2806,1119
2807,1077
2808,1165
2809,1104
2810,1097
2811,1133
2812,1097
2813,1165
2814,1187
2815,1158
2816,1122
2817,1215
2818,1111
2819,1161
2820,1162
2821,1169
2822,1144
2823,1113
2824,1182
2825,1169
2826,1106
2827,1124
2828,1194
2829,1101
2830,1180
2831,1117
2832,1090
2833,1143
2834,1142
2835,1152
2836,1142
2837,1108
2838,1132
2839,1138
2840,1160
2841,1173
2842,1108
2843,1151
2844,1195
2845,1161
2846,1138
2847,1128
2848,1141
2849,1157
2850,1108
2851,1160
2852,1109
2853,1199
2854,1174
2855,1134
2856,1155
2857,1191
2858,1156
2859,1115
2860,1166
2861,1083
2862,1141
2863,1120
2864,1174
2865,1115
2866,1147
2867,1131
2868,1190
2869,1160
2870,1172
2871,1125
2872,1130
2873,1133
2874,1110
2875,1124
2876,1114
2877,1141
2878,1154
2879,1161
2880,1110
2881,1111
2882,1163
2883,1116
2884,1160
2885,1162
2886,1130
2887,1100
2888,1167
2889,1160
2890,1165
2891,1142
2892,1149
2893,1131
2894,1204
2895,1136
2896,1124
2897,1151
2898,1121
2899,1164
2900,1145
2901,1141
2902,1148
2903,1081
2904,1148
2905,1148
2906,1170
2907,1107
2908,1175
2909,1096
2910,1099
2911,1122
2912,1121
2913,1149
2914,1132
2915,1174
2916,1142
2917,1132
2918,1141
2919,1088
2920,1164
2921,1173
2922,1091
2923,1153
2924,1199
2925,1130
2926,1124
2927,1138
2928,1139
2929,1202
2930,1073
2931,1160
2932,1130
2933,1179
2934,1098
2935,1147
2936,1107
2937,1079
2938,1183
2939,1155
2940,1092
2941,1188
2942,1163
2943,1108
2944,1099
2945,1186
2946,1123
2947,1182
2948,1149
2949,1161
2950,1168
2951,1169
2952,1199
2953,1183
2954,1117
2955,1104
2956,1108
2957,1125
2958,1188
2959,1109
2960,1144
2961,1143
2962,1112
2963,1147
2964,1176
2965,1147
2966,1148
2967,1105
2968,1106
2969,1108
2970,1097
2971,1131
2972,1068
2973,1135
2974,1112
2975,1124
2976,1136
2977,1142
2978,1119
2979,1135
2980,1154
2981,1096
2982,1113
2983,1175
2984,1116
2985,1160
2986,1136
2987,1138
2988,1164
2989,1088
2990,1131
2991,1215
2992,1114
2993,1138
2994,1130
2995,1115
2996,1200
2997,1146
2998,1164
2999,1237
3000,1183
3001,1123
3002,1151
3003,1101
3004,1146
3005,1162
3006,1186
3007,1132
3008,1121
3009,1064
3010,1100
3011,1125
3012,1177
3013,1122
3014,1174
3015,1142
3016,1148
3017,1127
3018,1105
3019,1124
3020,1141
3021,1166
3022,1164
3023,1084
3024,1194
3025,1151
3026,1137
3027,1187
3028,1130
3029,1137
3030,1171
3031,1125
3032,1138
3033,1111
3034,1164
3035,1132
3036,1100
3037,1126
3038,1114
3039,1086
3040,1122
3041,1119
3042,1106
3043,1141
3044,1121
3045,1184
3046,1162
3047,1129
3048,1106
3049,1155
3050,1149
3051,1138
3052,1054
3053,1112
3054,1146
3055,1142
3056,1111
3057,1116
3058,1159
3059,1059
3060,1164
3061,1154
3062,1200
3063,1165
3064,1152
3065,1103
3066,1151
3067,1113
3068,1114
3069,1149
3070,1209
3071,1073
3072,1225
3073,1162
3074,1159
3075,1224
3076,1110
3077,1126
3078,1152
3079,1221
3080,1091
3081,1209
3082,1240
3083,1103
3084,1143
3085,1120
3086,1100
3087,1126
3088,1159
3089,1207
3090,1110
3091,1159
3092,1118
3093,1124
3094,1186
3095,1131
3096,1146
3097,1100
3098,1184
3099,1142
3100,1167
3101,1195
3102,1179
3103,1183
3104,1098
3105,1085
3106,1211
3107,1173
3108,1175
3109,1139
3110,1107
3111,1166
3112,1112
3113,1026
3114,1175
3115,1165
3116,1145
3117,1160
3118,1104
3119,1127
3120,1148
3121,1156
3122,1198
3123,1140
3124,1151
3125,1166
3126,1148
3127,1160
3128,1176
3129,1120
3130,1192
3131,1184
3132,1140
3133,1161
3134,1152
3135,1111
3136,1104
3137,1090
3138,1184
3139,1102
3140,1086
3141,1150
3142,1062
3143,1190
3144,1092
3145,1101
3146,1081
3147,1160
3148,1079
3149,1161
3150,1168
3151,1170
3152,1148
3153,1100
3154,1098
3155,1175
3156,1119
3157,1113
3158,1150
3159,1187
3160,1126
3161,1165
3162,1201
3163,1144
3164,1121
3165,1151
3166,1170
3167,1104
3168,1116
3169,1079
3170,1185
3171,1139
3172,1141
3173,1188
3174,1153
3175,1122
3176,1182
3177,1142
3178,1143
3179,1145
3180,1153
3181,1184
3182,1144
3183,1115
3184,1187
3185,1125
3186,1161
3187,1092
3188,1151
3189,1115
3190,1170
3191,1153
3192,1120
3193,1148
3194,1203
3195,1129
3196,1167
3197,1156
3198,1220
3199,1136
3200,1131
3201,1104
3202,1160
3203,1193
3204,1165
3205,1112
3206,1132
3207,1139
3208,1108
3209,1189
3210,1134
3211,1145
3212,1158
3213,1123
3214,1197
3215,1131
3216,1160
3217,1128
3218,1121
3219,1076
3220,1113
3221,1122
3222,1208
3223,1106
3224,1153
3225,1140
3226,1140
3227,1124
3228,1156
3229,1129
3230,1186
3231,1148
3232,1103
3233,1154
3234,1119
3235,1164
3236,1129
3237,1143
3238,1118
3239,1181
3240,1146
3241,1190
3242,1185
3243,1089
3244,1158
3245,1134
3246,1111
3247,1141
3248,1113
3249,1150
3250,1174
3251,1147
3252,1199
3253,1235
3254,1169
3255,1126
3256,1184
3257,1161
3258,1217
3259,1107
3260,1120
3261,1097
3262,1136
3263,1096
3264,1191
3265,1167
3266,1163
3267,1180
3268,1170
3269,1148
3270,1143
3271,1155
3272,1137
3273,1112
3274,1096
3275,1133
3276,1092
3277,1153
3278,1126
3279,1169
3280,1122
3281,1089
3282,1083
3283,1155
3284,1133
3285,1164
3286,1139
3287,1186
3288,1148
3289,1120
3290,1128
3291,1189
3292,1124
3293,1120
3294,1128
3295,1107
3296,1065
3297,1138
3298,1147
3299,1099
3300,1226
3301,1196
3302,1137
3303,1200
3304,1222
3305,1171
3306,1191
3307,1156
3308,1106
3309,1147
3310,1144
3311,1096
3312,1142
3313,1169
3314,1154
3315,1061
3316,1119
3317,1157
3318,1160
3319,1132
3320,1210
3321,1172
3322,1155
3323,1163
3324,1137
3325,1123
3326,1167
3327,1097
3328,1142
3329,1059
3330,1142
3331,1128
3332,1128
3333,1131
3334,1119
3335,1221
3336,1105
3337,1183
3338,1172
3339,1169
3340,1190
3341,1175
3342,1139
3343,1137
3344,1081
3345,1150
3346,1210
3347,1157
3348,1102
3349,1172
3350,1156
3351,1135
3352,1147
3353,1110
3354,1122
3355,1099
3356,1097
3357,1159
3358,1231
3359,1123
3360,1102
3361,1141
3362,1132
3363,1100
3364,1227
3365,1132
3366,1121
3367,1133
3368,1077
3369,1175
3370,1149
3371,1168
3372,1171
3373,1177
3374,1198
3375,1185
3376,1090
3377,1138
3378,1136
3379,1093
3380,1130
3381,1092
3382,1104
3383,1183
3384,1174
3385,1161
3386,1125
3387,1182
3388,1157
3389,1090
3390,1183
3391,1133
3392,1137
3393,1143
3394,1165
3395,1164
3396,1065
3397,1158
3398,1142
3399,1116
3400,1177
3401,1134
3402,1179
3403,1091
3404,1143
3405,1102
3406,1161
3407,1113
3408,1166
3409,1162
3410,1173
3411,1177
3412,1078
3413,1120
3414,1113
3415,1188
3416,1133
3417,1195
3418,1205
3419,1170
3420,1104
3421,1133
3422,1093
3423,1189
3424,1142
3425,1164
3426,1137
3427,1157
3428,1085
3429,1216
3430,1207
3431,1127
3432,1133
3433,1178
3434,1158
3435,1148
3436,1187
3437,1210
3438,1202
3439,1115
3440,1110
3441,1121
3442,1159
3443,1086
3444,1116
3445,1228
3446,1151
3447,1131
3448,1101
3449,1153
3450,1166
3451,1189
3452,1084
3453,1114
3454,1199
3455,1111
3456,1175
3457,1155
3458,1132
3459,1155
3460,1142
3461,1075
3462,1180
3463,1118
3464,1145
3465,1113
3466,1107
3467,1174
3468,1132
3469,1222
3470,1131
3471,1124
3472,1147
3473,1157
3474,1080
3475,1132
3476,1162
3477,1142
3478,1126
3479,1155
3480,1149
3481,1134
3482,1184
3483,1100
3484,1183
3485,1129
3486,1194
3487,1152
3488,1169
3489,1074
3490,1093
3491,1169
3492,1139
3493,1095
3494,1171
3495,1133
3496,1221
3497,1162
3498,1145
3499,1120
3500,1065
3501,1085
3502,1111
3503,1089
3504,1107
3505,1140
3506,1177
3507,1144
3508,1095
3509,1143
3510,1164
3511,1124
3512,1139
3513,1207
3514,1144
3515,1094
3516,1110
3517,1136
3518,1117
3519,1152
3520,1177
3521,1196
3522,1118
3523,1204
3524,1173
3525,1054
3526,1157
3527,1092
3528,1196
3529,1183
3530,1149
3531,1127
3532,1126
3533,1181
3534,1103
3535,1176
3536,1195
3537,1131
3538,1148
3539,1167
3540,1182
3541,1175
3542,1128
3543,1160
3544,1131
3545,1108
3546,1212
3547,1124
3548,1104
3549,1105
3550,1169
3551,1140
3552,1136
3553,1157
3554,1186
3555,1153
3556,1119
3557,1191
3558,1122
3559,1129
3560,1153
3561,1129
3562,1175
3563,1112
3564,1193
3565,1206
3566,1161
3567,1150
3568,1141
3569,1209
3570,1090
3571,1167
3572,1146
3573,1174
3574,1115
3575,1229
3576,1167
3577,1167
3578,1110
3579,1124
3580,1151
3581,1118
3582,1151
3583,1117
3584,1211
3585,1172
3586,1148
3587,1138
3588,1134
3589,1132
3590,1110
3591,1131
3592,1118
3593,1127
3594,1171
3595,1157
3596,1130
3597,1183
3598,1128
3599,1113
3600,1198
3601,1121
3602,1208
3603,1174
3604,1168
3605,1129
3606,1139
3607,1111
3608,1175
3609,1102
3610,1173
3611,1067
3612,1105
3613,1144
3614,1188
3615,1122
3616,1153
3617,1127
3618,1108
3619,1131
3620,1072
3621,1132
3622,1140
3623,1152
3624,1133
3625,1096
3626,1172
3627,1101
3628,1177
3629,1116
3630,1164
3631,1139
3632,1155
3633,1097
3634,1192
3635,1147
3636,1117
3637,1163
3638,1152
3639,1123
3640,1152
3641,1109
3642,1138
3643,1155
3644,1169
3645,1078
3646,1133
3647,1123
3648,1186
3649,1087
3650,1137
3651,1152
3652,1112
3653,1135
3654,1137
3655,1111
3656,1159
3657,1079
3658,1150
3659,1124
3660,1131
3661,1182
3662,1163
3663,1193
3664,1164
3665,1145
3666,1129
3667,1131
3668,1168
3669,1086
3670,1157
3671,1181
3672,1140
3673,1227
3674,1148
3675,1149
3676,1109
3677,1166
3678,1112
3679,1180
3680,1097
3681,1149
3682,1147
3683,1050
3684,1190
3685,1165
3686,1128
3687,1133
3688,1128
3689,1146
3690,1136
3691,1159
3692,1220
3693,1063
3694,1180
3695,1119
3696,1146
3697,1117
3698,1171
3699,1196
3700,1110
3701,1126
3702,1210
3703,1160
3704,1126
3705,1142
3706,1154
3707,1111
3708,1154
3709,1176
3710,1099
3711,1101
3712,1164
3713,1165
3714,1163
3715,1221
3716,1159
3717,1121
3718,1148
3719,1110
3720,1113
3721,1136
3722,1121
3723,1119
3724,1205
3725,1126
3726,1142
3727,1162
3728,1138
3729,1174
3730,1189
3731,1136
3732,1105
3733,1169
3734,1166
3735,1129
3736,1131
3737,1179
3738,1150
3739,1158
3740,1151
3741,1098
3742,1191
3743,1123
3744,1140
3745,1158
3746,1069
3747,1101
3748,1147
3749,1072
3750,1141
3751,1144
3752,1153
3753,1128
3754,1134
3755,1136
3756,1154
3757,1216
3758,1207
3759,1148
3760,1138
3761,1144
3762,1120
3763,1157
3764,1114
3765,1185
3766,1165
3767,1095
3768,1162
3769,1158
3770,1159
3771,1130
3772,1138
3773,1130
3774,1109
3775,1074
3776,1157
3777,1194
3778,1075
3779,1140
3780,1151
3781,1054
3782,1090
3783,1180
3784,1099
3785,1085
3786,1163
3787,1131
3788,1064
3789,1153
3790,1128
3791,1100
3792,1139
3793,1184
3794,1118
3795,1142
3796,1183
3797,1157
3798,1153
3799,1163
3800,1156
3801,1154
3802,1175
3803,1136
3804,1126
3805,1133
3806,1109
3807,1158
3808,1204
3809,1194
3810,1158
3811,1200
3812,1135
3813,1120
3814,1138
3815,1144
3816,1085
3817,1201
3818,1150
3819,1118
3820,1116
3821,1202
3822,1185
3823,1218
3824,1118
3825,1215
3826,1150
3827,1110
3828,1101
3829,1129
3830,1197
3831,1133
3832,1134
3833,1134
3834,1182
3835,1117
3836,1133
3837,1154
3838,1227
3839,1140
3840,1178
3841,1178
3842,1159
3843,1166
3844,1089
3845,1219
3846,1182
3847,1188
3848,1150
3849,1176
3850,1174
3851,1145
3852,1198
3853,1171
3854,1134
3855,1141
3856,1167
3857,1132
3858,1145
3859,1116
3860,1070
3861,1139
3862,1118
3863,1135
3864,1164
3865,1113
3866,1143
3867,1180
3868,1134
3869,1156
3870,1224
3871,1183
3872,1127
3873,1188
3874,1096
3875,1112
3876,1104
3877,1162
3878,1169
3879,1138
3880,1143
3881,1142
3882,1132
3883,1146
3884,1109
3885,1104
3886,1145
3887,1183
3888,1129
3889,1156
3890,1191
3891,1136
3892,1130
3893,1112
3894,1214
3895,1162
3896,1203
3897,1166
3898,1191
3899,1149
3900,1149
3901,1168
3902,1140
3903,1197
3904,1211
3905,1172
3906,1160
3907,1143
3908,1112
3909,1143
3910,1123
3911,1137
3912,1152
3913,1132
3914,1164
3915,1118
3916,1140
3917,1135
3918,1243
3919,1159
3920,1188
3921,1144
3922,1177
3923,1202
3924,1143
3925,1127
3926,1183
3927,1201
3928,1161
3929,1168
3930,1129
3931,1096
3932,1137
3933,1157
3934,1120
3935,1167
3936,1162
3937,1131
3938,1158
3939,1117
3940,1162
3941,1108
3942,1120
3943,1127
3944,1163
3945,1154
3946,1132
3947,1086
3948,1136
3949,1155
3950,1144
3951,1152
3952,1117
3953,1149
3954,1116
3955,1156
3956,1194
3957,1121
3958,1121
3959,1138
3960,1223
3961,1199
3962,1187
3963,1111
3964,1196
3965,1172
3966,1172
3967,1133
3968,1116
3969,1134
3970,1153
3971,1119
3972,1221
3973,1174
3974,1150
3975,1079
3976,1206
3977,1166
3978,1153
3979,1095
3980,1170
3981,1175
3982,1146
3983,1079
3984,1092
3985,1137
3986,1186
3987,1151
3988,1098
3989,1168
3990,1187
3991,1073
3992,1139
3993,1119
3994,1115
3995,1087
3996,1197
3997,1147
3998,1161
3999,1117
4000,1165
4001,1178
4002,1111
4003,1165
4004,1144
4005,1178
4006,1184
4007,1133
4008,1158
4009,1134
4010,1085
4011,1190
4012,1198
4013,1121
4014,1105
4015,1178
4016,1090
4017,1107
4018,1091
4019,1095
4020,1113
4021,1157
4022,1102
4023,1140
4024,1178
4025,1121
4026,1138
4027,1142
4028,1164
4029,1118
4030,1199
4031,1109
4032,1160
4033,1091
4034,1108
4035,1114
4036,1136
4037,1166
4038,1169
4039,1089
4040,1101
4041,1190
4042,1114
4043,1163
4044,1108
4045,1101
4046,1139
4047,1190
4048,1193
4049,1147
4050,1177
4051,1207
4052,1139
4053,1114
4054,1144
4055,1130
4056,1147
4057,1124
4058,1121
4059,1114
4060,1114
4061,1132
4062,1132
4063,1156
4064,1131
4065,1152
4066,1172
4067,1156
4068,1152
4069,1106
4070,1183
4071,1139
4072,1165
4073,1162
4074,1143
4075,1106
4076,1175
4077,1146
4078,1139
4079,1144
4080,1178
4081,1198
4082,1205
4083,1149
4084,1119
4085,1181
4086,1134
4087,1079
4088,1151
4089,1180
4090,1127
4091,1193
4092,1112
4093,1176
4094,1068
4095,1125
