0,863
1,962
2,577
3,451
4,738
5,786
6,1194
7,635
8,430
9,1152
10,893
11,334
12,909
13,161
14,528
15,444
16,653
17,486
18,896
19,2307
20,686
21,312
22,409
23,1095
24,355
25,567
26,480
27,434
28,548
29,672
30,713
31,337
32,816
33,519
34,275
35,389
36,950
37,1703
38,731
39,2648
40,573
41,1351
42,325
43,616
44,290
45,830
46,627
47,450
48,1900
49,651
50,3481
51,540
52,1284
53,1103
54,1062
55,786
56,1837
57,1343
58,469
59,706
60,339
61,2048
62,319
63,981
64,1628
65,309
66,2609
67,883
68,1726
69,1541
70,477
71,409
72,534
73,3255
74,317
75,1499
76,1163
77,8764
78,616
79,792
80,1146
81,2068
82,4317
83,4324
84,618
85,1287
86,420
87,394
88,445
89,1475
90,1275
91,592
92,399
93,751
94,357
95,896
96,722
97,1451
98,475
99,1980
100,849
101,677
102,739
103,348
104,602
105,814
106,886
107,5221
108,736
109,680
110,700
111,931
112,489
113,821
114,1464
115,392
116,766
117,2925
118,277
119,2627
120,337
121,1603
122,552
123,1318
124,674
125,610
126,818
127,237
128,551
129,320
130,2107
131,488
132,446
133,2464
134,728
135,439
136,1608
137,795
138,498
139,422
140,8380
141,663
142,585
143,637
144,291
145,1337
146,514
147,438
148,337
149,576
150,569
151,947
152,543
153,274
154,970
155,874
156,472
157,778
158,348
159,657
160,489
161,464
162,319
163,913
164,879
165,50340
166,366
167,732
168,254
169,583
170,1069
171,662
172,681
173,506
174,723
175,198
176,3083
177,748
178,687
179,544
180,495
181,2073
182,465
183,617
184,489
185,989
186,485
187,356
188,1065
189,11761
190,776
191,1579
192,402
193,7843
194,740
195,277
196,523
197,615
198,724
199,617
200,694
201,435
202,505
203,2046
204,365
205,463
206,581
207,12464
208,1210
209,916
210,399
211,754
212,1069
213,874
214,1408
215,1171
216,1517
217,852
218,428
219,408
220,417
221,1668
222,2503
223,1220
224,3032
225,717
226,198
227,567
228,1060
229,446
230,635
231,270
232,5194
233,351
234,414
235,739
236,881
237,2113
238,6973
239,804
240,647
241,270
242,3026
243,680
244,1338
245,1398
246,1002
247,776
248,1009
249,357
250,867
251,719
252,666
253,602
254,3199
255,1587
256,3096
257,686
258,466
259,742
260,1800
261,490
262,228
263,951
264,1986
265,776
266,357
267,692
268,560
269,2749
270,926
271,407
272,789
273,620
274,667
275,1460
276,352
277,766
278,338
279,749
280,422
281,4513
282,755
283,1242
284,1227
285,593
286,555
287,779
288,11625
289,5944
290,469
291,674
292,420
293,4872
294,325
295,528
296,1069
297,339
298,537
299,940
300,856
301,648
302,2193
303,535
304,1000
305,412
306,4037
307,455
308,631
309,898
310,2271
311,1255
312,321
313,1471
314,367
315,419
316,893
317,730
318,497
319,1226
320,379
321,8126
322,321
323,1741
324,4745
325,1518
326,827
327,903
328,1365
329,487
330,300
331,784
332,1415
333,461
334,1012
335,340
336,799
337,658
338,3947
339,877
340,690
341,359
342,2525
343,393
344,619
345,385
346,217
347,916
348,1010
349,2657
350,366
351,528
352,647
353,614
354,611
355,689
356,1552
357,816
358,862
359,820
360,511
361,588
362,6701
363,4328
364,8886
365,505
366,1036
367,1938
368,1445
369,672
370,480
371,266
372,692
373,510
374,6921
375,689
376,467
377,1808
378,1026
379,524
380,1060
381,651
382,571
383,570
384,472
385,1146
386,516
387,787
388,597
389,704
390,1023
391,918
392,2215
393,1617
394,1264
395,456
396,1268
397,1133
398,655
399,247
400,468
401,367
402,312
403,1010
404,386
405,1528
406,816
407,304
408,182
409,570
410,615
411,1248
412,414
413,1562
414,296
415,595
416,1018
417,3315
418,496
419,505
420,1026
421,600
422,11149
423,516
424,524
425,3434
426,1114
427,615
428,869
429,727
430,1354
431,651
432,913
433,487
434,1273
435,698
436,672
437,600
438,509
439,740
440,564
441,653
442,199
443,1512
444,883
445,599
446,517
447,1267
448,2941
449,692
450,1456
451,2102
452,2725
453,447
454,764
455,1528
456,508
457,6728
458,727
459,1988
460,622
461,3348
462,348
463,4460
464,885
465,505
466,477
467,1544
468,2084
469,654
470,1748
471,1187
472,3275
473,530
474,511
475,268
476,3183
477,262
478,771
479,1287
480,504
481,1348
482,537
483,915
484,209
485,507
486,300
487,787
488,816
489,602
490,525
491,356
492,285
493,2627
494,1057
495,401
496,803
497,6176
498,435
499,256
500,444
501,699
502,448
503,538
504,1202
505,326
506,460
507,492
508,296
509,321
510,194
511,1795
512,3234
513,399
514,2178
515,2896
516,668
517,453
518,422
519,298
520,521
521,521
522,569
523,2677
524,241
525,551
526,688
527,909
528,12369
529,1103
530,915
531,230
532,432
533,290
534,509
535,1077
536,1423
537,1831
538,597
539,753
540,384
541,456
542,406
543,17946
544,780
545,649
546,395
547,417
548,1848
549,991
550,2185
551,759
552,419
553,330
554,385
555,1068
556,678
557,3012
558,461
559,519
560,7227
561,1147
562,370
563,757
564,517
565,365
566,289
567,758
568,1117
569,1672
570,344
571,2516
572,1147
573,4502
574,1019
575,978
576,991
577,518
578,386
579,256
580,1501
581,447
582,1178
583,516
584,560
585,878
586,786
587,686
588,664
589,2588
590,1681
591,4940
592,602
593,5116
594,418
595,334
596,1503
597,240
598,391
599,495
600,5208
601,606
602,1215
603,1392
604,475
605,285
606,1020
607,3525
608,803
609,522
610,427
611,489
612,1047
613,1020
614,1135
615,798
616,475
617,481
618,269
619,1465
620,983
621,661
622,736
623,300
624,1195
625,518
626,1187
627,4585
628,1164
629,579
630,2643
631,1059
632,1198
633,257
634,498
635,2069
636,464
637,565
638,582
639,679
640,391
641,550
642,374
643,541
644,409
645,307
646,559
647,1216
648,769
649,16466
650,417
651,333
652,847
653,752
654,1206
655,417
656,900
657,6025
658,365
659,874
660,1033
661,704
662,1427
663,797
664,2489
665,607
666,495
667,1139
668,1381
669,1492
670,769
671,589
672,761
673,496
674,2080
675,1466
676,288
677,1044
678,19777
679,252
680,422
681,1423
682,288
683,393
684,245
685,665
686,977
687,607
688,210
689,220
690,1301
691,489
692,837
693,3121
694,542
695,8421
696,2578
697,289
698,603
699,440
700,1552
701,422
702,598
703,504
704,791
705,554
706,556
707,466
708,533
709,11693
710,627
711,480
712,2017
713,1137
714,790
715,360
716,650
717,1843
718,460
719,876
720,756
721,631
722,47230
723,473
724,2603
725,410
726,726
727,735
728,478
729,659
730,339
731,1367
732,513
733,633
734,3286
735,2197
736,417
737,672
738,2097
739,704
740,964
741,419
742,4249
743,496
744,604
745,499
746,756
747,408
748,391
749,781
750,573
751,359
752,961
753,1575
754,741
755,702
756,398
757,312
758,535
759,728
760,744
761,423
762,789
763,512
764,1234
765,1158
766,295
767,524
768,964
769,1216
770,450
771,809
772,332
773,401
774,298
775,1526
776,549
777,1101
778,288
779,778
780,2787
781,725
782,593
783,747
784,379
785,2036
786,437
787,327
788,1556
789,481
790,548
791,648
792,495
793,895
794,830
795,687
796,514
797,527
798,343
799,1809
800,313
801,307
802,428
803,786
804,727
805,478
806,369
807,781
808,1280
809,299
810,1045
811,297
812,995
813,1159
814,1220
815,421
816,724
817,678
818,524
819,783
820,753
821,1128
822,408
823,426
824,1066
825,1288
826,300
827,612
828,500
829,516
830,294
831,1519
832,494
833,658
834,751
835,582
836,1154
837,2135
838,533
839,554
840,747
841,694
842,403
843,587
844,338
845,469
846,544
847,452
848,1526
849,1966
850,617
851,1133
852,750
853,588
854,934
855,1435
856,4542
857,448
858,317
859,704
860,517
861,719
862,545
863,261
864,494
865,893
866,457
867,1425
868,233
869,565
870,2036
871,521
872,295
873,791
874,2159
875,535
876,921
877,11614
878,2051
879,333
880,374
881,395
882,243
883,439
884,417
885,510
886,509
887,321
888,591
889,792
890,437
891,2001
892,1198
893,278
894,4147
895,1225
896,797
897,659
898,971
899,4536
900,330
901,1174
902,768
903,4632
904,655
905,533
906,564
907,720
908,242
909,305
910,1191
911,2940
912,647
913,358
914,502
915,1886
916,1189
917,1254
918,987
919,501
920,698
921,604
922,504
923,327
924,462
925,726
926,978
927,330
928,356
929,1766
930,465
931,1179
932,2159
933,924
934,876
935,684
936,577
937,897
938,4345
939,432
940,621
941,1062
942,423
943,580
944,886
945,380
946,1021
947,2766
948,549
949,867
950,307
951,696
952,323
953,800
954,6061
955,315
956,876
957,516
958,1148
959,557
960,1802
961,997
962,363
963,962
964,209
965,532
966,1318
967,1039
968,1734
969,629
970,719
971,2418
972,478
973,382
974,572
975,322
976,1464
977,312
978,2478
979,487
980,838
981,717
982,527
983,2451
984,1327
985,452
986,2098
987,751
988,789
989,1895
990,420
991,282
992,713
993,450
994,326
995,651
996,303
997,428
998,855
999,766
1000,446
1001,479
1002,365
1003,1485
1004,662
1005,1086
1006,1615
1007,961
1008,405
1009,2393
1010,404
1011,445
1012,21384
1013,1113
1014,731
1015,274
1016,826
1017,321
1018,2396
1019,810
1020,199
1021,2910
1022,1006
1023,1240
1024,703
1025,639
1026,731
1027,679
1028,290
1029,743
1030,438
1031,950
1032,1348
1033,585
1034,1818
1035,651
1036,534
1037,736
1038,1863
1039,509
1040,1126
1041,1849
1042,2200
1043,835
1044,1234
1045,275
1046,366
1047,576
1048,975
1049,704
1050,204
1051,1971
1052,917
1053,2652
1054,279
1055,694
1056,454
1057,540
1058,595
1059,365
1060,1265
1061,607
1062,326
1063,349
1064,712
1065,543
1066,1006
1067,1062
1068,5521
1069,400
1070,842
1071,710
1072,476
1073,667
1074,640
1075,370
1076,717
1077,542
1078,1629
1079,384
1080,808
1081,231
1082,2911
1083,617
1084,463
1085,770
1086,870
1087,824
1088,679
1089,1184
1090,340
1091,1074
1092,1454
1093,955
1094,300
1095,995
1096,704
1097,383
1098,2386
1099,713
1100,914
1101,5445
1102,1063
1103,1379
1104,1271
1105,2360
1106,619
1107,236
1108,2082
1109,824
1110,751
1111,2829
1112,388
1113,1008
1114,664
1115,477
1116,366
1117,500
1118,632
1119,598
1120,444
1121,516
1122,741
1123,421
1124,655
1125,1166
1126,842
1127,799
1128,403
1129,660
1130,533
1131,1272
1132,496
1133,705
1134,636
1135,784
1136,966
1137,458
1138,791
1139,223
1140,740
1141,141
1142,700
1143,4605
1144,386
1145,385
1146,2465
1147,838
1148,864
1149,602
1150,13813
1151,358
1152,1274
1153,559
1154,1311
1155,684
1156,2672
1157,1251
1158,2116
1159,1028
1160,545
1161,576
1162,400
1163,617
1164,470
1165,375
1166,558
1167,824
1168,1020
1169,334
1170,469
1171,2256
1172,425
1173,873
1174,277
1175,297
1176,471
1177,311
1178,1479
1179,1374
1180,676
1181,266
1182,625
1183,614
1184,3035
1185,2895
1186,304
1187,789
1188,1914
1189,857
1190,904
1191,465
1192,2302
1193,218
1194,2022
1195,2296
1196,266
1197,868
1198,956
1199,2553
1200,716
1201,810
1202,369
1203,753
1204,668
1205,409
1206,937
1207,2136
1208,856
1209,377
1210,526
1211,397
1212,427
1213,765
1214,570
1215,3762
1216,1624
1217,800
1218,408
1219,2116
1220,834
1221,531
1222,647
1223,604
1224,569
1225,594
1226,754
1227,378
1228,1278
1229,638
1230,381
1231,579
1232,658
1233,1133
1234,326
1235,718
1236,637
1237,567
1238,1728
1239,1036
1240,645
1241,677
1242,517
1243,3646
1244,641
1245,321
1246,1543
1247,2047
1248,461
1249,567
1250,617
1251,848
1252,769
1253,572
1254,593
1255,595
1256,664
1257,4489
1258,421
1259,2623
1260,2379
1261,855
1262,479
1263,572
1264,1555
1265,287
1266,744
1267,1608
1268,2161
1269,355
1270,448
1271,942
1272,706
1273,623
1274,1099
1275,1857
1276,1326
1277,672
1278,835
1279,153
1280,836
1281,1018
1282,3208
1283,1854
1284,286
1285,806
1286,759
1287,297
1288,805
1289,456
1290,2971
1291,890
1292,1090
1293,604
1294,1039
1295,971
1296,706
1297,698
1298,745
1299,563
1300,276
1301,487
1302,472
1303,607
1304,567
1305,270
1306,486
1307,633
1308,490
1309,371
1310,464
1311,1090
1312,614
1313,478
1314,3529
1315,395
1316,524
1317,1284
1318,913
1319,438
1320,439
1321,692
1322,5502
1323,544
1324,354
1325,758
1326,1162
1327,621
1328,641
1329,431
1330,927
1331,304
1332,2908
1333,2176
1334,321
1335,2060
1336,503
1337,625
1338,578
1339,334
1340,1772
1341,777
1342,1244
1343,965
1344,338
1345,281
1346,919
1347,1728
1348,620
1349,474
1350,1005
1351,430
1352,388
1353,567
1354,216
1355,1759
1356,1909
1357,518
1358,512
1359,332
1360,631
1361,2064
1362,820
1363,532
1364,1030
1365,2977
1366,1953
1367,443
1368,210
1369,795
1370,783
1371,416
1372,278
1373,506
1374,1333
1375,342
1376,860
1377,420
1378,1193
1379,1622
1380,791
1381,712
1382,648
1383,447
1384,284
1385,866
1386,614
1387,1247
1388,1568
1389,458
1390,309
1391,526
1392,910
1393,307
1394,895
1395,694
1396,553
1397,3055
1398,2284
1399,525
1400,272
1401,196
1402,711
1403,472
1404,1028
1405,1628
1406,399
1407,267
1408,686
1409,515
1410,491
1411,1900
1412,753
1413,4132
1414,848
1415,871
1416,1855
1417,1090
1418,330
1419,1306
1420,899
1421,304
1422,619
1423,1285
1424,1233
1425,1091
1426,378
1427,558
1428,1184
1429,406
1430,228
1431,936
1432,1616
1433,802
1434,253
1435,483
1436,2346
1437,450
1438,205
1439,8221
1440,383
1441,392
1442,2107
1443,1335
1444,2258
1445,382
1446,809
1447,613
1448,5819
1449,508
1450,1274
1451,545
1452,866
1453,330
1454,1222
1455,745
1456,495
1457,1484
1458,639
1459,3603
1460,827
1461,855
1462,1332
1463,520
1464,514
1465,590
1466,346
1467,688
1468,313
1469,692
1470,520
1471,275
1472,1000
1473,525
1474,2822
1475,296
1476,569
1477,647
1478,954
1479,3306
1480,545
1481,266
1482,371
1483,956
1484,748
1485,1030
1486,845
1487,427
1488,614
1489,588
1490,1661
1491,2379
1492,3792
1493,370
1494,519
1495,280
1496,1007
1497,660
1498,382
1499,575
1500,812
1501,861
1502,1933
1503,570
1504,722
1505,1479
1506,944
1507,1123
1508,4614
1509,492
1510,454
1511,461
1512,809
1513,277
1514,643
1515,291
1516,207
1517,1138
1518,665
1519,1475
1520,1024
1521,398
1522,596
1523,1748
1524,517
1525,385
1526,560
1527,903
1528,562
1529,667
1530,417
1531,938
1532,885
1533,523
1534,1001
1535,333
1536,489
1537,621
1538,571
1539,266
1540,337
1541,794
1542,334
1543,694
1544,949
1545,672
1546,1018
1547,551
1548,1654
1549,740
1550,412
1551,387
1552,430
1553,1104
1554,610
1555,284
1556,349
1557,1023
1558,5135
1559,484
1560,358
1561,492
1562,355
1563,279
1564,398
1565,730
1566,557
1567,746
1568,1480
1569,886
1570,1156
1571,872
1572,1279
1573,784
1574,738
1575,1543
1576,3833
1577,6884
1578,5841
1579,517
1580,3427
1581,289
1582,1240
1583,649
1584,1345
1585,420
1586,325
1587,1543
1588,1542
1589,1014
1590,503
1591,301
1592,2779
1593,420
1594,367
1595,406
1596,563
1597,478
1598,869
1599,365
1600,1526
1601,402
1602,735
1603,464
1604,461
1605,267
1606,361
1607,464
1608,621
1609,911
1610,401
1611,1559
1612,328
1613,757
1614,638
1615,720
1616,540
1617,474
1618,1098
1619,2124
1620,428
1621,1003
1622,1086
1623,580
1624,1158
1625,198
1626,701
1627,342
1628,1284
1629,477
1630,578
1631,1020
1632,483
1633,809
1634,351
1635,759
1636,3252
1637,1090
1638,654
1639,4885
1640,789
1641,925
1642,713
1643,802
1644,867
1645,196
1646,2422
1647,553
1648,2379
1649,926
1650,1113
1651,657
1652,736
1653,1406
1654,2520
1655,614
1656,473
1657,493
1658,427
1659,212
1660,536
1661,651
1662,445
1663,265
1664,692
1665,8612
1666,382
1667,945
1668,944
1669,284
1670,454
1671,1233
1672,583
1673,1157
1674,413
1675,505
1676,1245
1677,555
1678,654
1679,3434
1680,648
1681,781
1682,483
1683,622
1684,501
1685,525
1686,553
1687,953
1688,1109
1689,9788
1690,466
1691,493
1692,510
1693,303
1694,396
1695,381
1696,565
1697,442
1698,749
1699,1819
1700,845
1701,1373
1702,629
1703,1020
1704,557
1705,455
1706,623
1707,701
1708,323
1709,601
1710,1985
1711,432
1712,5541
1713,747
1714,631
1715,719
1716,548
1717,3301
1718,878
1719,1954
1720,524
1721,737
1722,3842
1723,874
1724,431
1725,341
1726,434
1727,1011
1728,811
1729,10790
1730,1246
1731,697
1732,666
1733,1348
1734,917
1735,1011
1736,952
1737,336
1738,892
1739,260
1740,1680
1741,558
1742,387
1743,3865
1744,294
1745,1495
1746,1037
1747,349
1748,355
1749,3157
1750,2730
1751,1792
1752,417
1753,3795
1754,1593
1755,374
1756,455
1757,350
1758,932
1759,877
1760,1265
1761,996
1762,476
1763,673
1764,1987
1765,3164
1766,365
1767,596
1768,380
1769,362
1770,1349
1771,314
1772,307
1773,425
1774,731
1775,614
1776,717
1777,1551
1778,1291
1779,646
1780,571
1781,1022
1782,617
1783,1822
1784,308
1785,913
1786,417
1787,351
1788,1124
1789,963
1790,1423
1791,770
1792,1517
1793,504
1794,406
1795,521
1796,934
1797,685
1798,1662
1799,523
1800,606
1801,584
1802,258
1803,1275
1804,1456
1805,292
1806,1294
1807,520
1808,491
1809,486
1810,466
1811,1477
1812,329
1813,293
1814,536
1815,632
1816,1855
1817,516
1818,947
1819,836
1820,480
1821,672
1822,1047
1823,373
1824,774
1825,683
1826,292
1827,2624
1828,1462
1829,418
1830,493
1831,501
1832,513
1833,552
1834,619
1835,473
1836,561
1837,379
1838,1166
1839,985
1840,1012
1841,515
1842,7740
1843,393
1844,260
1845,1383
1846,664
1847,178
1848,296
1849,929
1850,3408
1851,880
1852,5768
1853,3783
1854,1142
1855,446
1856,620
1857,416
1858,528
1859,629
1860,1375
1861,2182
1862,681
1863,1228
1864,7716
1865,149
1866,561
1867,1086
1868,861
1869,224
1870,456
1871,656
1872,2351
1873,497
1874,608
1875,325
1876,853
1877,660
1878,588
1879,1168
1880,633
1881,1116
1882,2097
1883,1124
1884,195
1885,3343
1886,406
1887,834
1888,636
1889,5688
1890,651
1891,952
1892,520
1893,1089
1894,610
1895,511
1896,998
1897,501
1898,454
1899,509
1900,1449
1901,290
1902,541
1903,2385
1904,639
1905,225
1906,1054
1907,508
1908,458
1909,3728
1910,1045
1911,3855
1912,245
1913,1279
1914,764
1915,5816
1916,786
1917,888
1918,726
1919,1295
1920,489
1921,477
1922,679
1923,294
1924,1285
1925,723
1926,712
1927,604
1928,831
1929,592
1930,707
1931,400
1932,1658
1933,398
1934,569
1935,1855
1936,750
1937,1225
1938,1456
1939,1232
1940,1468
1941,604
1942,356
1943,390
1944,1051
1945,425
1946,2466
1947,2192
1948,1028
1949,610
1950,243
1951,2142
1952,283
1953,628
1954,528
1955,950
1956,947
1957,335
1958,1662
1959,669
1960,421
1961,631
1962,551
1963,829
1964,361
1965,1664
1966,888
1967,573
1968,541
1969,451
1970,407
1971,390
1972,1894
1973,470
1974,743
1975,1827
1976,1855
1977,713
1978,685
1979,354
1980,1027
1981,1082
1982,514
1983,353
1984,339
1985,552
1986,425
1987,350
1988,435
1989,500
1990,544
1991,229
1992,387
1993,444
1994,689
1995,602
1996,541
1997,3641
1998,631
1999,735
2000,480
2001,1576
2002,940
2003,321
2004,1314
2005,1313
2006,399
2007,655
2008,1402
2009,834
2010,1252
2011,738
2012,5358
2013,667
2014,516
2015,1038
2016,697
2017,613
2018,1370
2019,1014
2020,304
2021,1709
2022,617
2023,509
2024,851
2025,502
2026,353
2027,684
2028,346
2029,675
2030,468
2031,631
2032,1089
2033,398
2034,406
2035,1571
2036,1247
2037,516
2038,1029
2039,692
2040,615
2041,1923
2042,1291
2043,874
2044,1140
2045,6684
2046,443
2047,442
2048,360
2049,555
2050,447
2051,348
2052,854
2053,526
2054,362
2055,352
2056,5680
2057,479
2058,373
2059,902
2060,508
2061,1235
2062,323
2063,1162
2064,2956
2065,1448
2066,3703
2067,569
2068,1060
2069,505
2070,4085
2071,458
2072,430
2073,745
2074,352
2075,862
2076,2031
2077,479
2078,650
2079,3535
2080,645
2081,970
2082,457
2083,395
2084,623
2085,187
2086,854
2087,3311
2088,300
2089,901
2090,762
2091,1257
2092,476
2093,560
2094,2519
2095,626
2096,306
2097,822
2098,562
2099,576
2100,327
2101,1455
2102,420
2103,598
2104,1395
2105,1243
2106,1408
2107,456
2108,875
2109,901
2110,976
2111,313
2112,1782
2113,1103
2114,1730
2115,796
2116,678
2117,479
2118,1211
2119,293
2120,368
2121,698
2122,535
2123,621
2124,469
2125,331
2126,596
2127,3328
2128,504
2129,460
2130,554
2131,664
2132,842
2133,1512
2134,1350
2135,241
2136,614
2137,782
2138,460
2139,509
2140,1000
2141,744
2142,886
2143,501
2144,2093
2145,859
2146,2035
2147,1123
2148,964
2149,466
2150,731
2151,4387
2152,1283
2153,1011
2154,410
2155,400
2156,732
2157,602
2158,1209
2159,5933
2160,671
2161,1272
2162,979
2163,369
2164,470
2165,3472
2166,407
2167,427
2168,2032
2169,1380
2170,713
2171,768
2172,1138
2173,537
2174,2806
2175,287
2176,2984
2177,2860
2178,2000
2179,639
2180,463
2181,509
2182,608
2183,339
2184,498
2185,714
2186,445
2187,380
2188,1718
2189,1804
2190,994
2191,619
2192,486
2193,548
2194,1503
2195,786
2196,391
2197,480
2198,517
2199,667
2200,372
2201,1169
2202,525
2203,974
2204,1276
2205,317
2206,1212
2207,767
2208,703
2209,476
2210,416
2211,651
2212,4470
2213,1125
2214,1503
2215,384
2216,886
2217,613
2218,345
2219,1234
2220,2869
2221,670
2222,738
2223,529
2224,2249
2225,783
2226,558
2227,2130
2228,1177
2229,853
2230,1033
2231,409
2232,426
2233,649
2234,2671
2235,872
2236,609
2237,434
2238,835
2239,3087
2240,591
2241,573
2242,415
2243,247
2244,425
2245,1545
2246,973
2247,800
2248,291
2249,453
2250,931
2251,389
2252,1861
2253,913
2254,494
2255,324
2256,720
2257,771
2258,823
2259,658
2260,5009
2261,2011
2262,1034
2263,697
2264,1824
2265,8057
2266,697
2267,328
2268,2525
2269,731
2270,628
2271,731
2272,679
2273,501
2274,700
2275,508
2276,312
2277,1180
2278,579
2279,1078
2280,864
2281,675
2282,1167
2283,486
2284,3424
2285,952
2286,501
2287,592
2288,1043
2289,704
2290,663
2291,2085
2292,512
2293,1026
2294,517
2295,583
2296,1090
2297,1960
2298,938
2299,319
2300,422
2301,496
2302,6635
2303,414
2304,914
2305,334
2306,303
2307,391
2308,2533
2309,245
2310,846
2311,394
2312,1267
2313,1448
2314,813
2315,799
2316,390
2317,440
2318,1265
2319,427
2320,710
2321,573
2322,383
2323,340
2324,394
2325,416
2326,262
2327,593
2328,729
2329,826
2330,626
2331,367
2332,327
2333,955
2334,920
2335,701
2336,1317
2337,1122
2338,474
2339,629
2340,421
2341,1608
2342,643
2343,356
2344,646
2345,350
2346,917
2347,405
2348,1258
2349,583
2350,3931
2351,2367
2352,977
2353,453
2354,315
2355,653
2356,244
2357,1894
2358,930
2359,415
2360,355
2361,1428
2362,672
2363,315
2364,676
2365,554
2366,993
2367,344
2368,340
2369,1189
2370,790
2371,346
2372,681
2373,998
2374,664
2375,574
2376,347
2377,536
2378,1192
2379,524
2380,1311
2381,633
2382,868
2383,1290
2384,2593
2385,433
2386,672
2387,245
2388,5897
2389,1095
2390,1231
2391,380
2392,500
2393,1125
2394,535
2395,1460
2396,718
2397,1179
2398,385
2399,1144
2400,967
2401,874
2402,828
2403,4185
2404,444
2405,721
2406,681
2407,599
2408,288
2409,368
2410,1574
2411,1136
2412,1146
2413,596
2414,339
2415,1227
2416,1452
2417,517
2418,2780
2419,586
2420,446
2421,1006
2422,2441
2423,1188
2424,1729
2425,317
2426,522
2427,400
2428,283
2429,1715
2430,1077
2431,193
2432,708
2433,891
2434,600
2435,1751
2436,905
2437,1537
2438,497
2439,1177
2440,500
2441,509
2442,542
2443,449
2444,750
2445,877
2446,999
2447,328
2448,1485
2449,619
2450,396
2451,1029
2452,1004
2453,797
2454,460
2455,304
2456,709
2457,355
2458,3073
2459,1711
2460,1336
2461,2116
2462,766
2463,1272
2464,314
2465,622
2466,399
2467,293
2468,806
2469,833
2470,3634
2471,291
2472,221
2473,524
2474,297
2475,645
2476,802
2477,554
2478,1068
2479,2646
2480,1035
2481,198
2482,738
2483,429
2484,783
2485,2665
2486,669
2487,1503
2488,180
2489,394
2490,340
2491,1223
2492,552
2493,564
2494,646
2495,270
2496,725
2497,2666
2498,589
2499,1049
2500,897
2501,129
2502,320
2503,471
2504,627
2505,378
2506,550
2507,1537
2508,859
2509,296
2510,1045
2511,1621
2512,478
2513,1146
2514,1107
2515,947
2516,374
2517,415
2518,288
2519,1154
2520,591
2521,435
2522,1312
2523,424
2524,546
2525,914
2526,1083
2527,459
2528,965
2529,1265
2530,1199
2531,1463
2532,547
2533,588
2534,574
2535,908
2536,466
2537,517
2538,529
2539,567
2540,1176
2541,71812
2542,1149
2543,805
2544,1457
2545,905
2546,1426
2547,2107
2548,484
2549,991
2550,1514
2551,618
2552,833
2553,364
2554,1309
2555,1431
2556,315
2557,845
2558,515
2559,667
2560,874
2561,1386
2562,2104
2563,899
2564,367
2565,848
2566,499
2567,961
2568,551
2569,233
2570,665
2571,1060
2572,573
2573,688
2574,890
2575,489
2576,422
2577,678
2578,848
2579,679
2580,227
2581,247
2582,628
2583,1496
2584,1086
2585,694
2586,759
2587,392
2588,909
2589,644
2590,295
2591,588
2592,534
2593,404
2594,783
2595,356
2596,972
2597,387
2598,1497
2599,535
2600,869
2601,503
2602,990
2603,572
2604,1641
2605,5809
2606,437
2607,2923
2608,2158
2609,1127
2610,1027
2611,1588
2612,285
2613,285
2614,5335
2615,277
2616,457
2617,756
2618,443
2619,2532
2620,405
2621,546
2622,656
2623,787
2624,401
2625,276
2626,327
2627,390
2628,553
2629,952
2630,1847
2631,526
2632,380
2633,815
2634,1649
2635,565
2636,1640
2637,1503
2638,987
2639,941
2640,678
2641,775
2642,918
2643,1276
2644,785
2645,2702
2646,254
2647,1412
2648,502
2649,2810
2650,251
2651,570
2652,1460
2653,847
2654,561
2655,835
2656,1935
2657,1116
2658,980
2659,2793
2660,426
2661,839
2662,541
2663,482
2664,601
2665,3699
2666,598
2667,883
2668,598
2669,2611
2670,550
2671,1066
2672,648
2673,700
2674,723
2675,619
2676,419
2677,382
2678,4914
2679,506
2680,520
2681,685
2682,3137
2683,295
2684,367
2685,406
2686,640
2687,518
2688,882
2689,647
2690,686
2691,285
2692,548
2693,409
2694,4025
2695,284
2696,504
2697,444
2698,1365
2699,1902
2700,701
2701,393
2702,3031
2703,634
2704,3452
2705,763
2706,704
2707,757
2708,857
2709,517
2710,410
2711,691
2712,236
2713,1989
2714,579
2715,285
2716,1901
2717,1967
2718,1893
2719,985
2720,841
2721,482
2722,518
2723,407
2724,1370
2725,1171
2726,876
2727,451
2728,1730
2729,364
2730,569
2731,756
2732,604
2733,895
2734,266
2735,885
2736,474
2737,1740
2738,374
2739,412
2740,430
2741,836
2742,556
2743,626
2744,3661
2745,909
2746,2588
2747,587
2748,552
2749,336
2750,497
2751,847
2752,259
2753,356
2754,473
2755,441
2756,571
2757,398
2758,297
2759,295
2760,320
2761,1998
2762,374
2763,1042
2764,1983
2765,3010
2766,456
2767,410
2768,1348
2769,511
2770,817
2771,431
2772,1901
2773,850
2774,471
2775,1601
2776,1056
2777,4313
2778,1832
2779,1098
2780,294
2781,1004
2782,4458
2783,1412
2784,1502
2785,1199
2786,369
2787,502
2788,658
2789,1797
2790,1613
2791,1123
2792,593
2793,6739
2794,901
2795,799
2796,319
2797,1081
2798,464
2799,671
2800,7630
2801,1734
2802,655
2803,397
2804,372
2805,978
2806,603
2807,517
2808,866
2809,670
2810,1651
2811,266
2812,1998
2813,502
2814,346
2815,880
2816,1638
2817,378
2818,338
2819,352
2820,3867
2821,616
2822,383
2823,530
2824,670
2825,569
2826,282
2827,452
2828,869
2829,1186
2830,2087
2831,1233
2832,565
2833,325
2834,642
2835,944
2836,757
2837,960
2838,733
2839,739
2840,2357
2841,5170
2842,1103
2843,2693
2844,1068
2845,2437
2846,594
2847,449
2848,453
2849,570
2850,908
2851,821
2852,468
2853,414
2854,1904
2855,693
2856,1331
2857,782
2858,918
2859,279
2860,210
2861,817
2862,491
2863,515
2864,380
2865,1090
2866,783
2867,2051
2868,1680
2869,2455
2870,868
2871,809
2872,192
2873,645
2874,325
2875,745
2876,652
2877,518
2878,317
2879,564
2880,364
2881,379
2882,1226
2883,480
2884,1296
2885,654
2886,600
2887,1098
2888,1132
2889,2396
2890,697
2891,461
2892,1174
2893,452
2894,6665
2895,745
2896,423
2897,706
2898,461
2899,1023
2900,646
2901,1420
2902,468
2903,214
2904,363
2905,1163
2906,428
2907,479
2908,712
2909,799
2910,2836
2911,2305
2912,422
2913,328
2914,952
2915,691
2916,322
2917,376
2918,865
2919,340
2920,3648
2921,1051
2922,255
2923,511
2924,668
2925,370
2926,208
2927,756
2928,363
2929,1538
2930,498
2931,378
2932,558
2933,2045
2934,296
2935,1887
2936,994
2937,264
2938,760
2939,878
2940,453
2941,2328
2942,1026
2943,687
2944,470
2945,479
2946,2856
2947,399
2948,156
2949,703
2950,450
2951,993
2952,378
2953,531
2954,410
2955,4117
2956,739
2957,1010
2958,1516
2959,760
2960,660
2961,550
2962,545
2963,1375
2964,1190
2965,669
2966,2616
2967,404
2968,1268
2969,6233
2970,686
2971,2037
2972,1270
2973,1220
2974,6589
2975,1087
2976,920
2977,346
2978,445
2979,4659
2980,377
2981,1034
2982,1190
2983,304
2984,743
2985,906
2986,1356
2987,865
2988,435
2989,224
2990,2890
2991,715
2992,1213
2993,189
2994,364
2995,672
2996,13405
2997,2733
2998,2550
2999,278
3000,1193
3001,515
3002,771
3003,2690
3004,1214
3005,643
3006,11881
3007,670
3008,6457
3009,1203
3010,1133
3011,930
3012,665
3013,591
3014,1565
3015,637
3016,1105
3017,486
3018,634
3019,833
3020,1081
3021,509
3022,1366
3023,495
3024,954
3025,2703
3026,1371
3027,351
3028,418
3029,5842
3030,734
3031,1392
3032,561
3033,1554
3034,335
3035,226
3036,569
3037,585
3038,3228
3039,736
3040,918
3041,462
3042,741
3043,635
3044,281
3045,628
3046,856
3047,290
3048,1970
3049,376
3050,555
3051,727
3052,808
3053,712
3054,1531
3055,618
3056,344
3057,308
3058,1339
3059,581
3060,572
3061,749
3062,871
3063,591
3064,528
3065,293
3066,707
3067,848
3068,1098
3069,365
3070,882
3071,1880
3072,955
3073,1271
3074,855
3075,1012
3076,5396
3077,909
3078,263
3079,1296
3080,643
3081,899
3082,481
3083,936
3084,2233
3085,746
3086,334
3087,282
3088,716
3089,511
3090,283
3091,510
3092,1088
3093,1124
3094,440
3095,898
3096,874
3097,327
3098,591
3099,626
3100,409
3101,1077
3102,2883
3103,660
3104,341
3105,481
3106,1655
3107,793
3108,506
3109,389
3110,397
3111,1181
3112,2830
3113,339
3114,416
3115,545
3116,441
3117,619
3118,349
3119,2997
3120,454
3121,287
3122,1409
3123,924
3124,242
3125,1095
3126,460
3127,1136
3128,381
3129,546
3130,740
3131,1021
3132,575
3133,14363
3134,775
3135,369
3136,617
3137,3559
3138,684
3139,690
3140,314
3141,698
3142,1823
3143,510
3144,644
3145,756
3146,3282
3147,403
3148,371
3149,634
3150,859
3151,565
3152,269
3153,622
3154,512
3155,435
3156,555
3157,4771
3158,754
3159,661
3160,548
3161,414
3162,312
3163,487
3164,1992
3165,721
3166,522
3167,522
3168,470
3169,1371
3170,533
3171,382
3172,1009
3173,285
3174,475
3175,515
3176,603
3177,833
3178,882
3179,524
3180,1179
3181,806
3182,1269
3183,351
3184,707
3185,348
3186,937
3187,917
3188,497
3189,798
3190,989
3191,2154
3192,414
3193,1239
3194,473
3195,2577
3196,908
3197,544
3198,943
3199,1597
3200,663
3201,734
3202,910
3203,595
3204,491
3205,398
3206,565
3207,518
3208,1229
3209,558
3210,3603
3211,376
3212,994
3213,349
3214,740
3215,503
3216,244
3217,540
3218,351
3219,427
3220,780
3221,655
3222,569
3223,1977
3224,721
3225,557
3226,1398
3227,523
3228,1074
3229,1344
3230,567
3231,1223
3232,579
3233,539
3234,1160
3235,3179
3236,836
3237,333
3238,763
3239,20259
3240,334
3241,1338
3242,418
3243,1404
3244,461
3245,382
3246,674
3247,909
3248,333
3249,400
3250,1274
3251,476
3252,1144
3253,630
3254,624
3255,590
3256,347
3257,3020
3258,294
3259,368
3260,1044
3261,484
3262,547
3263,313
3264,1751
3265,285
3266,899
3267,1092
3268,3625
3269,1559
3270,6589
3271,1297
3272,334
3273,1035
3274,516
3275,4132
3276,217
3277,451
3278,521
3279,576
3280,387
3281,516
3282,1325
3283,436
3284,420
3285,452
3286,1031
3287,1720
3288,729
3289,1286
3290,12350
3291,881
3292,854
3293,1214
3294,1162
3295,1081
3296,342
3297,720
3298,1485
3299,322
3300,1190
3301,919
3302,987
3303,4614
3304,409
3305,669
3306,803
3307,266
3308,733
3309,256
3310,2452
3311,345
3312,1008
3313,447
3314,454
3315,1218
3316,3507
3317,1413
3318,1155
3319,209
3320,504
3321,793
3322,554
3323,2561
3324,424
3325,440
3326,2323
3327,701
3328,345
3329,345
3330,585
3331,585
3332,928
3333,427
3334,1195
3335,1801
3336,971
3337,1078
3338,744
3339,1016
3340,620
3341,614
3342,399
3343,531
3344,700
3345,1252
3346,546
3347,738
3348,887
3349,448
3350,504
3351,5332
3352,1031
3353,468
3354,13317
3355,635
3356,953
3357,951
3358,1883
3359,470
3360,1358
3361,302
3362,577
3363,777
3364,581
3365,414
3366,828
3367,1862
3368,910
3369,885
3370,653
3371,1161
3372,407
3373,421
3374,659
3375,1215
3376,512
3377,998
3378,639
3379,1911
3380,478
3381,76479
3382,985
3383,576
3384,634
3385,412
3386,571
3387,3824
3388,490
3389,1441
3390,803
3391,7026
3392,1538
3393,344
3394,836
3395,368
3396,363
3397,616
3398,419
3399,485
3400,637
3401,340
3402,2465
3403,1110
3404,656
3405,2722
3406,538
3407,443
3408,1396
3409,1808
3410,1240
3411,1410
3412,1021
3413,311
3414,892
3415,614
3416,464
3417,2559
3418,292
3419,686
3420,1211
3421,589
3422,698
3423,7086
3424,709
3425,712
3426,398
3427,494
3428,2405
3429,766
3430,471
3431,604
3432,275
3433,724
3434,698
3435,1553
3436,557
3437,573
3438,2032
3439,670
3440,3252
3441,1427
3442,319
3443,943
3444,496
3445,416
3446,538
3447,1205
3448,403
3449,1140
3450,1111
3451,240
3452,767
3453,472
3454,605
3455,551
3456,775
3457,588
3458,1035
3459,1533
3460,494
3461,636
3462,1378
3463,512
3464,451
3465,886
3466,479
3467,1911
3468,596
3469,704
3470,1253
3471,534
3472,397
3473,471
3474,1275
3475,1937
3476,1090
3477,1173
3478,941
3479,508
3480,309
3481,632
3482,4652
3483,1673
3484,461
3485,1197
3486,1255
3487,707
3488,1335
3489,330
3490,747
3491,849
3492,797
3493,191
3494,516
3495,618
3496,8504
3497,867
3498,628
3499,318
3500,971
3501,707
3502,1013
3503,812
3504,1106
3505,450
3506,1603
3507,2939
3508,793
3509,1323
3510,317
3511,2289
3512,9151
3513,1842
3514,745
3515,423
3516,402
3517,1298
3518,595
3519,1008
3520,439
3521,931
3522,1073
3523,701
3524,773
3525,340
3526,359
3527,572
3528,558
3529,1191
3530,1916
3531,711
3532,1806
3533,689
3534,1358
3535,269
3536,779
3537,738
3538,836
3539,318
3540,536
3541,953
3542,937
3543,465
3544,1899
3545,2042
3546,452
3547,490
3548,964
3549,416
3550,904
3551,215
3552,599
3553,1958
3554,529
3555,511
3556,1007
3557,1160
3558,997
3559,805
3560,394
3561,810
3562,660
3563,474
3564,4100
3565,687
3566,616
3567,1223
3568,1492
3569,522
3570,2024
3571,667
3572,1096
3573,1120
3574,410
3575,861
3576,3934
3577,677
3578,676
3579,536
3580,602
3581,1096
3582,368
3583,298
3584,1107
3585,1121
3586,834
3587,881
3588,548
3589,1141
3590,526
3591,690
3592,1103
3593,1153
3594,555
3595,1631
3596,584
3597,333
3598,667
3599,994
3600,468
3601,591
3602,502
3603,1221
3604,556
3605,5619
3606,626
3607,1445
3608,2449
3609,1260
3610,2102
3611,352
3612,657
3613,821
3614,626
3615,263
3616,1374
3617,2245
3618,532
3619,938
3620,479
3621,11047
3622,847
3623,724
3624,1227
3625,1136
3626,1004
3627,515
3628,436
3629,563
3630,1141
3631,370
3632,808
3633,503
3634,270
3635,629
3636,777
3637,473
3638,565
3639,1414
3640,1907
3641,561
3642,583
3643,787
3644,1007
3645,2917
3646,263
3647,1288
3648,2185
3649,1444
3650,2416
3651,833
3652,589
3653,616
3654,546
3655,486
3656,987
3657,1153
3658,480
3659,911
3660,476
3661,2642
3662,1140
3663,2023
3664,576
3665,307
3666,5915
3667,481
3668,541
3669,190
3670,605
3671,398
3672,826
3673,726
3674,861
3675,1493
3676,2536
3677,1360
3678,645
3679,496
3680,469
3681,463
3682,861
3683,1369
3684,608
3685,2925
3686,444
3687,307
3688,843
3689,835
3690,320
3691,9673
3692,208
3693,886
3694,962
3695,2247
3696,706
3697,1010
3698,646
3699,1472
3700,406
3701,613
3702,1762
3703,1909
3704,330
3705,359
3706,3312
3707,980
3708,405
3709,449
3710,537
3711,893
3712,2238
3713,844
3714,1241
3715,466
3716,366
3717,242
3718,957
3719,1260
3720,509
3721,3439
3722,802
3723,692
3724,677
3725,433
3726,2046
3727,405
3728,565
3729,343
3730,212
3731,638
3732,3531
3733,723
3734,496
3735,1046
3736,645
3737,650
3738,1259
3739,238
3740,857
3741,1152
3742,1051
3743,719
3744,1876
3745,527
3746,1088
3747,264
3748,285
3749,1122
3750,612
3751,10824
3752,1864
3753,698
3754,1366
3755,527
3756,793
3757,325
3758,597
3759,550
3760,435
3761,1847
3762,242
3763,471
3764,496
3765,1219
3766,318
3767,546
3768,628
3769,1063
3770,564
3771,1279
3772,2110
3773,257
3774,392
3775,505
3776,4449
3777,603
3778,5843
3779,2692
3780,911
3781,843
3782,1171
3783,561
3784,3282
3785,542
3786,1195
3787,794
3788,360
3789,580
3790,485
3791,743
3792,1384
3793,796
3794,961
3795,491
3796,321
3797,619
3798,445
3799,243
3800,275
3801,944
3802,2648
3803,610
3804,523
3805,766
3806,614
3807,647
3808,971
3809,1588
3810,1427
3811,730
3812,208
3813,937
3814,454
3815,3273
3816,1128
3817,1429
3818,369
3819,710
3820,584
3821,927
3822,854
3823,2106
3824,388
3825,686
3826,4908
3827,236
3828,10986
3829,330
3830,793
3831,313
3832,1389
3833,645
3834,498
3835,284
3836,700
3837,2028
3838,889
3839,933
3840,242
3841,474
3842,744
3843,927
3844,370
3845,1464
3846,399
3847,446
3848,635
3849,1913
3850,2674
3851,1275
3852,624
3853,228
3854,374
3855,2015
3856,432
3857,691
3858,3293
3859,535
3860,577
3861,959
3862,854
3863,8392
3864,502
3865,769
3866,399
3867,539
3868,643
3869,293
3870,789
3871,440
3872,8654
3873,572
3874,323
3875,679
3876,682
3877,359
3878,406
3879,553
3880,589
3881,651
3882,976
3883,507
3884,842
3885,1272
3886,366
3887,198
3888,257
3889,2903
3890,421
3891,2329
3892,827
3893,351
3894,950
3895,1737
3896,1010
3897,559
3898,1478
3899,6630
3900,534
3901,420
3902,782
3903,1179
3904,1013
3905,1578
3906,1403
3907,635
3908,455
3909,885
3910,1024
3911,949
3912,4911
3913,2153
3914,988
3915,469
3916,3105
3917,2148
3918,505
3919,732
3920,324
3921,394
3922,653
3923,428
3924,3815
3925,348
3926,966
3927,756
3928,524
3929,1257
3930,531
3931,603
3932,484
3933,1038
3934,521
3935,950
3936,489
3937,827
3938,359
3939,379
3940,419
3941,1045
3942,282
3943,365
3944,560
3945,5925
3946,430
3947,1466
3948,614
3949,995
3950,362
3951,716
3952,221
3953,442
3954,682
3955,777
3956,503
3957,832
3958,314
3959,5407
3960,501
3961,1431
3962,417
3963,462
3964,401
3965,512
3966,528
3967,1543
3968,827
3969,1196
3970,713
3971,286
3972,799
3973,2887
3974,1358
3975,721
3976,952
3977,4624
3978,1056
3979,661
3980,359
3981,463
3982,2049
3983,683
3984,6063
3985,1505
3986,1191
3987,1185
3988,1393
3989,351
3990,1269
3991,462
3992,573
3993,307
3994,660
3995,300
3996,517
3997,416
3998,815
3999,801
4000,1760
4001,323
4002,984
4003,3134
4004,1207
4005,847
4006,455
4007,758
4008,520
4009,857
4010,261
4011,2650
4012,470
4013,781
4014,3210
4015,650
4016,4646
4017,552
4018,273
4019,1232
4020,535
4021,2678
4022,665
4023,838
4024,598
4025,2054
4026,963
4027,1850
4028,472
4029,551
4030,333
4031,1912
4032,543
4033,846
4034,379
4035,348
4036,283
4037,2581
4038,2091
4039,505
4040,262
4041,493
4042,330
4043,1054
4044,537
4045,493
4046,906
4047,1239
4048,3238
4049,714
4050,399
4051,658
4052,928
4053,307
4054,1434
4055,896
4056,758
4057,337
4058,2182
4059,307
4060,785
4061,513
4062,542
4063,257
4064,518
4065,536
4066,563
4067,498
4068,5709
4069,1606
4070,455
4071,628
4072,363
4073,520
4074,693
4075,815
4076,680
4077,491
4078,707
4079,608
4080,1954
4081,377
4082,770
4083,456
4084,311
4085,1699
4086,1408
4087,452
4088,634
4089,1415
4090,497
4091,862
4092,1670
4093,899
4094,572
4095,547
