0,1247
1,1272
2,1223
3,1078
4,1021
5,1028
6,1137
7,1011
8,1078
9,1179
10,1239
11,1176
12,1074
13,1215
14,1197
15,1197
16,1135
17,1144
18,1061
19,1052
20,1066
21,1064
22,1249
23,1070
24,1045
25,1213
26,1239
27,1221
28,1153
29,1201
30,1249
31,1236
32,1148
33,1114
34,1187
35,1052
36,1288
37,1048
38,1185
39,1282
40,1196
41,1118
42,1176
43,1104
44,1078
45,1133
46,1294
47,1217
48,1214
49,1094
50,1096
51,1293
52,1086
53,1176
54,954
55,1175
56,1131
57,1128
58,1084
59,1166
60,1021
61,1121
62,1275
63,1164
64,1100
65,1189
66,1171
67,1220
68,1086
69,1156
70,1089
71,1135
72,1060
73,1189
74,1111
75,1183
76,1220
77,1046
78,1150
79,1140
80,1232
81,1122
82,1106
83,1158
84,1196
85,1131
86,1071
87,1197
88,1103
89,1163
90,1098
91,1032
92,1133
93,1339
94,1063
95,1250
96,1141
97,1145
98,1137
99,1065
100,1238
101,1137
102,1159
103,1144
104,1083
105,1235
106,1044
107,1070
108,1258
109,1199
110,1215
111,1233
112,1176
113,1161
114,1102
115,1255
116,1125
117,1139
118,1150
119,1130
120,1085
121,1204
122,1164
123,1081
124,1121
125,1111
126,1106
127,1137
128,1112
129,1137
130,1050
131,1083
132,1253
133,1206
134,1087
135,1104
136,1128
137,1234
138,1042
139,1138
140,1117
141,1155
142,1013
143,1093
144,1359
145,1190
146,1113
147,1087
148,1185
149,1124
150,1156
151,1257
152,1187
153,1070
154,1166
155,1040
156,1297
157,1076
158,1102
159,1060
160,1127
161,1096
162,1091
163,1242
164,1156
165,1189
166,1175
167,1304
168,1199
169,1132
170,1174
171,1085
172,1111
173,1168
174,1259
175,1027
176,1009
177,1134
178,1150
179,1092
180,1248
181,1114
182,1163
183,1322
184,1126
185,1127
186,1174
187,1149
188,1149
189,1039
190,1207
191,1237
192,1160
193,1261
194,1233
195,1082
196,1065
197,1163
198,1244
199,1104
200,1137
201,1190
202,1118
203,1166
204,1200
205,1107
206,1128
207,1222
208,1163
209,1154
210,1175
211,1074
212,1183
213,1141
214,1058
215,1135
216,1144
217,1229
218,1093
219,1276
220,1068
221,1055
222,994
223,1141
224,1105
225,1120
226,1118
227,994
228,1140
229,1068
230,1169
231,1088
232,1202
233,1113
234,1177
235,1208
236,1143
237,1275
238,1065
239,1098
240,1057
241,1172
242,1144
243,1152
244,1131
245,1178
246,1105
247,1330
248,1062
249,1110
250,1118
251,1130
252,1187
253,1093
254,1092
255,1085
256,1190
257,1171
258,1132
259,1099
260,1059
261,1081
262,1072
263,1098
264,1151
265,1103
266,1153
267,1240
268,1080
269,1081
270,1050
271,1103
272,1088
273,1068
274,1239
275,1186
276,1334
277,1167
278,1259
279,1158
280,1109
281,1205
282,1293
283,1129
284,1151
285,1067
286,1132
287,1040
288,1075
289,1142
290,1080
291,1169
292,1068
293,1094
294,1159
295,1257
296,1126
297,1062
298,1047
299,1156
300,1085
301,1147
302,1106
303,1020
304,1052
305,1115
306,1030
307,1155
308,1065
309,1082
310,1259
311,1038
312,1212
313,1015
314,1286
315,1225
316,1176
317,1146
318,1055
319,1099
320,1177
321,1169
322,1067
323,1131
324,1221
325,1124
326,1188
327,1218
328,1042
329,1142
330,1058
331,1257
332,1131
333,1184
334,1298
335,1171
336,1263
337,1141
338,1153
339,1160
340,1093
341,1173
342,1148
343,1140
344,1165
345,1038
346,1178
347,1073
348,1101
349,1174
350,1070
351,1099
352,1116
353,1074
354,1187
355,1259
356,1080
357,1252
358,1095
359,1001
360,1153
361,1100
362,1111
363,1224
364,1125
365,1095
366,1091
367,1213
368,1327
369,1193
370,1116
371,1283
372,1171
373,1295
374,1200
375,1133
376,1141
377,1225
378,1119
379,1344
380,1135
381,1112
382,1122
383,1127
384,1236
385,1171
386,1033
387,1100
388,1109
389,1216
390,1191
391,1350
392,1078
393,1139
394,1108
395,1214
396,1024
397,1086
398,1078
399,1207
400,1260
401,1189
402,1045
403,1052
404,1237
405,1194
406,1153
407,1102
408,1150
409,1035
410,1120
411,956
412,1073
413,1093
414,1115
415,1046
416,1113
417,1285
418,1122
419,1110
420,1060
421,1145
422,1193
423,1240
424,1203
425,1237
426,1232
427,1031
428,1120
429,1166
430,1105
431,1128
432,1154
433,1068
434,1134
435,1117
436,1026
437,1098
438,1217
439,1183
440,1169
441,1073
442,1095
443,1192
444,1137
445,1140
446,1236
447,1193
448,1101
449,1197
450,1182
451,1116
452,1269
453,1191
454,1117
455,1236
456,1128
457,1046
458,1221
459,1176
460,1030
461,1237
462,1161
463,1066
464,1057
465,1137
466,1083
467,1213
468,1190
469,1101
470,1068
471,1292
472,1244
473,1222
474,1227
475,1229
476,1246
477,1067
478,1132
479,1012
480,1027
481,1318
482,1313
483,1317
484,1239
485,1103
486,1178
487,1214
488,1260
489,1105
490,1242
491,1112
492,1171
493,1203
494,1059
495,1115
496,1153
497,1215
498,1124
499,1162
500,1278
501,1157
502,1145
503,1168
504,1384
505,1088
506,1048
507,1148
508,1175
509,1269
510,1137
511,1109
512,1090
513,984
514,1159
515,1127
516,1070
517,1242
518,1198
519,1107
520,1113
521,1167
522,1023
523,1187
524,1087
525,1166
526,1091
527,1090
528,1188
529,1367
530,1028
531,1128
532,1222
533,1075
534,1241
535,1175
536,1148
537,1120
538,1166
539,1033
540,1173
541,1133
542,1156
543,1058
544,1099
545,1077
546,1032
547,1201
548,1191
549,1179
550,1078
551,1101
552,1097
553,1102
554,1154
555,1166
556,1170
557,989
558,1071
559,1134
560,1206
561,1187
562,1212
563,1193
564,1203
565,1128
566,1224
567,1195
568,1117
569,1168
570,1174
571,1217
572,1356
573,1063
574,1227
575,1198
576,1238
577,1144
578,1168
579,1157
580,1157
581,1258
582,1225
583,1233
584,1178
585,1327
586,1042
587,1248
588,1166
589,1170
590,948
591,1302
592,1312
593,1121
594,1170
595,1080
596,1088
597,1106
598,1031
599,1130
600,1105
601,1083
602,1033
603,1121
604,1266
605,1208
606,1139
607,1111
608,1116
609,1154
610,1208
611,1232
612,1144
613,1102
614,1022
615,991
616,1062
617,1121
618,1176
619,1119
620,1169
621,1046
622,1174
623,1085
624,1104
625,1046
626,1173
627,1110
628,1072
629,1097
630,1084
631,1168
632,1109
633,1126
634,1202
635,1030
636,1003
637,1336
638,1135
639,1126
640,1031
641,1133
642,1075
643,1129
644,1222
645,1233
646,1205
647,959
648,1244
649,1258
650,1237
651,1000
652,1110
653,1303
654,1050
655,1083
656,1087
657,1202
658,1125
659,1074
660,1108
661,1121
662,1146
663,1185
664,1147
665,1055
666,1050
667,1253
668,1135
669,1228
670,1265
671,1096
672,1125
673,1273
674,1256
675,1166
676,1145
677,1153
678,1199
679,1190
680,966
681,1142
682,1145
683,1147
684,1051
685,1140
686,1099
687,1114
688,1174
689,1071
690,1077
691,1252
692,1116
693,1127
694,1112
695,1094
696,1200
697,1088
698,1147
699,1133
700,1088
701,1108
702,1091
703,1055
704,1214
705,1226
706,1033
707,1068
708,1139
709,1093
710,1075
711,1369
712,1112
713,1115
714,1116
715,1143
716,1175
717,1188
718,1281
719,1068
720,1251
721,1178
722,1109
723,1250
724,1015
725,1248
726,1098
727,1157
728,1160
729,1102
730,993
731,1186
732,1149
733,1267
734,1099
735,1151
736,1184
737,1138
738,1195
739,1156
740,1009
741,1057
742,1181
743,1205
744,967
745,1233
746,1009
747,1153
748,1195
749,1174
750,1180
751,1034
752,1082
753,994
754,1112
755,1225
756,1249
757,1083
758,1032
759,1245
760,1150
761,1200
762,1167
763,1072
764,1128
765,1193
766,1199
767,1212
768,1210
769,1131
770,1070
771,1194
772,1060
773,1230
774,1052
775,1091
776,1184
777,1258
778,1171
779,1081
780,1219
781,1145
782,1249
783,1248
784,1246
785,1272
786,1132
787,1126
788,1197
789,1074
790,1130
791,1101
792,1107
793,1167
794,1147
795,1087
796,1186
797,1117
798,1094
799,1284
800,1074
801,1122
802,1143
803,1024
804,1193
805,1236
806,1133
807,1104
808,1135
809,1236
810,1070
811,1059
812,1157
813,1215
814,1278
815,1192
816,1151
817,1142
818,1215
819,1192
820,1078
821,1024
822,994
823,1133
824,1404
825,996
826,1075
827,1089
828,1193
829,1108
830,1089
831,1381
832,967
833,1095
834,1089
835,1041
836,1197
837,1195
838,1181
839,1296
840,1158
841,1058
842,1212
843,1087
844,1224
845,1101
846,1139
847,1063
848,1040
849,1133
850,1158
851,1183
852,1141
853,1015
854,1176
855,1218
856,1084
857,1092
858,1180
859,1074
860,1123
861,1138
862,1147
863,1152
864,1160
865,1077
866,1282
867,1150
868,1236
869,1130
870,1058
871,1174
872,1035
873,1092
874,1226
875,1053
876,1173
877,1033
878,995
879,1098
880,987
881,1145
882,1172
883,1177
884,1121
885,1096
886,1188
887,1071
888,1291
889,1069
890,1183
891,1127
892,1240
893,1146
894,1047
895,1119
896,1296
897,1160
898,1149
899,1143
900,1167
901,1192
902,1166
903,1083
904,1091
905,1029
906,1162
907,1004
908,1097
909,1206
910,1244
911,1091
912,1272
913,1101
914,1187
915,1117
916,1288
917,1098
918,1178
919,1082
920,1069
921,1107
922,1185
923,1141
924,1064
925,1281
926,1012
927,1218
928,1062
929,1118
930,1022
931,1160
932,1186
933,1126
934,1174
935,1151
936,1118
937,1132
938,1170
939,1230
940,1208
941,1201
942,1108
943,1340
944,1204
945,1134
946,1160
947,1190
948,1237
949,1201
950,1142
951,1171
952,1046
953,1165
954,1062
955,1222
956,996
957,1081
958,1109
959,1136
960,1096
961,1149
962,1106
963,952
964,1069
965,1047
966,1249
967,1169
968,1143
969,1115
970,1170
971,1014
972,1118
973,1136
974,1091
975,1179
976,1326
977,1109
978,1063
979,1102
980,1123
981,1123
982,1244
983,1301
984,1112
985,1146
986,1080
987,1026
988,1192
989,1119
990,1229
991,1073
992,1110
993,1124
994,1145
995,1202
996,1277
997,1101
998,1133
999,1174
1000,987
1001,1064
1002,1199
1003,1131
1004,1312
1005,1042
1006,1272
1007,1028
1008,1189
1009,1116
1010,1532
1011,1117
1012,1190
1013,1147
1014,1044
1015,1234
1016,1098
1017,1063
1018,1190
1019,1090
1020,1101
1021,1146
1022,1093
1023,1132
1024,1160
1025,1094
1026,1226
1027,1244
1028,1009
1029,1230
1030,1160
1031,1101
1032,1284
1033,1263
1034,1327
1035,1135
1036,1212
1037,1343
1038,1300
1039,1184
1040,1112
1041,1156
1042,1139
1043,1119
1044,1141
1045,1185
1046,1062
1047,1071
1048,1026
1049,1181
1050,1148
1051,1097
1052,1181
1053,1103
1054,1077
1055,1199
1056,1187
1057,1106
1058,1090
1059,1276
1060,1162
1061,1142
1062,1162
1063,1240
1064,1166
1065,1075
1066,996
1067,1277
1068,1088
1069,1075
1070,984
1071,1065
1072,1171
1073,1193
1074,1073
1075,1104
1076,1226
1077,1117
1078,1193
1079,1295
1080,1219
1081,1205
1082,1135
1083,1108
1084,1145
1085,1202
1086,1220
1087,1089
1088,1222
1089,1287
1090,1130
1091,1092
1092,1123
1093,1178
1094,1116
1095,1134
1096,1302
1097,1168
1098,1291
1099,1176
1100,1217
1101,1257
1102,1227
1103,1063
1104,1103
1105,1074
1106,1141
1107,1109
1108,1172
1109,1055
1110,1165
1111,1011
1112,1198
1113,1120
1114,1155
1115,1096
1116,1025
1117,1175
1118,1099
1119,1021
1120,1167
1121,1092
1122,1122
1123,1122
1124,1170
1125,1155
1126,1122
1127,1057
1128,1013
1129,1215
1130,1179
1131,1027
1132,1086
1133,1176
1134,1101
1135,1152
1136,1043
1137,1110
1138,1049
1139,1136
1140,1115
1141,1149
1142,1100
1143,1220
1144,1166
1145,1027
1146,1018
1147,1264
1148,1217
1149,1173
1150,1222
1151,1226
1152,1172
1153,980
1154,1098
1155,1205
1156,1153
1157,1105
1158,1079
1159,1085
1160,1103
1161,1260
1162,1046
1163,1309
1164,1213
1165,1246
1166,1101
1167,1145
1168,1051
1169,1084
1170,1206
1171,1245
1172,1149
1173,1166
1174,1102
1175,1249
1176,1187
1177,1181
1178,1063
1179,1160
1180,1132
1181,1143
1182,1033
1183,1170
1184,1101
1185,1181
1186,1220
1187,1169
1188,1171
1189,1142
1190,1199
1191,1126
1192,1184
1193,1079
1194,1261
1195,1064
1196,1071
1197,1152
1198,1180
1199,1165
1200,1220
1201,1208
1202,1265
1203,1053
1204,1115
1205,1178
1206,1147
1207,1195
1208,1017
1209,1280
1210,1290
1211,1284
1212,1034
1213,1141
1214,1160
1215,1235
1216,1313
1217,1223
1218,1157
1219,1219
1220,1074
1221,1215
1222,1187
1223,1105
1224,1130
1225,1255
1226,1153
1227,1138
1228,1257
1229,1093
1230,1067
1231,1175
1232,1067
1233,1256
1234,1181
1235,1160
1236,1097
1237,1246
1238,1164
1239,1130
1240,1058
1241,1132
1242,1077
1243,1075
1244,1104
1245,1204
1246,1188
1247,1247
1248,1182
1249,1124
1250,1169
1251,1126
1252,1075
1253,1098
1254,1182
1255,1148
1256,1030
1257,1087
1258,1155
1259,1170
1260,1131
1261,1103
1262,1033
1263,1163
1264,1194
1265,1162
1266,1048
1267,1222
1268,1051
1269,1121
1270,1203
1271,1143
1272,1186
1273,1224
1274,1105
1275,1203
1276,1102
1277,1226
1278,1183
1279,947
1280,1083
1281,1074
1282,1060
1283,1100
1284,1037
1285,1161
1286,1129
1287,1202
1288,1079
1289,1227
1290,1177
1291,1205
1292,1298
1293,1046
1294,1020
1295,1101
1296,1120
1297,1079
1298,1111
1299,1136
1300,1315
1301,1075
1302,1221
1303,1219
1304,1220
1305,1194
1306,1066
1307,1171
1308,1261
1309,1199
1310,1087
1311,1204
1312,1087
1313,1333
1314,1043
1315,1111
1316,1157
1317,1175
1318,1142
1319,1198
1320,1167
1321,1071
1322,1091
1323,1155
1324,1197
1325,1059
1326,1158
1327,1081
1328,1135
1329,1266
1330,1096
1331,1116
1332,1074
1333,989
1334,1210
1335,1108
1336,1044
1337,1145
1338,1188
1339,1224
1340,1069
1341,1129
1342,1018
1343,995
1344,1235
1345,1088
1346,1287
1347,1145
1348,1203
1349,1195
1350,1268
1351,1226
1352,1075
1353,1134
1354,1334
1355,1120
1356,1155
1357,1263
1358,1192
1359,1065
1360,1172
1361,1148
1362,1139
1363,1085
1364,1183
1365,1161
1366,1025
1367,1210
1368,1076
1369,1202
1370,1076
1371,1118
1372,1046
1373,1084
1374,1150
1375,1170
1376,1173
1377,1103
1378,1036
1379,1053
1380,1172
1381,1054
1382,1135
1383,1407
1384,1149
1385,1215
1386,1089
1387,1195
1388,1135
1389,1082
1390,1108
1391,1184
1392,1157
1393,1080
1394,1152
1395,1203
1396,1193
1397,1046
1398,1097
1399,1248
1400,1199
1401,1159
1402,1303
1403,1136
1404,1286
1405,1122
1406,1055
1407,1108
1408,1266
1409,1226
1410,1065
1411,1194
1412,1243
1413,1125
1414,1207
1415,1014
1416,1116
1417,1061
1418,1002
1419,1061
1420,1365
1421,1097
1422,1105
1423,1228
1424,1205
1425,1254
1426,1065
1427,1117
1428,1117
1429,1182
1430,1238
1431,985
1432,1130
1433,1039
1434,1047
1435,1144
1436,1088
1437,1089
1438,1060
1439,1165
1440,1054
1441,1172
1442,1279
1443,1081
1444,1191
1445,1092
1446,969
1447,1100
1448,1075
1449,1280
1450,1073
1451,1158
1452,1126
1453,1217
1454,1056
1455,1156
1456,1231
1457,1152
1458,1151
1459,1133
1460,1198
1461,1207
1462,1139
1463,1063
1464,1144
1465,1071
1466,1150
1467,1089
1468,1070
1469,1204
1470,1160
1471,1009
1472,1107
1473,1128
1474,1042
1475,1511
1476,1115
1477,1231
1478,1014
1479,1214
1480,1116
1481,1189
1482,1160
1483,1204
1484,1135
1485,1161
1486,1318
1487,1158
1488,1200
1489,1177
1490,1173
1491,1125
1492,1135
1493,1072
1494,1049
1495,1079
1496,1207
1497,970
1498,1368
1499,1085
1500,927
1501,1131
1502,1168
1503,1215
1504,1084
1505,1308
1506,994
1507,1233
1508,1175
1509,1175
1510,1191
1511,1265
1512,1154
1513,1151
1514,1203
1515,1138
1516,1156
1517,1203
1518,1039
1519,1237
1520,1132
1521,1046
1522,1162
1523,1137
1524,1050
1525,1233
1526,998
1527,1224
1528,1165
1529,1177
1530,1139
1531,1066
1532,1094
1533,1213
1534,1122
1535,1040
1536,998
1537,1163
1538,1163
1539,1079
1540,1210
1541,1176
1542,1121
1543,1177
1544,1029
1545,1119
1546,1275
1547,1049
1548,1183
1549,1208
1550,1124
1551,1168
1552,1073
1553,1209
1554,1227
1555,1103
1556,1190
1557,1003
1558,1100
1559,1094
1560,1294
1561,1109
1562,1209
1563,1089
1564,1234
1565,1085
1566,1219
1567,1134
1568,1175
1569,1169
1570,1146
1571,1098
1572,1208
1573,982
1574,1251
1575,1123
1576,1019
1577,1076
1578,1127
1579,1136
1580,1237
1581,1100
1582,1270
1583,1066
1584,1261
1585,1178
1586,989
1587,1086
1588,1190
1589,1240
1590,1126
1591,1145
1592,1088
1593,1176
1594,1122
1595,1086
1596,1212
1597,991
1598,1093
1599,1127
1600,1136
1601,1061
1602,1257
1603,1238
1604,1136
1605,1084
1606,1085
1607,1251
1608,1310
1609,1201
1610,1030
1611,1236
1612,1219
1613,1122
1614,1145
1615,1230
1616,1199
1617,1205
1618,1045
1619,1177
1620,1154
1621,1200
1622,1136
1623,1189
1624,1133
1625,1181
1626,1189
1627,1212
1628,1089
1629,1078
1630,1086
1631,1167
1632,1045
1633,1105
1634,1122
1635,1202
1636,1154
1637,1151
1638,1072
1639,1129
1640,1240
1641,1088
1642,1009
1643,1271
1644,1096
1645,1236
1646,1117
1647,1133
1648,1010
1649,1089
1650,1209
1651,1300
1652,1099
1653,1189
1654,1209
1655,1110
1656,1086
1657,1316
1658,1074
1659,1175
1660,1218
1661,1050
1662,1325
1663,1128
1664,1165
1665,1121
1666,1144
1667,1158
1668,1088
1669,1067
1670,1032
1671,1284
1672,1127
1673,1285
1674,1229
1675,1161
1676,1114
1677,1106
1678,1254
1679,1108
1680,1204
1681,1172
1682,1155
1683,1155
1684,1180
1685,1148
1686,1158
1687,1157
1688,1088
1689,1205
1690,1268
1691,1248
1692,1135
1693,1088
1694,1190
1695,1195
1696,1090
1697,1170
1698,1033
1699,1089
1700,1178
1701,1040
1702,1150
1703,1192
1704,1178
1705,1144
1706,1091
1707,1264
1708,1142
1709,1329
1710,1021
1711,1141
1712,1085
1713,1093
1714,1231
1715,1284
1716,1149
1717,1251
1718,1207
1719,1093
1720,1194
1721,1163
1722,1066
1723,1226
1724,1089
1725,1195
1726,1451
1727,1204
1728,1095
1729,1217
1730,1244
1731,1207
1732,1052
1733,1101
1734,1218
1735,1210
1736,1142
1737,1074
1738,1183
1739,982
1740,1055
1741,1126
1742,1186
1743,1129
1744,1201
1745,1066
1746,1140
1747,1199
1748,1090
1749,1119
1750,1262
1751,1047
1752,1186
1753,1258
1754,1045
1755,1114
1756,999
1757,1066
1758,1171
1759,1195
1760,1124
1761,1282
1762,1132
1763,1254
1764,1109
1765,1056
1766,1163
1767,1099
1768,1216
1769,988
1770,1179
1771,1153
1772,1115
1773,1113
1774,1197
1775,1012
1776,990
1777,1171
1778,1071
1779,1198
1780,1127
1781,1040
1782,1166
1783,1206
1784,1062
1785,1070
1786,1251
1787,1110
1788,1247
1789,1198
1790,1061
1791,1313
1792,1107
1793,926
1794,1074
1795,1135
1796,1188
1797,1129
1798,1116
1799,1151
1800,1164
1801,1056
1802,1134
1803,1229
1804,1126
1805,1151
1806,1083
1807,1321
1808,1200
1809,1257
1810,1237
1811,1253
1812,1179
1813,1007
1814,1174
1815,1199
1816,1105
1817,1106
1818,1117
1819,1056
1820,1064
1821,1089
1822,1130
1823,1097
1824,1047
1825,1114
1826,1179
1827,1168
1828,1311
1829,1064
1830,1076
1831,1153
1832,1153
1833,1039
1834,1062
1835,1138
1836,1120
1837,1148
1838,1219
1839,1097
1840,1140
1841,1129
1842,1100
1843,1112
1844,1166
1845,1244
1846,1206
1847,1256
1848,1166
1849,1241
1850,1157
1851,1135
1852,1074
1853,1273
1854,1164
1855,1072
1856,1133
1857,1169
1858,1209
1859,1238
1860,1254
1861,1015
1862,1165
1863,1143
1864,1263
1865,1228
1866,1129
1867,1204
1868,1165
1869,1042
1870,1177
1871,1111
1872,1212
1873,1117
1874,1069
1875,1137
1876,1150
1877,1037
1878,1080
1879,1142
1880,1161
1881,1148
1882,1046
1883,1186
1884,1067
1885,1218
1886,1092
1887,1100
1888,1120
1889,1176
1890,1150
1891,1138
1892,1068
1893,1092
1894,1132
1895,1182
1896,1110
1897,1108
1898,1193
1899,1182
1900,1092
1901,1100
1902,1141
1903,1126
1904,1129
1905,1265
1906,1176
1907,1132
1908,1149
1909,1244
1910,1070
1911,1295
1912,1076
1913,1113
1914,1039
1915,1313
1916,1190
1917,1174
1918,997
1919,1038
1920,1289
1921,1164
1922,1100
1923,1093
1924,1298
1925,1118
1926,1067
1927,1116
1928,1127
1929,1321
1930,1076
1931,1319
1932,1173
1933,1256
1934,1111
1935,1101
1936,1332
1937,1105
1938,1299
1939,1005
1940,1089
1941,1020
1942,1214
1943,1204
1944,1133
1945,1090
1946,1115
1947,1057
1948,1156
1949,1144
1950,1111
1951,1042
1952,1103
1953,1109
1954,1124
1955,1167
1956,1128
1957,1178
1958,1046
1959,1234
1960,1050
1961,1075
1962,1083
1963,1161
1964,1200
1965,1192
1966,1096
1967,1253
1968,1098
1969,1279
1970,1162
1971,1117
1972,1033
1973,1022
1974,1179
1975,1153
1976,1129
1977,1235
1978,1171
1979,1176
1980,1083
1981,1076
1982,1175
1983,1096
1984,1075
1985,1280
1986,1092
1987,1100
1988,1070
1989,1177
1990,1155
1991,1118
1992,1223
1993,1257
1994,1213
1995,1106
1996,1106
1997,1140
1998,1149
1999,1122
2000,1106
2001,1119
2002,1111
2003,1200
2004,1164
2005,966
2006,1240
2007,1242
2008,1144
2009,1011
2010,1082
2011,1048
2012,1091
2013,984
2014,1174
2015,1089
2016,1167
2017,1120
2018,1137
2019,1309
2020,1136
2021,1047
2022,1267
2023,1156
2024,1194
2025,1071
2026,1215
2027,1074
2028,1003
2029,1301
2030,1168
2031,1125
2032,1146
2033,1099
2034,1113
2035,1232
2036,1261
2037,1136
2038,1186
2039,1178
2040,1232
2041,1066
2042,1143
2043,1160
2044,1120
2045,1159
2046,1285
2047,1187
2048,1184
2049,1027
2050,1209
2051,1214
2052,1161
2053,1075
2054,1111
2055,1194
2056,1210
2057,939
2058,1264
2059,1055
2060,1182
2061,1171
2062,1219
2063,1076
2064,1165
2065,1101
2066,1122
2067,1365
2068,1053
2069,1104
2070,1070
2071,1047
2072,1092
2073,1176
2074,1190
2075,990
2076,1143
2077,1146
2078,1223
2079,1086
2080,1285
2081,1130
2082,1173
2083,1123
2084,1169
2085,1229
2086,1028
2087,1068
2088,1102
2089,1122
2090,1062
2091,1123
2092,1155
2093,1212
2094,1049
2095,1130
2096,1174
2097,1076
2098,1149
2099,972
2100,1175
2101,1035
2102,1181
2103,1235
2104,1031
2105,1108
2106,1103
2107,1024
2108,1234
2109,1180
2110,1149
2111,1032
2112,1225
2113,1221
2114,1210
2115,1251
2116,1021
2117,1241
2118,1198
2119,1174
2120,1091
2121,1092
2122,1288
2123,1100
2124,1034
2125,1190
2126,1113
2127,1091
2128,1240
2129,1058
2130,1203
2131,1073
2132,1260
2133,1088
2134,1231
2135,1220
2136,1164
2137,1266
2138,1189
2139,1312
2140,1139
2141,1133
2142,1131
2143,1002
2144,1069
2145,1178
2146,1109
2147,1232
2148,1300
2149,1227
2150,1176
2151,1060
2152,1096
2153,1074
2154,1054
2155,1204
2156,1026
2157,1138
2158,1140
2159,1192
2160,1123
2161,1145
2162,1080
2163,1064
2164,1149
2165,1101
2166,1200
2167,967
2168,1052
2169,1098
2170,1264
2171,1119
2172,1291
2173,1076
2174,1315
2175,1080
2176,1086
2177,1176
2178,1142
2179,1072
2180,1056
2181,1126
2182,1126
2183,1256
2184,1075
2185,1194
2186,1087
2187,1166
2188,1217
2189,1067
2190,1136
2191,1190
2192,1025
2193,1182
2194,1151
2195,1215
2196,1137
2197,1270
2198,1191
2199,1172
2200,1095
2201,1255
2202,1179
2203,1033
2204,1103
2205,1340
2206,1143
2207,1169
2208,1173
2209,1130
2210,1133
2211,1083
2212,1143
2213,1190
2214,1259
2215,1089
2216,1080
2217,1142
2218,1037
2219,1036
2220,1025
2221,1212
2222,1274
2223,1173
2224,1198
2225,1086
2226,1130
2227,1090
2228,1214
2229,1211
2230,1099
2231,1296
2232,1235
2233,1154
2234,1131
2235,1065
2236,1136
2237,1123
2238,980
2239,1207
2240,1067
2241,1071
2242,1142
2243,1151
2244,1137
2245,1167
2246,1223
2247,1123
2248,1084
2249,1315
2250,1199
2251,1014
2252,1192
2253,1296
2254,1082
2255,1133
2256,1182
2257,1090
2258,1210
2259,1059
2260,1255
2261,1222
2262,1059
2263,1140
2264,1187
2265,1173
2266,1056
2267,1121
2268,1230
2269,1026
2270,1140
2271,1136
2272,1178
2273,1042
2274,1325
2275,1138
2276,1024
2277,1162
2278,1087
2279,998
2280,1239
2281,1171
2282,1129
2283,1126
2284,1183
2285,1126
2286,1276
2287,1352
2288,1120
2289,1145
2290,1042
2291,1247
2292,1081
2293,1162
2294,1179
2295,1134
2296,1096
2297,1192
2298,1069
2299,1242
2300,1016
2301,1143
2302,1219
2303,1138
2304,1176
2305,1220
2306,1138
2307,1154
2308,1255
2309,1046
2310,1057
2311,980
2312,1170
2313,998
2314,1242
2315,1126
2316,1227
2317,1178
2318,1126
2319,1132
2320,1226
2321,1152
2322,1123
2323,1083
2324,966
2325,1186
2326,1118
2327,1166
2328,976
2329,1162
2330,1038
2331,1237
2332,1082
2333,1188
2334,1207
2335,1114
2336,1266
2337,1134
2338,1210
2339,1068
2340,1162
2341,1087
2342,1138
2343,1094
2344,1171
2345,1088
2346,1209
2347,1196
2348,1073
2349,1167
2350,1347
2351,1187
2352,1263
2353,1162
2354,1175
2355,1172
2356,1139
2357,1171
2358,1048
2359,1002
2360,1233
2361,1188
2362,1186
2363,1155
2364,1116
2365,1112
2366,1282
2367,1084
2368,1162
2369,1148
2370,1107
2371,1049
2372,1057
2373,1151
2374,1104
2375,1271
2376,1314
2377,1066
2378,1168
2379,1168
2380,1216
2381,926
2382,1187
2383,1067
2384,1104
2385,1114
2386,1107
2387,1140
2388,1274
2389,1181
2390,1038
2391,1191
2392,1062
2393,1214
2394,1210
2395,1290
2396,1182
2397,1057
2398,1128
2399,1032
2400,1062
2401,1243
2402,1140
2403,1253
2404,1287
2405,1094
2406,1156
2407,1057
2408,1075
2409,1159
2410,1159
2411,1157
2412,1165
2413,1030
2414,1267
2415,1219
2416,1054
2417,1156
2418,1214
2419,1191
2420,1066
2421,1142
2422,1144
2423,1249
2424,1248
2425,1048
2426,1153
2427,1264
2428,1152
2429,1142
2430,1074
2431,1070
2432,986
2433,1193
2434,1169
2435,1013
2436,1084
2437,1098
2438,1166
2439,1050
2440,1168
2441,1173
2442,1074
2443,1228
2444,1233
2445,1131
2446,1082
2447,1118
2448,1054
2449,1180
2450,1173
2451,1226
2452,1180
2453,1193
2454,1020
2455,1073
2456,952
2457,1202
2458,1147
2459,1123
2460,1092
2461,1127
2462,1122
2463,1164
2464,1071
2465,1123
2466,1195
2467,1087
2468,1089
2469,1176
2470,1040
2471,1129
2472,1299
2473,1101
2474,1193
2475,1222
2476,1190
2477,1117
2478,1011
2479,1193
2480,1310
2481,1132
2482,1209
2483,966
2484,1184
2485,1319
2486,1192
2487,1188
2488,1116
2489,1001
2490,1190
2491,1084
2492,1296
2493,1060
2494,976
2495,1106
2496,1143
2497,1009
2498,1132
2499,1128
2500,1108
2501,1071
2502,1084
2503,1093
2504,1211
2505,1147
2506,1216
2507,1200
2508,1208
2509,1086
2510,1184
2511,1116
2512,1192
2513,1045
2514,953
2515,1107
2516,1144
2517,1028
2518,1128
2519,1321
2520,1005
2521,1151
2522,1273
2523,991
2524,1087
2525,1360
2526,1217
2527,1160
2528,1290
2529,1316
2530,1150
2531,1184
2532,1050
2533,1196
2534,1184
2535,1287
2536,1057
2537,1238
2538,999
2539,1247
2540,1121
2541,1028
2542,1091
2543,1215
2544,1079
2545,1302
2546,1153
2547,1124
2548,1162
2549,1164
2550,1156
2551,1075
2552,1058
2553,1066
2554,1156
2555,1076
2556,1164
2557,1134
2558,1241
2559,1117
2560,1118
2561,1103
2562,1220
2563,1199
2564,1189
2565,1175
2566,1134
2567,1047
2568,1038
2569,1205
2570,1099
2571,1185
2572,1244
2573,1015
2574,1053
2575,1196
2576,1270
2577,1162
2578,1175
2579,1071
2580,1136
2581,1090
2582,1139
2583,1209
2584,1054
2585,1170
2586,1194
2587,1184
2588,1149
2589,1078
2590,1082
2591,1073
2592,1248
2593,985
2594,1176
2595,1094
2596,1033
2597,1047
2598,1152
2599,1180
2600,1306
2601,1029
2602,1183
2603,1218
2604,1216
2605,1227
2606,1272
2607,1098
2608,1113
2609,1187
2610,1303
2611,998
2612,1034
2613,1042
2614,1194
2615,996
2616,1198
2617,1317
2618,1163
2619,1130
2620,1250
2621,1151
2622,1059
2623,1103
2624,1305
2625,1224
2626,1151
2627,1182
2628,1139
2629,1097
2630,1192
2631,1187
2632,1129
2633,1104
2634,1095
2635,1217
2636,1313
2637,1283
2638,1144
2639,1037
2640,1096
2641,1143
2642,1149
2643,1215
2644,1171
2645,1184
2646,1057
2647,1166
2648,1049
2649,1244
2650,1167
2651,1120
2652,1038
2653,1129
2654,1027
2655,1236
2656,1066
2657,1036
2658,1079
2659,1185
2660,1130
2661,1127
2662,1112
2663,1017
2664,1091
2665,1009
2666,1133
2667,1105
2668,1148
2669,1171
2670,1128
2671,1158
2672,1198
2673,1151
2674,1103
2675,1212
2676,1057
2677,1155
2678,1078
2679,1166
2680,1154
2681,1139
2682,1109
2683,1044
2684,1017
2685,1077
2686,1157
2687,1035
2688,1257
2689,1103
2690,1064
2691,1322
2692,1118
2693,1147
2694,1087
2695,1097
2696,1203
2697,1198
2698,1091
2699,1192
2700,1118
2701,1137
2702,1027
2703,1141
2704,1235
2705,1168
2706,1149
2707,1170
2708,1126
2709,1055
2710,1006
2711,1115
2712,1157
2713,1149
2714,1063
2715,1145
2716,1063
2717,1194
2718,1125
2719,1148
2720,1096
2721,1176
2722,1038
2723,991
2724,1209
2725,1140
2726,1135
2727,1233
2728,1094
2729,1134
2730,1117
2731,1207
2732,1109
2733,1165
2734,1199
2735,1151
2736,1037
2737,1031
2738,1023
2739,1226
2740,1015
2741,1221
2742,1307
2743,1151
2744,992
2745,1261
2746,1143
2747,1143
2748,1249
2749,1132
2750,1106
2751,1229
2752,1194
2753,1129
2754,1185
2755,1241
2756,1102
2757,1124
2758,1154
2759,1060
2760,1207
2761,1139
2762,1115
2763,1071
2764,1082
2765,1019
2766,1047
2767,1112
2768,1201
2769,1065
2770,1184
2771,1176
2772,1119
2773,1098
2774,1117
2775,1176
2776,1091
2777,1201
2778,1222
2779,1088
2780,1132
2781,1097
2782,1248
2783,1102
2784,1195
2785,1090
2786,1052
2787,1110
2788,1158
2789,1079
2790,1052
2791,1101
2792,1142
2793,1123
2794,1350
2795,1091
2796,1246
2797,1113
2798,1096
2799,1147
2800,1173
2801,1185
2802,1192
2803,1157
2804,1146
2805,1128
2806,1066
2807,1060
2808,1135
2809,1058
2810,981
2811,1142
2812,1199
2813,1205
2814,1180
2815,1123
2816,1236
2817,1280
2818,1081
2819,1015
2820,1216
2821,1166
2822,1303
2823,1143
2824,1291
2825,1126
2826,1070
2827,1137
2828,1194
2829,1064
2830,1057
2831,1072
2832,1072
2833,1098
2834,1165
2835,1255
2836,1100
2837,1172
2838,1090
2839,1228
2840,1198
2841,1236
2842,1125
2843,1081
2844,1196
2845,1235
2846,1094
2847,1123
2848,1154
2849,1265
2850,1098
2851,1247
2852,1167
2853,1074
2854,1086
2855,1015
2856,1013
2857,1137
2858,1091
2859,1163
2860,1195
2861,1054
2862,1199
2863,1115
2864,1258
2865,1250
2866,1128
2867,1055
2868,1184
2869,1191
2870,1129
2871,1176
2872,1076
2873,1280
2874,1052
2875,1190
2876,1108
2877,1137
2878,1166
2879,1151
2880,977
2881,1119
2882,1130
2883,1013
2884,1190
2885,1107
2886,1178
2887,1013
2888,1258
2889,1116
2890,1143
2891,1042
2892,1050
2893,1195
2894,1211
2895,1098
2896,1035
2897,1179
2898,1088
2899,1250
2900,1224
2901,1030
2902,1238
2903,1065
2904,1212
2905,1104
2906,1154
2907,1170
2908,1198
2909,1067
2910,967
2911,1078
2912,1173
2913,1153
2914,1149
2915,1195
2916,1213
2917,1144
2918,1050
2919,998
2920,1171
2921,1117
2922,1039
2923,1258
2924,1264
2925,1101
2926,1125
2927,1106
2928,1111
2929,1289
2930,1018
2931,1094
2932,1099
2933,1128
2934,1055
2935,1128
2936,1152
2937,1126
2938,1315
2939,1133
2940,1024
2941,1084
2942,1057
2943,1170
2944,1212
2945,1146
2946,1046
2947,1175
2948,1159
2949,1147
2950,1231
2951,1145
2952,1284
2953,1155
2954,1021
2955,1085
2956,1117
2957,1111
2958,1054
2959,1147
2960,1073
2961,1158
2962,1188
2963,1105
2964,1083
2965,1270
2966,1008
2967,1150
2968,1108
2969,1063
2970,1047
2971,1078
2972,1102
2973,1146
2974,999
2975,1145
2976,1054
2977,914
2978,1112
2979,1160
2980,1172
2981,1163
2982,1178
2983,1125
2984,1096
2985,1205
2986,1144
2987,1090
2988,1109
2989,990
2990,1147
2991,1250
2992,1174
2993,1154
2994,1085
2995,1076
2996,1172
2997,1031
2998,1170
2999,1215
3000,1063
3001,949
3002,1072
3003,1142
3004,1193
3005,1075
3006,1128
3007,1159
3008,1169
3009,1039
3010,1077
3011,1099
3012,1179
3013,1168
3014,1195
3015,1193
3016,1222
3017,1225
3018,1257
3019,1187
3020,1088
3021,1276
3022,1115
3023,1208
3024,1107
3025,1146
3026,1028
3027,1186
3028,1195
3029,1073
3030,1194
3031,1177
3032,994
3033,912
3034,1074
3035,976
3036,973
3037,1183
3038,995
3039,1097
3040,1174
3041,1096
3042,1012
3043,1173
3044,991
3045,1267
3046,1258
3047,1175
3048,1246
3049,1193
3050,1212
3051,1311
3052,1033
3053,1036
3054,1235
3055,1204
3056,1115
3057,1103
3058,1189
3059,1028
3060,1323
3061,1145
3062,1310
3063,1049
3064,1178
3065,1141
3066,1136
3067,1069
3068,1112
3069,1045
3070,1174
3071,1075
3072,1241
3073,1181
3074,991
3075,1198
3076,1093
3077,1182
3078,1195
3079,1209
3080,1045
3081,1349
3082,1210
3083,1108
3084,1058
3085,1172
3086,1099
3087,1139
3088,1193
3089,1233
3090,1361
3091,1115
3092,1145
3093,1271
3094,1112
3095,1137
3096,1153
3097,1030
3098,1317
3099,1031
3100,1154
3101,1310
3102,1205
3103,1128
3104,1069
3105,1120
3106,1254
3107,1248
3108,1190
3109,1187
3110,1213
3111,1199
3112,1150
3113,1084
3114,1055
3115,1121
3116,1197
3117,1218
3118,1135
3119,1129
3120,1131
3121,1207
3122,1079
3123,1184
3124,1183
3125,1124
3126,1201
3127,1085
3128,1072
3129,1158
3130,1166
3131,1102
3132,1018
3133,1139
3134,1182
3135,1079
3136,1018
3137,1265
3138,1110
3139,1050
3140,1156
3141,1083
3142,1139
3143,1116
3144,994
3145,1162
3146,974
3147,1188
3148,1072
3149,1116
3150,1188
3151,1066
3152,1175
3153,1286
3154,1057
3155,1133
3156,1075
3157,1073
3158,1129
3159,1240
3160,1041
3161,1259
3162,1185
3163,1119
3164,1204
3165,1078
3166,1169
3167,1077
3168,999
3169,1095
3170,1231
3171,1146
3172,1135
3173,1318
3174,1121
3175,1157
3176,1186
3177,1132
3178,1174
3179,1087
3180,1091
3181,1236
3182,1168
3183,1191
3184,1140
3185,1221
3186,1131
3187,1090
3188,1133
3189,1050
3190,1070
3191,1196
3192,1088
3193,1108
3194,1329
3195,997
3196,1084
3197,1111
3198,1134
3199,1213
3200,1078
3201,1120
3202,1211
3203,1160
3204,1061
3205,1165
3206,1101
3207,1136
3208,1026
3209,1213
3210,1182
3211,1257
3212,1199
3213,1244
3214,1239
3215,1120
3216,1282
3217,1169
3218,1217
3219,1112
3220,1010
3221,1149
3222,1209
3223,1112
3224,1035
3225,1158
3226,1172
3227,1052
3228,1165
3229,1015
3230,1230
3231,1132
3232,1146
3233,1099
3234,1125
3235,1309
3236,1099
3237,1186
3238,1017
3239,1247
3240,1165
3241,1099
3242,1274
3243,1098
3244,1138
3245,1115
3246,1230
3247,1168
3248,1063
3249,1072
3250,1032
3251,1203
3252,1087
3253,1111
3254,1207
3255,1097
3256,1198
3257,1038
3258,1143
3259,1024
3260,1171
3261,1163
3262,1081
3263,1065
3264,1141
3265,1251
3266,1274
3267,1378
3268,1203
3269,1055
3270,1168
3271,1168
3272,1175
3273,1146
3274,1090
3275,1182
3276,1065
3277,1115
3278,1054
3279,1224
3280,1028
3281,1025
3282,1127
3283,1223
3284,1185
3285,1263
3286,1093
3287,1203
3288,1168
3289,1152
3290,1156
3291,1242
3292,1219
3293,1033
3294,1107
3295,1000
3296,999
3297,1304
3298,1112
3299,1072
3300,1165
3301,1162
3302,1273
3303,1310
3304,1170
3305,1217
3306,1158
3307,1120
3308,1054
3309,1152
3310,1120
3311,1089
3312,1165
3313,1182
3314,1151
3315,1172
3316,1192
3317,1210
3318,1196
3319,1040
3320,1163
3321,1181
3322,1120
3323,1314
3324,1186
3325,1251
3326,1315
3327,1056
3328,1019
3329,1035
3330,1302
3331,1181
3332,1161
3333,1006
3334,1021
3335,1166
3336,1130
3337,1166
3338,1140
3339,1193
3340,1221
3341,1220
3342,1095
3343,1125
3344,1026
3345,1177
3346,1154
3347,1160
3348,1244
3349,1060
3350,1153
3351,1125
3352,1138
3353,984
3354,1083
3355,992
3356,1027
3357,1088
3358,1114
3359,1032
3360,1081
3361,1258
3362,1182
3363,1199
3364,1476
3365,1234
3366,1083
3367,1159
3368,1095
3369,1086
3370,1154
3371,1160
3372,1077
3373,1183
3374,1226
3375,1192
3376,1111
3377,1180
3378,1066
3379,1116
3380,1086
3381,1093
3382,1020
3383,1100
3384,1214
3385,1193
3386,1200
3387,1227
3388,1168
3389,1027
3390,1092
3391,1099
3392,1152
3393,1129
3394,1212
3395,1181
3396,1087
3397,1201
3398,1118
3399,1016
3400,1247
3401,1095
3402,1081
3403,1113
3404,1103
3405,1086
3406,1192
3407,1120
3408,1318
3409,1316
3410,1142
3411,1285
3412,1002
3413,1003
3414,1132
3415,1119
3416,1254
3417,1043
3418,1246
3419,1247
3420,1203
3421,1075
3422,1056
3423,1221
3424,1111
3425,1243
3426,1036
3427,1242
3428,1212
3429,1315
3430,1165
3431,1156
3432,1159
3433,1116
3434,1165
3435,1226
3436,1173
3437,1175
3438,1159
3439,1178
3440,1055
3441,1104
3442,1190
3443,1114
3444,1152
3445,1434
3446,1229
3447,974
3448,1094
3449,1051
3450,1257
3451,1087
3452,1050
3453,1012
3454,1198
3455,1031
3456,1050
3457,1154
3458,1277
3459,1047
3460,1147
3461,1043
3462,1332
3463,1025
3464,1138
3465,1097
3466,988
3467,1121
3468,1111
3469,1350
3470,1097
3471,1016
3472,1157
3473,1036
3474,1130
3475,1163
3476,1261
3477,1003
3478,1145
3479,1121
3480,1048
3481,1024
3482,1148
3483,1019
3484,1201
3485,1185
3486,1172
3487,1158
3488,1162
3489,1211
3490,1068
3491,1224
3492,1173
3493,1056
3494,1147
3495,1055
3496,1275
3497,1205
3498,1142
3499,1065
3500,1062
3501,1133
3502,1093
3503,1053
3504,1255
3505,1072
3506,1377
3507,1145
3508,1145
3509,1188
3510,1079
3511,1216
3512,1103
3513,1203
3514,1203
3515,1082
3516,1263
3517,1180
3518,1207
3519,1137
3520,1136
3521,1147
3522,998
3523,1176
3524,1153
3525,1099
3526,1177
3527,1256
3528,1142
3529,1060
3530,1203
3531,1299
3532,1079
3533,1196
3534,1026
3535,1145
3536,1190
3537,1019
3538,1129
3539,1058
3540,1279
3541,1136
3542,1341
3543,1149
3544,1119
3545,1011
3546,1230
3547,1034
3548,1132
3549,1111
3550,1315
3551,1126
3552,1051
3553,1167
3554,1180
3555,1181
3556,1151
3557,1163
3558,1261
3559,1184
3560,1248
3561,1198
3562,998
3563,1066
3564,1211
3565,1239
3566,1193
3567,1261
3568,1231
3569,1354
3570,1037
3571,1091
3572,1180
3573,1244
3574,1175
3575,1133
3576,1113
3577,1134
3578,1261
3579,1048
3580,1102
3581,1025
3582,1140
3583,991
3584,1176
3585,1223
3586,1189
3587,1058
3588,1213
3589,1074
3590,1074
3591,1148
3592,1116
3593,1076
3594,1153
3595,1321
3596,1153
3597,1243
3598,1044
3599,1121
3600,1186
3601,1111
3602,1217
3603,1144
3604,1122
3605,1169
3606,1269
3607,1130
3608,1169
3609,1115
3610,1158
3611,1003
3612,1060
3613,1126
3614,1259
3615,1150
3616,1053
3617,1002
3618,1220
3619,1120
3620,1032
3621,1193
3622,1218
3623,1181
3624,1217
3625,1024
3626,1145
3627,1050
3628,1136
3629,1096
3630,1084
3631,996
3632,1102
3633,1024
3634,1172
3635,1225
3636,1129
3637,1082
3638,1159
3639,1005
3640,1199
3641,1289
3642,1306
3643,1178
3644,1198
3645,1030
3646,1082
3647,1217
3648,1139
3649,989
3650,1135
3651,1233
3652,1012
3653,1050
3654,1063
3655,990
3656,1064
3657,1239
3658,1180
3659,1217
3660,1028
3661,1165
3662,1131
3663,1211
3664,1264
3665,1017
3666,1071
3667,1145
3668,1150
3669,1170
3670,1190
3671,1185
3672,1049
3673,1320
3674,1105
3675,1173
3676,1158
3677,1264
3678,1089
3679,1266
3680,1123
3681,1112
3682,1088
3683,1040
3684,1203
3685,1143
3686,1153
3687,1183
3688,1205
3689,1079
3690,1216
3691,983
3692,1223
3693,1123
3694,1233
3695,1119
3696,1139
3697,1071
3698,1191
3699,1056
3700,1147
3701,1122
3702,1182
3703,1102
3704,1239
3705,1160
3706,1159
3707,1127
3708,1109
3709,1241
3710,1140
3711,981
3712,1157
3713,1132
3714,1158
3715,1337
3716,1045
3717,1143
3718,1026
3719,1105
3720,1117
3721,1069
3722,1103
3723,1075
3724,1138
3725,1177
3726,1067
3727,1077
3728,1156
3729,1171
3730,1209
3731,1143
3732,1110
3733,1197
3734,1174
3735,1093
3736,1056
3737,1200
3738,1193
3739,1182
3740,1012
3741,1118
3742,1249
3743,1218
3744,1246
3745,1229
3746,1109
3747,1081
3748,1148
3749,1057
3750,1205
3751,1002
3752,1238
3753,1284
3754,1146
3755,1099
3756,1303
3757,1199
3758,1337
3759,1089
3760,1045
3761,1023
3762,1077
3763,1114
3764,1151
3765,1111
3766,1240
3767,1153
3768,1227
3769,1076
3770,1142
3771,1075
3772,1156
3773,1110
3774,1029
3775,1029
3776,1167
3777,1324
3778,1164
3779,1085
3780,1119
3781,1084
3782,1149
3783,1285
3784,1249
3785,1054
3786,1250
3787,1246
3788,1080
3789,1108
3790,1135
3791,1088
3792,1169
3793,1262
3794,998
3795,1179
3796,1196
3797,1227
3798,1270
3799,1149
3800,1268
3801,1115
3802,1102
3803,1155
3804,1192
3805,1187
3806,1201
3807,1185
3808,1241
3809,1278
3810,1157
3811,1251
3812,1134
3813,1044
3814,1179
3815,1128
3816,1022
3817,1233
3818,1162
3819,1083
3820,1115
3821,1189
3822,1111
3823,1188
3824,1176
3825,1362
3826,1145
3827,998
3828,1139
3829,1048
3830,1160
3831,1119
3832,1247
3833,1028
3834,1211
3835,1147
3836,1219
3837,1213
3838,1164
3839,1242
3840,1233
3841,1049
3842,1132
3843,1124
3844,1157
3845,1225
3846,1207
3847,1114
3848,1212
3849,1260
3850,1159
3851,1092
3852,1139
3853,1250
3854,1148
3855,1065
3856,1153
3857,1091
3858,1035
3859,1065
3860,993
3861,1115
3862,1106
3863,1094
3864,1123
3865,1042
3866,1105
3867,1063
3868,1168
3869,1166
3870,1167
3871,1151
3872,1025
3873,1112
3874,1093
3875,1128
3876,1088
3877,1202
3878,1099
3879,1045
3880,1004
3881,1082
3882,1220
3883,1229
3884,1063
3885,1017
3886,1195
3887,1130
3888,1152
3889,1234
3890,1090
3891,1101
3892,1109
3893,1055
3894,1199
3895,1133
3896,1240
3897,1116
3898,1374
3899,1271
3900,1119
3901,1129
3902,1126
3903,1240
3904,1146
3905,1034
3906,1116
3907,1151
3908,1043
3909,1037
3910,1100
3911,1083
3912,1259
3913,1184
3914,1000
3915,1049
3916,1168
3917,1109
3918,1292
3919,1093
3920,1221
3921,1243
3922,1272
3923,1216
3924,1152
3925,1202
3926,1214
3927,1175
3928,1137
3929,1120
3930,1045
3931,1091
3932,1212
3933,1178
3934,1173
3935,1204
3936,1092
3937,1043
3938,1101
3939,940
3940,1280
3941,1182
3942,1012
3943,922
3944,1126
3945,1161
3946,1130
3947,1065
3948,1129
3949,1059
3950,1183
3951,971
3952,1097
3953,1224
3954,1017
3955,1206
3956,1202
3957,1199
3958,1152
3959,1081
3960,1287
3961,1214
3962,1418
3963,1240
3964,1015
3965,1222
3966,1244
3967,1188
3968,1050
3969,1154
3970,1167
3971,1132
3972,1357
3973,1097
3974,1220
3975,967
3976,1240
3977,1083
3978,1186
3979,1114
3980,1230
3981,1151
3982,1068
3983,1085
3984,1037
3985,1178
3986,1298
3987,1186
3988,1139
3989,1253
3990,1213
3991,1061
3992,1166
3993,1186
3994,1042
3995,1058
3996,1216
3997,1135
3998,1081
3999,1015
4000,1186
4001,1033
4002,1135
4003,1216
4004,1190
4005,1164
4006,1141
4007,1124
4008,1100
4009,1179
4010,1082
4011,1151
4012,1267
4013,1079
4014,1211
4015,1038
4016,1176
4017,1049
4018,1064
4019,1058
4020,1019
4021,1205
4022,968
4023,1184
4024,1184
4025,1216
4026,1053
4027,1113
4028,1150
4029,1137
4030,1169
4031,1090
4032,1138
4033,970
4034,1044
4035,1082
4036,1163
4037,1229
4038,1186
4039,1043
4040,1132
4041,1175
4042,1142
4043,1273
4044,1019
4045,1147
4046,1236
4047,1264
4048,1391
4049,1030
4050,1170
4051,1305
4052,1143
4053,1040
4054,1115
4055,989
4056,1099
4057,997
4058,1117
4059,1141
4060,1184
4061,1205
4062,1165
4063,1101
4064,1159
4065,1140
4066,1191
4067,1108
4068,1077
4069,1226
4070,1317
4071,1126
4072,1280
4073,1167
4074,1179
4075,1032
4076,1221
4077,1186
4078,1278
4079,1072
4080,1184
4081,1189
4082,1143
4083,1001
4084,1128
4085,1136
4086,1109
4087,922
4088,1228
4089,1127
4090,1096
4091,1088
4092,1144
4093,1141
4094,1062
4095,1142
