0,6988
1,6844
2,6733
3,6796
4,6774
5,6754
6,6826
7,6868
8,6796
9,6885
10,6967
11,6791
12,6837
13,7007
14,6788
15,7008
16,6813
17,6899
18,6741
19,6782
20,6827
21,6882
22,6877
23,6934
24,6875
25,6922
26,6956
27,6962
28,6637
29,6774
30,6922
31,6954
32,6770
33,6821
34,6841
35,6834
36,6870
37,6841
38,6723
39,6983
40,6895
41,6848
42,6754
43,6861
44,6743
45,6677
46,6756
47,6774
48,6756
49,6866
50,6896
51,6873
52,6776
53,6857
54,6742
55,6805
56,6713
57,6740
58,6824
59,6847
60,6872
61,6835
62,7056
63,6732
64,6837
65,6910
66,6798
67,6620
68,6776
69,6913
70,6771
71,6844
72,6830
73,6696
74,6776
75,6884
76,6808
77,6792
78,6813
79,6865
80,7114
81,6692
82,6867
83,6886
84,6806
85,6780
86,6892
87,6843
88,6852
89,6831
90,6847
91,6748
92,6965
93,6748
94,6815
95,6722
96,6987
97,6880
98,6935
99,6934
100,6765
101,6765
102,6890
103,6960
104,6831
105,6791
106,6752
107,6976
108,6808
109,6827
110,6923
111,6732
112,6999
113,6955
114,6848
115,6747
116,6756
117,6828
118,6838
119,6812
120,6941
121,6955
122,6795
123,6891
124,6811
125,6916
126,6813
127,6784
128,6789
129,6744
130,6801
131,6800
132,6799
133,6856
134,6753
135,6730
136,6827
137,6866
138,6830
139,6787
140,6792
141,6857
142,6778
143,6774
144,6980
145,6863
146,6847
147,6720
148,6845
149,6868
150,6654
151,6973
152,6853
153,6717
154,6882
155,6731
156,6732
157,6831
158,6804
159,6618
160,6941
161,6807
162,6937
163,6892
164,6829
165,6790
166,6839
167,6950
168,6758
169,6895
170,6599
171,6915
172,6709
173,6887
174,6908
175,6797
176,6797
177,6752
178,6832
179,6866
180,6751
181,6801
182,6892
183,6974
184,6878
185,6708
186,7025
187,6896
188,6842
189,6890
190,6755
191,6789
192,6831
193,6913
194,6694
195,6906
196,6701
197,6963
198,6926
199,6864
200,6826
201,6867
202,6928
203,6794
204,6671
205,6846
206,6824
207,6808
208,6869
209,6943
210,6802
211,6808
212,6886
213,6943
214,6840
215,7010
216,6841
217,7010
218,6749
219,6968
220,6817
221,6898
222,6903
223,6801
224,6663
225,6870
226,6718
227,6868
228,6852
229,6854
230,6745
231,6913
232,6792
233,6832
234,6908
235,6905
236,6849
237,6795
238,6739
239,6912
240,6874
241,6830
242,7008
243,6791
244,6808
245,6844
246,6922
247,6912
248,6852
249,6810
250,7004
251,6725
252,6975
253,6816
254,6799
255,7022
256,6891
257,7003
258,6954
259,6789
260,6886
261,6798
262,6884
263,6915
264,6939
265,6954
266,6824
267,6831
268,6800
269,6892
270,6784
271,6851
272,6775
273,6897
274,6787
275,7002
276,6738
277,6906
278,6932
279,6796
280,6921
281,6708
282,6740
283,6996
284,6861
285,6671
286,6790
287,6791
288,6968
289,6719
290,6735
291,7017
292,6760
293,6842
294,6900
295,6899
296,6888
297,6943
298,6928
299,6801
300,6943
301,6756
302,6941
303,6774
304,6721
305,6659
306,6792
307,6845
308,6763
309,6900
310,6800
311,6847
312,6915
313,6898
314,6829
315,6721
316,6865
317,6889
318,6725
319,6842
320,6970
321,6765
322,6847
323,6863
324,6836
325,6761
326,6849
327,6886
328,6951
329,6805
330,6785
331,6902
332,6808
333,6848
334,6890
335,6676
336,6900
337,6750
338,6835
339,6796
340,6922
341,6798
342,6629
343,6900
344,6937
345,7056
346,6847
347,6826
348,6848
349,6902
350,6886
351,6881
352,6872
353,6866
354,6971
355,6877
356,6901
357,6961
358,6894
359,6798
360,6892
361,6759
362,6860
363,6904
364,6710
365,6836
366,6906
367,6763
368,6854
369,6811
370,6960
371,6893
372,6853
373,6825
374,6687
375,7028
376,6806
377,6950
378,6858
379,6711
380,6886
381,6723
382,7007
383,6795
384,6869
385,6863
386,6632
387,6888
388,6774
389,6791
390,6864
391,6871
392,6723
393,6806
394,6742
395,6861
396,6716
397,6795
398,6936
399,6803
400,6735
401,7011
402,6792
403,6634
404,6971
405,6770
406,6830
407,6902
408,6843
409,6823
410,6949
411,6823
412,6928
413,6914
414,6789
415,6910
416,6927
417,6781
418,6908
419,7090
420,6798
421,6971
422,6735
423,6790
424,6732
425,6714
426,6799
427,6869
428,6923
429,6817
430,6804
431,7117
432,6747
433,6973
434,6804
435,6935
436,6719
437,6915
438,6936
439,6760
440,6716
441,6960
442,6703
443,6920
444,6807
445,6776
446,6915
447,6883
448,6746
449,6743
450,6839
451,6975
452,6775
453,6991
454,7013
455,7006
456,6862
457,6846
458,7030
459,6783
460,6775
461,6647
462,6956
463,6759
464,6541
465,6806
466,6754
467,6833
468,6916
469,6759
470,6706
471,6914
472,6875
473,6943
474,6936
475,6833
476,6904
477,6814
478,6841
479,6803
480,6843
481,6853
482,6871
483,6806
484,6823
485,6656
486,6897
487,6855
488,6892
489,6901
490,6846
491,6889
492,6850
493,6753
494,6805
495,6806
496,6888
497,6878
498,6940
499,6792
500,6885
501,6817
502,6756
503,6828
504,6823
505,6862
506,6755
507,7012
508,7034
509,6910
510,6830
511,6927
512,6870
513,6973
514,6810
515,6834
516,6761
517,6817
518,6856
519,6864
520,7007
521,6699
522,6767
523,6779
524,6947
525,6937
526,6891
527,6998
528,6932
529,6833
530,6793
531,6903
532,6880
533,6897
534,6872
535,6960
536,6847
537,6901
538,6829
539,6752
540,6870
541,6889
542,6797
543,6821
544,6776
545,6830
546,6606
547,6722
548,6745
549,6883
550,6914
551,6801
552,6963
553,6721
554,6841
555,6764
556,6812
557,6797
558,6900
559,6872
560,6902
561,6821
562,6928
563,6754
564,6913
565,6868
566,6901
567,6913
568,6918
569,6789
570,6789
571,6913
572,6827
573,6780
574,6831
575,6829
576,6920
577,6793
578,6834
579,6877
580,6872
581,6877
582,6902
583,6822
584,6745
585,7036
586,6822
587,6812
588,6736
589,6872
590,6885
591,6894
592,6767
593,7037
594,6950
595,6802
596,6817
597,6963
598,6824
599,6980
600,6781
601,6820
602,6787
603,6801
604,6853
605,6838
606,6724
607,6758
608,6721
609,6876
610,6769
611,6943
612,6874
613,6720
614,6691
615,6862
616,6800
617,6877
618,6918
619,6914
620,6908
621,6775
622,6716
623,6783
624,6779
625,6697
626,6920
627,6908
628,6832
629,6933
630,6774
631,6696
632,6910
633,6608
634,6850
635,6773
636,6797
637,6775
638,6677
639,6940
640,6719
641,6843
642,6728
643,6795
644,6736
645,6746
646,6940
647,6951
648,6806
649,6965
650,6895
651,6741
652,6812
653,6870
654,6841
655,6751
656,6837
657,7000
658,6751
659,6852
660,6790
661,6766
662,6794
663,6732
664,6866
665,6839
666,6752
667,6904
668,6787
669,6691
670,6875
671,6923
672,6654
673,6900
674,6742
675,6836
676,6777
677,6863
678,6798
679,6795
680,6668
681,6963
682,6854
683,6737
684,6730
685,6750
686,6870
687,6653
688,6905
689,6856
690,6540
691,6850
692,6768
693,6790
694,6882
695,6690
696,6846
697,6885
698,6859
699,6893
700,6713
701,6841
702,6894
703,6870
704,6835
705,6919
706,6954
707,6895
708,6808
709,6780
710,6776
711,6748
712,6893
713,6913
714,6807
715,6910
716,6921
717,6785
718,6759
719,6964
720,6683
721,7038
722,6734
723,6882
724,6899
725,6975
726,6811
727,6772
728,6763
729,6800
730,6785
731,6758
732,6794
733,6856
734,6828
735,6904
736,6987
737,6828
738,6779
739,6893
740,6799
741,6823
742,6980
743,6827
744,6833
745,6873
746,6811
747,6830
748,6857
749,6980
750,6871
751,6803
752,6823
753,6778
754,6814
755,6827
756,6874
757,6815
758,6796
759,6841
760,6879
761,6790
762,6832
763,6850
764,6790
765,6646
766,6868
767,6807
768,6969
769,6821
770,6745
771,6804
772,6773
773,6832
774,6915
775,6769
776,6911
777,6982
778,6698
779,6886
780,6812
781,6775
782,6801
783,6909
784,6893
785,6845
786,6914
787,6767
788,6877
789,6814
790,6903
791,6812
792,6828
793,6921
794,6960
795,6841
796,6886
797,6827
798,6946
799,6865
800,6738
801,6829
802,6720
803,6760
804,6867
805,6966
806,6841
807,6922
808,6597
809,6954
810,6953
811,6797
812,6881
813,6760
814,6806
815,6800
816,6944
817,6879
818,6710
819,6869
820,6973
821,6719
822,6637
823,6847
824,6776
825,6740
826,6734
827,6768
828,6904
829,6762
830,6903
831,6925
832,6859
833,6803
834,6822
835,6769
836,6761
837,6780
838,6821
839,6832
840,6872
841,6849
842,6733
843,6963
844,6799
845,6863
846,6997
847,6861
848,6855
849,6867
850,6942
851,6916
852,6866
853,6901
854,6926
855,7083
856,6847
857,6953
858,7038
859,6833
860,6778
861,6784
862,6723
863,6755
864,6806
865,6953
866,6931
867,6876
868,6825
869,6645
870,6874
871,6813
872,6828
873,6770
874,6795
875,6787
876,6765
877,6868
878,6757
879,6952
880,6784
881,6807
882,6937
883,6860
884,6963
885,6685
886,6830
887,6667
888,6721
889,6943
890,6918
891,6830
892,6722
893,6783
894,6889
895,6998
896,6876
897,7025
898,6888
899,6881
900,6811
901,6819
902,6641
903,6728
904,6973
905,6893
906,6780
907,6925
908,6707
909,6712
910,6932
911,6932
912,6869
913,6837
914,6953
915,6966
916,7027
917,6863
918,6796
919,6845
920,6723
921,6959
922,6964
923,6758
924,6772
925,6769
926,6648
927,6838
928,6809
929,6723
930,6949
931,6839
932,6796
933,6627
934,6781
935,6944
936,6855
937,6749
938,6880
939,6678
940,6978
941,6856
942,6786
943,6837
944,6823
945,6773
946,6856
947,6864
948,6813
949,6833
950,6870
951,6761
952,7048
953,6858
954,6943
955,6875
956,6640
957,6840
958,6785
959,6784
960,6853
961,6958
962,6796
963,6888
964,6869
965,6772
966,6684
967,6972
968,6833
969,6901
970,6880
971,6812
972,6790
973,6769
974,6806
975,6911
976,6896
977,6732
978,6879
979,6780
980,6982
981,6777
982,7000
983,6687
984,6889
985,6687
986,6869
987,6833
988,6871
989,6755
990,6784
991,6946
992,6990
993,6801
994,6772
995,6849
996,6856
997,6881
998,6821
999,6913
1000,6861
1001,6735
1002,6838
1003,6886
1004,6822
1005,6865
1006,6846
1007,6749
1008,6783
1009,6618
1010,6809
1011,6944
1012,6811
1013,6838
1014,6843
1015,6965
1016,6887
1017,6822
1018,6872
1019,6829
1020,6769
1021,6912
1022,6857
1023,6959
1024,6643
1025,6769
1026,6886
1027,6621
1028,6846
1029,7025
1030,6843
1031,6816
1032,6923
1033,6938
1034,6828
1035,6672
1036,6923
1037,7056
1038,6832
1039,6842
1040,6981
1041,6879
1042,6945
1043,6873
1044,6773
1045,6838
1046,6761
1047,6696
1048,6788
1049,6959
1050,6963
1051,6873
1052,6931
1053,6831
1054,6720
1055,6756
1056,6928
1057,6915
1058,6783
1059,7021
1060,6858
1061,6771
1062,6711
1063,6910
1064,6984
1065,6837
1066,6816
1067,6868
1068,6793
1069,6832
1070,6845
1071,6797
1072,6817
1073,6879
1074,6766
1075,6792
1076,6851
1077,7007
1078,6828
1079,6798
1080,6816
1081,6841
1082,6797
1083,6912
1084,6887
1085,6861
1086,6964
1087,6871
1088,6791
1089,6854
1090,6913
1091,6954
1092,6932
1093,6812
1094,6906
1095,6973
1096,7054
1097,6872
1098,6942
1099,6728
1100,6805
1101,6850
1102,6789
1103,6742
1104,6942
1105,6806
1106,6924
1107,6815
1108,6762
1109,6816
1110,6764
1111,6854
1112,6914
1113,6764
1114,6753
1115,7063
1116,6783
1117,6919
1118,6699
1119,6844
1120,6954
1121,6859
1122,6778
1123,6748
1124,6830
1125,6871
1126,6814
1127,6797
1128,6740
1129,6989
1130,6911
1131,6764
1132,6847
1133,6855
1134,6659
1135,6878
1136,6865
1137,6918
1138,6757
1139,6798
1140,6858
1141,6864
1142,6890
1143,6687
1144,7012
1145,6723
1146,6855
1147,6970
1148,6857
1149,6842
1150,6934
1151,6872
1152,7074
1153,6788
1154,6815
1155,6692
1156,6894
1157,6838
1158,6757
1159,6902
1160,6839
1161,6868
1162,6725
1163,6973
1164,6868
1165,6910
1166,6839
1167,6811
1168,6876
1169,6887
1170,6791
1171,6883
1172,6792
1173,6855
1174,6902
1175,6793
1176,6784
1177,6816
1178,6766
1179,6899
1180,6900
1181,6943
1182,6758
1183,6810
1184,6837
1185,6831
1186,6747
1187,6846
1188,6880
1189,6963
1190,6889
1191,6797
1192,6943
1193,6800
1194,6957
1195,6699
1196,6738
1197,6772
1198,6960
1199,6863
1200,6782
1201,6716
1202,6897
1203,6889
1204,6777
1205,6803
1206,6832
1207,6981
1208,6957
1209,6898
1210,6950
1211,6951
1212,6745
1213,6911
1214,6909
1215,6788
1216,6802
1217,6804
1218,6783
1219,6865
1220,6793
1221,6875
1222,6799
1223,6799
1224,6989
1225,6913
1226,6953
1227,6917
1228,6825
1229,6837
1230,6850
1231,6849
1232,6769
1233,6744
1234,6845
1235,6742
1236,6860
1237,6724
1238,6900
1239,6871
1240,6976
1241,6883
1242,6818
1243,6824
1244,6641
1245,6873
1246,6928
1247,6907
1248,6894
1249,7036
1250,6930
1251,6702
1252,6860
1253,6897
1254,6968
1255,6752
1256,6746
1257,6606
1258,6906
1259,6872
1260,6913
1261,6889
1262,6872
1263,6849
1264,6753
1265,6847
1266,6697
1267,6888
1268,6802
1269,6827
1270,6748
1271,6896
1272,6910
1273,6823
1274,6956
1275,6914
1276,6839
1277,6822
1278,6836
1279,6702
1280,6917
1281,6659
1282,6894
1283,6852
1284,6888
1285,6828
1286,6809
1287,6739
1288,6974
1289,6846
1290,6829
1291,6905
1292,7003
1293,6845
1294,6708
1295,6766
1296,6811
1297,6763
1298,6855
1299,6724
1300,6777
1301,6796
1302,6900
1303,6863
1304,6936
1305,6899
1306,6905
1307,6839
1308,7048
1309,6890
1310,6720
1311,6892
1312,6865
1313,6951
1314,6881
1315,6989
1316,6918
1317,6879
1318,6935
1319,6860
1320,6788
1321,6924
1322,6793
1323,6932
1324,6984
1325,6753
1326,6869
1327,6738
1328,6791
1329,6832
1330,6866
1331,6836
1332,6855
1333,6798
1334,6770
1335,6738
1336,6933
1337,6922
1338,6867
1339,6898
1340,6749
1341,6855
1342,6898
1343,6792
1344,6743
1345,6760
1346,6746
1347,6852
1348,6854
1349,6811
1350,6983
1351,6849
1352,6785
1353,6737
1354,6850
1355,6864
1356,6771
1357,6770
1358,6852
1359,6935
1360,6989
1361,6787
1362,7011
1363,6831
1364,6971
1365,6830
1366,6817
1367,6767
1368,6939
1369,6842
1370,6757
1371,6961
1372,6844
1373,6693
1374,6846
1375,6737
1376,6704
1377,6875
1378,6846
1379,6738
1380,6915
1381,6693
1382,6761
1383,6840
1384,6808
1385,6887
1386,6795
1387,6719
1388,6750
1389,6749
1390,6959
1391,6870
1392,6800
1393,6875
1394,6776
1395,6834
1396,6862
1397,6829
1398,6837
1399,6804
1400,6859
1401,6800
1402,6887
1403,6875
1404,6779
1405,6895
1406,6903
1407,6688
1408,6816
1409,6832
1410,6844
1411,6809
1412,6895
1413,6883
1414,6791
1415,6916
1416,6772
1417,6862
1418,6885
1419,6975
1420,6819
1421,6775
1422,6859
1423,6847
1424,7026
1425,6797
1426,6777
1427,6904
1428,6788
1429,6779
1430,6965
1431,6844
1432,6772
1433,6860
1434,6934
1435,6872
1436,7019
1437,6859
1438,6817
1439,6868
1440,6866
1441,6853
1442,6860
1443,6937
1444,6781
1445,6797
1446,6703
1447,7021
1448,6846
1449,6881
1450,6960
1451,6947
1452,6910
1453,6979
1454,6692
1455,6950
1456,6774
1457,6980
1458,6893
1459,6868
1460,6757
1461,6901
1462,6706
1463,6829
1464,6756
1465,6798
1466,6896
1467,6866
1468,7026
1469,6870
1470,6921
1471,6974
1472,6810
1473,6767
1474,6881
1475,6917
1476,6763
1477,6846
1478,6809
1479,6993
1480,6911
1481,6813
1482,6780
1483,6770
1484,6871
1485,6789
1486,6940
1487,6787
1488,6867
1489,6880
1490,6824
1491,6842
1492,6885
1493,6980
1494,6623
1495,6676
1496,6736
1497,6758
1498,6873
1499,6831
1500,6845
1501,6834
1502,6819
1503,6917
1504,6816
1505,6776
1506,6851
1507,6799
1508,6918
1509,6794
1510,6815
1511,6848
1512,6793
1513,6729
1514,6839
1515,6728
1516,6855
1517,6695
1518,6889
1519,6790
1520,6953
1521,6785
1522,6931
1523,6806
1524,6746
1525,6803
1526,6796
1527,6657
1528,6876
1529,6811
1530,6919
1531,6850
1532,6851
1533,6852
1534,6792
1535,6604
1536,6814
1537,6915
1538,6943
1539,6785
1540,6848
1541,6844
1542,6770
1543,6880
1544,6892
1545,6972
1546,6662
1547,6747
1548,6794
1549,6771
1550,6751
1551,6782
1552,6899
1553,6712
1554,6935
1555,6961
1556,6885
1557,6767
1558,6984
1559,6952
1560,6762
1561,6835
1562,6865
1563,6832
1564,6891
1565,6819
1566,7039
1567,6849
1568,6859
1569,6943
1570,6907
1571,6887
1572,6698
1573,6811
1574,6821
1575,6850
1576,6911
1577,6755
1578,6930
1579,6872
1580,6843
1581,6773
1582,6729
1583,6754
1584,6903
1585,6908
1586,6725
1587,6727
1588,6918
1589,6844
1590,6860
1591,6724
1592,6930
1593,6876
1594,6870
1595,6917
1596,7056
1597,6935
1598,6929
1599,6782
1600,6738
1601,6746
1602,6850
1603,6877
1604,7049
1605,6777
1606,6829
1607,6745
1608,6968
1609,6918
1610,6864
1611,6801
1612,7051
1613,6797
1614,6804
1615,6928
1616,6786
1617,6833
1618,6746
1619,6857
1620,6863
1621,6853
1622,6832
1623,6845
1624,6757
1625,6763
1626,6799
1627,6840
1628,6910
1629,6809
1630,6843
1631,6737
1632,6748
1633,6765
1634,6671
1635,6999
1636,6941
1637,6899
1638,6861
1639,7031
1640,6829
1641,6975
1642,6815
1643,6842
1644,6900
1645,6847
1646,6711
1647,6821
1648,6616
1649,6827
1650,7008
1651,6892
1652,6704
1653,6947
1654,6779
1655,6928
1656,6712
1657,6789
1658,6892
1659,6725
1660,6944
1661,6815
1662,6833
1663,6878
1664,6944
1665,6848
1666,6727
1667,6892
1668,6900
1669,6851
1670,6849
1671,6947
1672,6870
1673,6847
1674,6920
1675,6786
1676,6857
1677,6863
1678,6832
1679,6827
1680,6736
1681,6658
1682,6909
1683,6875
1684,6918
1685,6903
1686,6810
1687,6777
1688,6777
1689,6928
1690,6793
1691,6748
1692,6905
1693,6903
1694,6854
1695,6805
1696,6805
1697,6893
1698,6814
1699,6735
1700,6706
1701,6733
1702,6908
1703,6874
1704,6879
1705,6725
1706,6791
1707,6708
1708,6908
1709,6793
1710,6818
1711,6786
1712,6860
1713,6802
1714,6836
1715,6862
1716,6926
1717,6869
1718,6798
1719,6787
1720,6858
1721,6705
1722,6987
1723,6821
1724,6774
1725,6831
1726,6942
1727,6945
1728,6833
1729,6860
1730,6845
1731,6931
1732,6992
1733,6803
1734,6934
1735,6903
1736,6908
1737,6894
1738,6783
1739,6902
1740,6907
1741,6844
1742,6977
1743,6759
1744,6780
1745,6761
1746,6911
1747,7008
1748,6689
1749,7042
1750,6856
1751,6785
1752,6771
1753,6977
1754,6878
1755,6669
1756,6834
1757,6862
1758,6945
1759,6925
1760,6761
1761,6938
1762,6709
1763,7049
1764,6750
1765,6738
1766,6816
1767,6818
1768,6792
1769,6628
1770,6885
1771,6824
1772,6855
1773,6653
1774,6826
1775,6797
1776,6915
1777,6918
1778,6781
1779,6894
1780,6792
1781,6837
1782,6772
1783,6798
1784,6875
1785,6840
1786,6795
1787,6866
1788,6967
1789,7003
1790,6893
1791,6958
1792,6851
1793,6906
1794,6752
1795,6867
1796,6914
1797,6808
1798,7005
1799,6621
1800,6925
1801,6889
1802,6859
1803,6807
1804,6874
1805,6858
1806,6807
1807,6761
1808,6827
1809,6902
1810,6855
1811,6949
1812,6615
1813,6855
1814,6826
1815,6981
1816,6862
1817,6928
1818,6952
1819,6772
1820,6679
1821,6894
1822,6716
1823,6758
1824,6824
1825,6830
1826,6817
1827,6977
1828,6793
1829,6880
1830,6877
1831,6811
1832,6853
1833,6767
1834,6924
1835,6746
1836,6982
1837,6887
1838,6937
1839,6654
1840,6870
1841,6936
1842,6917
1843,6891
1844,6904
1845,7039
1846,6891
1847,6894
1848,6741
1849,7127
1850,6828
1851,6867
1852,6890
1853,6787
1854,6803
1855,6826
1856,6811
1857,6796
1858,6970
1859,6788
1860,6638
1861,6826
1862,6971
1863,6900
1864,6762
1865,6755
1866,6771
1867,6911
1868,6887
1869,6741
1870,6866
1871,6719
1872,6835
1873,6795
1874,6761
1875,6717
1876,6912
1877,6917
1878,6942
1879,6766
1880,6800
1881,6822
1882,6763
1883,6839
1884,6880
1885,6809
1886,6883
1887,6791
1888,6960
1889,6744
1890,6842
1891,6812
1892,6810
1893,6957
1894,6877
1895,7036
1896,6888
1897,6698
1898,6799
1899,6916
1900,6807
1901,6819
1902,6840
1903,6795
1904,6869
1905,6912
1906,7092
1907,6981
1908,6886
1909,6999
1910,6873
1911,6944
1912,6818
1913,6901
1914,6760
1915,6857
1916,6881
1917,6784
1918,6869
1919,6799
1920,6741
1921,6856
1922,6774
1923,6841
1924,6875
1925,6783
1926,6789
1927,6902
1928,6740
1929,6825
1930,6843
1931,6809
1932,6957
1933,6875
1934,6853
1935,6720
1936,6917
1937,6799
1938,6954
1939,6728
1940,6759
1941,6684
1942,6933
1943,6912
1944,6817
1945,6940
1946,6704
1947,6915
1948,6737
1949,6982
1950,6777
1951,6755
1952,6867
1953,6837
1954,6873
1955,6876
1956,6744
1957,6754
1958,6816
1959,6901
1960,6785
1961,6970
1962,6887
1963,6832
1964,6729
1965,6926
1966,6859
1967,6963
1968,6583
1969,6744
1970,6729
1971,6896
1972,6755
1973,6825
1974,6818
1975,6826
1976,6896
1977,6848
1978,6937
1979,6925
1980,6756
1981,6892
1982,6895
1983,6895
1984,6812
1985,6991
1986,6718
1987,7034
1988,6955
1989,6793
1990,6796
1991,6934
1992,6803
1993,6929
1994,6778
1995,6916
1996,6835
1997,6848
1998,6929
1999,6847
2000,6800
2001,6972
2002,6796
2003,7045
2004,6875
2005,6822
2006,6844
2007,6853
2008,6653
2009,6833
2010,6757
2011,6830
2012,6871
2013,6861
2014,6823
2015,6824
2016,6930
2017,6884
2018,6793
2019,6933
2020,6705
2021,6853
2022,6757
2023,6780
2024,6774
2025,6794
2026,6863
2027,6768
2028,6783
2029,6966
2030,6838
2031,6961
2032,6846
2033,6875
2034,6838
2035,6845
2036,6868
2037,6922
2038,6972
2039,6837
2040,6875
2041,6632
2042,6792
2043,6947
2044,6945
2045,6797
2046,6941
2047,6826
2048,6757
2049,6846
2050,6860
2051,7017
2052,6819
2053,6753
2054,6789
2055,6810
2056,6791
2057,6858
2058,6856
2059,6874
2060,6744
2061,6873
2062,6808
2063,6776
2064,6813
2065,6746
2066,6935
2067,6918
2068,6831
2069,6851
2070,6709
2071,6773
2072,6806
2073,6685
2074,6840
2075,6913
2076,6886
2077,6995
2078,6564
2079,6872
2080,6968
2081,6812
2082,6936
2083,6834
2084,6901
2085,6854
2086,6779
2087,6693
2088,6844
2089,6809
2090,6891
2091,6773
2092,6920
2093,6871
2094,6943
2095,6982
2096,6853
2097,6656
2098,7126
2099,6884
2100,6801
2101,6768
2102,6603
2103,6812
2104,6877
2105,6869
2106,6744
2107,6835
2108,6891
2109,6695
2110,6842
2111,6883
2112,6795
2113,6863
2114,6828
2115,6883
2116,6722
2117,6829
2118,6887
2119,6800
2120,6904
2121,6808
2122,6914
2123,6834
2124,6653
2125,6840
2126,7028
2127,6796
2128,6860
2129,6852
2130,6805
2131,6912
2132,6858
2133,6845
2134,6868
2135,6733
2136,6827
2137,7022
2138,6832
2139,6813
2140,6798
2141,6831
2142,6776
2143,6833
2144,6782
2145,6992
2146,6785
2147,6769
2148,7056
2149,6862
2150,6763
2151,6933
2152,6933
2153,6818
2154,6910
2155,6842
2156,6914
2157,6906
2158,6852
2159,6830
2160,6969
2161,6840
2162,6795
2163,6888
2164,6761
2165,6780
2166,6814
2167,6821
2168,6843
2169,6959
2170,6929
2171,6807
2172,6825
2173,6896
2174,6849
2175,6776
2176,6773
2177,6938
2178,6768
2179,6735
2180,6691
2181,6982
2182,6701
2183,7041
2184,6738
2185,6884
2186,6722
2187,6809
2188,6851
2189,6731
2190,7051
2191,6880
2192,6857
2193,6800
2194,6745
2195,6891
2196,6856
2197,6915
2198,6890
2199,6800
2200,6858
2201,6924
2202,6776
2203,6775
2204,6801
2205,6770
2206,6696
2207,6838
2208,6879
2209,6846
2210,6975
2211,6931
2212,6849
2213,6771
2214,6829
2215,6830
2216,6927
2217,6835
2218,6790
2219,6870
2220,6740
2221,6796
2222,6944
2223,6922
2224,6794
2225,6900
2226,6922
2227,6797
2228,6846
2229,6877
2230,6953
2231,6867
2232,6799
2233,6900
2234,6855
2235,6843
2236,6786
2237,6828
2238,6798
2239,6779
2240,6818
2241,6815
2242,6770
2243,6922
2244,6777
2245,6748
2246,6926
2247,6726
2248,6873
2249,6754
2250,6955
2251,6781
2252,6960
2253,6828
2254,6708
2255,6925
2256,6848
2257,6911
2258,6745
2259,6734
2260,6893
2261,6893
2262,6785
2263,6773
2264,6906
2265,6700
2266,6925
2267,6854
2268,6832
2269,6937
2270,7010
2271,6909
2272,6681
2273,6722
2274,6856
2275,6818
2276,6769
2277,6797
2278,6726
2279,6771
2280,6900
2281,6816
2282,6863
2283,6801
2284,6770
2285,6748
2286,6860
2287,6875
2288,6729
2289,6865
2290,6746
2291,6803
2292,6797
2293,6972
2294,6885
2295,6783
2296,6865
2297,6852
2298,6764
2299,6885
2300,6722
2301,6831
2302,6852
2303,6841
2304,6899
2305,6850
2306,6801
2307,6998
2308,6751
2309,6909
2310,6858
2311,6816
2312,6936
2313,6699
2314,6874
2315,6842
2316,6851
2317,6640
2318,6779
2319,6913
2320,6787
2321,6828
2322,6873
2323,6831
2324,6837
2325,6883
2326,6864
2327,6934
2328,6809
2329,6810
2330,6918
2331,6915
2332,6665
2333,6869
2334,7017
2335,6936
2336,6911
2337,6781
2338,6803
2339,6856
2340,6892
2341,6952
2342,6793
2343,6694
2344,6842
2345,6924
2346,6785
2347,6991
2348,6900
2349,6897
2350,6995
2351,6970
2352,6626
2353,6837
2354,6825
2355,6854
2356,6727
2357,6804
2358,7031
2359,6734
2360,6774
2361,6777
2362,6979
2363,6744
2364,6813
2365,6798
2366,6841
2367,6948
2368,6866
2369,6818
2370,6731
2371,6965
2372,6771
2373,6844
2374,6903
2375,6858
2376,6935
2377,6884
2378,6773
2379,6910
2380,6889
2381,6871
2382,6799
2383,6825
2384,6854
2385,6946
2386,6816
2387,6720
2388,7015
2389,6952
2390,6669
2391,6763
2392,6771
2393,6911
2394,7004
2395,6974
2396,6913
2397,6908
2398,6897
2399,6742
2400,6827
2401,6861
2402,6920
2403,6841
2404,7016
2405,6724
2406,6782
2407,6808
2408,6682
2409,6846
2410,6893
2411,6939
2412,6853
2413,6715
2414,6891
2415,6923
2416,6679
2417,6949
2418,6861
2419,6895
2420,6837
2421,6886
2422,6774
2423,6844
2424,6978
2425,7006
2426,6825
2427,6745
2428,6792
2429,6758
2430,6885
2431,6880
2432,6686
2433,6900
2434,6835
2435,6853
2436,6780
2437,6846
2438,6981
2439,6869
2440,6748
2441,6757
2442,6753
2443,6988
2444,6804
2445,6815
2446,6854
2447,6778
2448,6899
2449,6854
2450,6831
2451,6801
2452,6916
2453,6875
2454,6797
2455,6791
2456,6781
2457,6971
2458,6778
2459,6873
2460,6798
2461,6853
2462,6703
2463,6884
2464,6844
2465,6871
2466,6962
2467,6902
2468,6822
2469,6862
2470,6746
2471,6758
2472,6861
2473,6912
2474,6717
2475,6814
2476,6742
2477,6817
2478,6786
2479,6907
2480,6879
2481,6797
2482,6822
2483,6862
2484,6762
2485,6912
2486,6700
2487,6883
2488,6819
2489,6741
2490,6950
2491,6983
2492,6842
2493,6865
2494,6755
2495,6869
2496,6857
2497,6814
2498,6862
2499,6914
2500,6920
2501,6876
2502,6845
2503,6855
2504,6950
2505,6726
2506,6902
2507,6885
2508,6974
2509,6875
2510,6931
2511,6832
2512,6933
2513,6665
2514,6706
2515,6789
2516,6809
2517,6932
2518,6873
2519,6831
2520,6962
2521,6687
2522,6831
2523,6769
2524,6885
2525,6915
2526,7007
2527,6852
2528,6768
2529,6937
2530,6806
2531,6922
2532,6794
2533,6711
2534,6744
2535,6832
2536,6771
2537,6820
2538,6745
2539,6830
2540,6805
2541,6882
2542,6828
2543,6956
2544,6806
2545,6870
2546,6886
2547,6903
2548,6823
2549,6886
2550,6806
2551,6788
2552,6859
2553,6703
2554,6856
2555,6744
2556,6937
2557,6787
2558,6914
2559,6927
2560,6864
2561,6640
2562,6799
2563,6780
2564,6746
2565,6726
2566,6789
2567,6999
2568,6831
2569,6929
2570,6849
2571,6887
2572,6960
2573,6683
2574,6763
2575,6742
2576,6764
2577,6834
2578,6792
2579,6787
2580,6791
2581,6887
2582,6772
2583,6931
2584,6880
2585,6906
2586,6876
2587,6998
2588,6787
2589,6790
2590,6678
2591,6943
2592,6824
2593,6836
2594,6788
2595,6835
2596,6859
2597,6801
2598,6812
2599,6755
2600,6801
2601,6811
2602,6896
2603,6888
2604,6734
2605,6942
2606,6924
2607,6846
2608,6823
2609,6944
2610,6844
2611,6798
2612,6850
2613,6843
2614,6916
2615,6904
2616,6680
2617,6894
2618,6947
2619,6779
2620,6656
2621,6941
2622,6837
2623,6726
2624,6843
2625,6905
2626,6849
2627,6851
2628,6738
2629,6858
2630,6874
2631,6730
2632,6747
2633,6840
2634,6789
2635,6930
2636,6889
2637,6815
2638,6777
2639,6747
2640,6860
2641,6623
2642,6911
2643,6848
2644,6745
2645,6868
2646,6850
2647,6798
2648,6722
2649,6735
2650,6791
2651,6924
2652,6718
2653,6769
2654,6870
2655,6765
2656,6905
2657,6811
2658,6790
2659,6844
2660,7026
2661,6857
2662,6866
2663,6766
2664,6906
2665,6808
2666,6900
2667,6860
2668,6733
2669,6908
2670,6826
2671,6798
2672,6977
2673,6867
2674,6840
2675,6892
2676,6780
2677,6751
2678,6706
2679,6894
2680,6712
2681,6740
2682,6828
2683,6762
2684,6905
2685,6844
2686,6782
2687,6785
2688,6800
2689,6813
2690,6691
2691,6907
2692,6839
2693,6820
2694,6937
2695,6726
2696,6671
2697,6726
2698,6896
2699,6976
2700,6853
2701,6656
2702,6900
2703,6753
2704,6753
2705,6916
2706,7018
2707,6916
2708,6859
2709,6863
2710,6679
2711,6704
2712,6828
2713,6790
2714,6875
2715,6832
2716,6757
2717,7008
2718,6757
2719,6896
2720,6761
2721,6936
2722,6892
2723,6732
2724,6770
2725,6829
2726,6925
2727,6871
2728,6805
2729,6861
2730,6852
2731,6828
2732,6842
2733,6955
2734,6718
2735,6761
2736,6876
2737,6851
2738,6674
2739,6816
2740,6750
2741,6907
2742,6911
2743,6926
2744,6877
2745,6713
2746,6884
2747,6747
2748,6840
2749,6952
2750,6863
2751,6890
2752,6877
2753,6905
2754,6628
2755,6866
2756,6715
2757,6777
2758,6750
2759,6733
2760,6860
2761,7007
2762,6922
2763,6916
2764,6926
2765,6753
2766,6821
2767,6874
2768,6804
2769,6767
2770,6944
2771,6839
2772,6785
2773,6900
2774,6718
2775,6840
2776,6841
2777,6668
2778,6881
2779,6692
2780,6852
2781,6830
2782,6844
2783,6725
2784,6955
2785,6886
2786,6664
2787,6786
2788,6842
2789,6882
2790,6734
2791,6765
2792,6839
2793,6864
2794,6834
2795,6870
2796,6743
2797,6765
2798,6881
2799,6751
2800,6593
2801,6956
2802,6919
2803,6784
2804,6866
2805,6959
2806,6789
2807,6842
2808,6950
2809,6697
2810,6683
2811,6679
2812,6600
2813,7031
2814,6856
2815,6883
2816,6821
2817,6896
2818,6757
2819,6966
2820,6846
2821,6858
2822,6829
2823,6778
2824,6936
2825,6920
2826,6793
2827,6785
2828,7007
2829,6765
2830,6844
2831,6721
2832,6763
2833,6985
2834,6796
2835,7045
2836,6948
2837,6914
2838,6820
2839,6845
2840,6908
2841,6867
2842,6782
2843,6943
2844,6886
2845,6770
2846,6777
2847,6756
2848,6837
2849,6875
2850,6760
2851,6785
2852,6901
2853,6985
2854,6801
2855,6863
2856,6895
2857,6836
2858,6858
2859,6892
2860,6880
2861,6761
2862,6766
2863,6986
2864,6676
2865,6796
2866,6851
2867,6858
2868,6991
2869,6964
2870,6891
2871,6821
2872,6751
2873,6851
2874,6908
2875,6894
2876,6786
2877,6902
2878,6942
2879,6918
2880,6778
2881,6898
2882,6861
2883,6869
2884,6905
2885,6814
2886,6827
2887,6793
2888,7014
2889,6908
2890,6764
2891,6818
2892,6910
2893,6895
2894,6998
2895,6873
2896,6856
2897,6833
2898,6928
2899,6858
2900,6874
2901,6713
2902,6885
2903,6778
2904,6927
2905,6694
2906,6907
2907,6786
2908,6906
2909,6923
2910,6849
2911,6908
2912,6841
2913,7001
2914,6897
2915,6927
2916,6796
2917,6837
2918,6842
2919,6938
2920,6743
2921,6898
2922,6789
2923,6793
2924,6835
2925,6861
2926,6820
2927,6715
2928,6783
2929,6834
2930,6716
2931,6964
2932,6823
2933,6928
2934,6645
2935,6941
2936,6936
2937,6841
2938,7117
2939,6816
2940,6769
2941,6773
2942,6799
2943,6850
2944,6915
2945,6969
2946,6887
2947,6926
2948,6819
2949,6796
2950,6884
2951,6731
2952,6854
2953,6848
2954,6831
2955,6667
2956,6768
2957,6881
2958,6968
2959,6736
2960,6918
2961,6840
2962,6921
2963,6895
2964,6855
2965,6714
2966,6852
2967,6745
2968,6745
2969,6681
2970,6863
2971,6851
2972,6693
2973,6866
2974,6838
2975,6813
2976,6869
2977,6911
2978,6859
2979,6834
2980,7013
2981,6939
2982,6697
2983,6909
2984,6751
2985,6822
2986,6967
2987,6785
2988,6901
2989,6654
2990,6850
2991,6958
2992,6764
2993,6782
2994,6756
2995,6758
2996,6941
2997,6857
2998,6853
2999,6983
3000,6912
3001,6705
3002,6939
3003,6897
3004,6798
3005,6988
3006,6801
3007,6846
3008,6749
3009,6844
3010,6813
3011,6632
3012,6834
3013,6732
3014,6942
3015,7040
3016,6774
3017,6788
3018,6857
3019,6762
3020,6849
3021,6904
3022,6914
3023,6788
3024,7085
3025,6867
3026,6812
3027,6984
3028,6790
3029,6754
3030,6782
3031,6623
3032,6838
3033,6858
3034,6802
3035,6867
3036,6663
3037,6787
3038,6805
3039,6796
3040,6871
3041,6827
3042,6752
3043,6919
3044,6655
3045,6930
3046,6883
3047,6811
3048,6893
3049,6952
3050,6889
3051,6905
3052,6841
3053,6787
3054,6869
3055,6849
3056,6834
3057,6939
3058,6781
3059,6867
3060,6932
3061,6749
3062,6935
3063,6889
3064,6755
3065,6763
3066,6825
3067,6796
3068,6728
3069,6933
3070,6869
3071,6870
3072,6934
3073,6834
3074,6954
3075,7071
3076,6889
3077,6871
3078,6871
3079,6995
3080,6766
3081,6889
3082,6790
3083,6732
3084,6814
3085,6848
3086,6938
3087,6912
3088,6745
3089,6766
3090,6822
3091,6898
3092,6797
3093,6878
3094,6773
3095,6727
3096,6832
3097,6775
3098,6696
3099,6889
3100,6878
3101,6991
3102,7001
3103,6857
3104,6712
3105,6832
3106,6967
3107,6795
3108,6962
3109,7006
3110,6799
3111,7001
3112,6664
3113,6699
3114,6783
3115,6848
3116,6936
3117,6919
3118,6798
3119,6748
3120,6946
3121,6843
3122,6864
3123,6625
3124,6864
3125,6846
3126,6910
3127,6809
3128,6899
3129,6877
3130,6812
3131,6915
3132,6793
3133,6779
3134,6870
3135,6846
3136,6783
3137,6736
3138,6973
3139,6815
3140,6746
3141,6752
3142,6716
3143,6867
3144,6756
3145,6947
3146,6795
3147,6870
3148,6706
3149,6760
3150,6835
3151,6966
3152,6777
3153,6688
3154,6821
3155,7002
3156,7000
3157,6799
3158,6842
3159,6855
3160,6787
3161,6846
3162,6934
3163,6787
3164,6850
3165,6812
3166,6951
3167,6866
3168,6913
3169,6718
3170,6852
3171,6817
3172,6925
3173,7006
3174,6756
3175,6878
3176,6870
3177,6777
3178,6840
3179,6739
3180,6719
3181,6801
3182,6845
3183,6839
3184,6793
3185,6822
3186,6849
3187,6759
3188,6961
3189,6943
3190,6854
3191,6935
3192,6877
3193,6908
3194,6866
3195,6875
3196,6818
3197,6916
3198,6893
3199,6897
3200,6851
3201,6814
3202,6914
3203,6922
3204,6869
3205,6764
3206,6796
3207,6875
3208,6749
3209,6924
3210,6816
3211,6872
3212,6866
3213,6767
3214,6872
3215,6849
3216,6685
3217,6752
3218,6648
3219,6771
3220,6761
3221,6679
3222,6860
3223,6904
3224,6807
3225,6819
3226,7060
3227,6742
3228,6776
3229,6764
3230,6715
3231,6963
3232,6780
3233,6957
3234,6853
3235,6924
3236,6837
3237,6908
3238,6685
3239,6816
3240,6832
3241,6972
3242,6838
3243,6796
3244,6814
3245,6757
3246,6704
3247,6865
3248,6851
3249,6860
3250,6994
3251,6757
3252,6942
3253,6988
3254,6746
3255,6756
3256,6787
3257,6844
3258,6845
3259,6834
3260,6841
3261,6794
3262,6852
3263,6729
3264,6935
3265,6946
3266,6818
3267,6854
3268,6983
3269,6834
3270,6859
3271,6881
3272,6980
3273,6916
3274,6769
3275,6739
3276,6967
3277,6987
3278,6837
3279,6885
3280,6783
3281,6820
3282,6838
3283,6765
3284,6811
3285,6730
3286,6767
3287,6842
3288,6917
3289,6708
3290,6859
3291,6997
3292,6814
3293,6968
3294,6798
3295,6710
3296,6777
3297,6753
3298,6796
3299,6821
3300,6964
3301,6668
3302,6907
3303,6968
3304,6972
3305,6966
3306,6977
3307,6815
3308,6881
3309,6820
3310,6651
3311,6758
3312,6887
3313,6818
3314,6903
3315,6748
3316,6882
3317,6856
3318,6823
3319,6815
3320,6957
3321,6836
3322,6836
3323,6778
3324,6755
3325,6783
3326,6861
3327,6810
3328,6802
3329,6757
3330,6683
3331,6904
3332,6802
3333,6808
3334,6762
3335,6980
3336,6941
3337,6928
3338,6783
3339,6841
3340,6955
3341,6891
3342,6882
3343,6859
3344,6957
3345,6969
3346,7057
3347,6806
3348,6668
3349,6877
3350,6796
3351,6805
3352,6877
3353,6791
3354,6802
3355,6715
3356,6829
3357,6917
3358,6914
3359,6840
3360,6800
3361,6822
3362,6953
3363,6828
3364,6867
3365,6804
3366,6734
3367,6721
3368,6805
3369,6924
3370,6806
3371,6890
3372,6942
3373,6773
3374,6965
3375,6802
3376,6800
3377,6855
3378,6780
3379,6756
3380,6890
3381,6773
3382,6746
3383,6846
3384,6816
3385,6864
3386,6767
3387,6884
3388,6843
3389,6884
3390,6830
3391,6715
3392,6977
3393,6770
3394,6834
3395,6893
3396,6830
3397,6924
3398,6876
3399,6841
3400,6881
3401,6967
3402,6934
3403,6791
3404,6814
3405,6904
3406,6920
3407,6752
3408,6923
3409,6994
3410,6876
3411,7009
3412,6766
3413,6927
3414,6810
3415,6846
3416,6723
3417,6946
3418,6823
3419,6845
3420,6670
3421,6779
3422,6750
3423,6775
3424,6945
3425,6860
3426,6939
3427,6701
3428,6906
3429,6965
3430,6893
3431,6858
3432,6786
3433,6804
3434,6886
3435,6910
3436,6996
3437,6817
3438,6887
3439,6914
3440,6713
3441,6889
3442,6889
3443,6712
3444,6822
3445,6892
3446,6885
3447,6881
3448,6708
3449,6796
3450,6745
3451,6949
3452,6791
3453,6852
3454,6869
3455,6735
3456,6910
3457,6686
3458,6955
3459,6806
3460,6824
3461,6835
3462,6813
3463,6803
3464,6813
3465,6767
3466,6818
3467,7026
3468,6950
3469,6750
3470,6806
3471,6731
3472,6834
3473,6846
3474,6843
3475,6824
3476,6979
3477,6981
3478,6911
3479,6996
3480,6842
3481,6807
3482,7000
3483,6685
3484,6872
3485,6810
3486,6859
3487,6994
3488,6924
3489,6672
3490,6898
3491,6924
3492,6859
3493,6800
3494,6844
3495,6771
3496,6860
3497,6905
3498,6763
3499,6795
3500,6721
3501,6808
3502,6836
3503,6832
3504,6806
3505,6712
3506,6977
3507,6884
3508,6878
3509,6853
3510,6854
3511,6773
3512,6908
3513,6920
3514,6808
3515,6813
3516,6893
3517,6787
3518,6754
3519,6969
3520,6927
3521,6944
3522,6856
3523,6995
3524,6896
3525,6713
3526,6781
3527,6718
3528,6921
3529,7006
3530,7041
3531,6843
3532,6866
3533,6941
3534,6814
3535,6811
3536,6904
3537,6841
3538,6974
3539,6934
3540,6847
3541,6829
3542,6856
3543,6843
3544,6894
3545,6831
3546,6956
3547,6783
3548,6688
3549,6764
3550,6967
3551,6844
3552,6881
3553,6848
3554,6748
3555,6868
3556,6874
3557,6960
3558,6766
3559,6689
3560,6756
3561,6927
3562,6833
3563,6871
3564,6840
3565,6911
3566,6772
3567,6853
3568,6731
3569,6965
3570,6869
3571,6867
3572,6894
3573,6932
3574,6779
3575,6881
3576,6820
3577,6802
3578,6852
3579,6872
3580,6848
3581,6875
3582,6881
3583,6797
3584,6893
3585,6899
3586,6769
3587,6886
3588,6759
3589,6800
3590,6668
3591,6915
3592,6848
3593,6813
3594,6826
3595,6788
3596,6873
3597,6922
3598,6776
3599,6921
3600,6991
3601,6633
3602,6868
3603,6923
3604,6963
3605,7000
3606,6877
3607,6895
3608,6778
3609,6866
3610,6995
3611,6791
3612,6874
3613,6871
3614,6801
3615,6787
3616,6717
3617,6819
3618,6872
3619,6909
3620,6585
3621,6774
3622,6814
3623,6853
3624,6951
3625,6844
3626,6910
3627,6717
3628,6855
3629,6778
3630,6889
3631,6806
3632,6832
3633,6779
3634,6836
3635,6936
3636,6907
3637,6775
3638,6800
3639,6909
3640,6799
3641,6916
3642,6868
3643,6790
3644,6855
3645,6755
3646,6891
3647,6779
3648,7000
3649,6789
3650,6957
3651,6819
3652,6829
3653,6753
3654,6785
3655,6912
3656,6833
3657,6676
3658,6824
3659,6753
3660,6928
3661,6786
3662,6811
3663,6977
3664,6946
3665,6786
3666,6796
3667,6793
3668,6816
3669,6816
3670,6859
3671,6810
3672,6986
3673,6950
3674,6626
3675,6867
3676,6822
3677,6828
3678,6768
3679,6854
3680,6757
3681,6899
3682,6808
3683,6759
3684,7082
3685,6765
3686,6955
3687,6881
3688,6735
3689,6748
3690,6905
3691,6913
3692,6798
3693,6709
3694,6905
3695,6744
3696,6955
3697,6809
3698,6791
3699,7003
3700,6864
3701,6855
3702,6893
3703,6907
3704,6895
3705,6968
3706,6839
3707,6800
3708,6980
3709,6873
3710,6792
3711,6849
3712,6880
3713,6796
3714,6809
3715,6964
3716,6913
3717,6790
3718,6988
3719,6905
3720,6810
3721,6805
3722,6780
3723,6726
3724,7041
3725,6823
3726,6828
3727,6773
3728,6963
3729,6908
3730,6963
3731,6754
3732,6847
3733,6831
3734,6832
3735,6839
3736,6924
3737,6916
3738,6846
3739,6850
3740,6861
3741,6795
3742,6927
3743,6828
3744,6822
3745,6820
3746,6762
3747,6664
3748,6848
3749,6681
3750,6802
3751,6824
3752,6838
3753,6894
3754,6930
3755,6937
3756,6857
3757,6881
3758,6900
3759,6787
3760,6901
3761,6810
3762,6683
3763,6933
3764,6877
3765,6874
3766,6846
3767,6723
3768,6892
3769,6865
3770,6751
3771,6933
3772,6891
3773,6814
3774,6863
3775,6841
3776,6919
3777,6777
3778,6733
3779,6985
3780,6950
3781,6762
3782,6812
3783,6990
3784,6734
3785,6889
3786,6825
3787,6703
3788,6870
3789,6810
3790,6794
3791,6765
3792,6772
3793,7033
3794,6880
3795,6799
3796,6953
3797,6734
3798,6729
3799,6857
3800,6821
3801,6807
3802,6837
3803,6696
3804,6783
3805,6879
3806,6680
3807,6921
3808,6919
3809,6818
3810,6798
3811,6938
3812,6795
3813,6800
3814,6801
3815,6817
3816,6703
3817,6960
3818,6776
3819,6870
3820,6862
3821,6899
3822,6813
3823,6946
3824,6755
3825,6903
3826,6917
3827,6740
3828,6896
3829,6820
3830,6895
3831,6837
3832,6734
3833,6936
3834,6927
3835,6858
3836,6887
3837,6773
3838,6750
3839,6853
3840,6942
3841,6851
3842,6843
3843,6707
3844,6895
3845,6928
3846,6788
3847,6852
3848,6805
3849,6886
3850,7003
3851,6925
3852,6886
3853,6907
3854,6810
3855,6865
3856,6772
3857,6894
3858,6822
3859,6803
3860,6830
3861,6881
3862,6678
3863,6710
3864,6900
3865,6752
3866,6730
3867,6831
3868,6819
3869,6949
3870,6932
3871,6901
3872,6897
3873,6892
3874,6877
3875,6843
3876,6891
3877,6829
3878,6763
3879,6884
3880,6814
3881,6825
3882,6751
3883,6979
3884,6719
3885,6741
3886,6662
3887,6761
3888,6804
3889,6889
3890,6944
3891,7012
3892,6918
3893,6699
3894,6897
3895,6880
3896,7002
3897,6838
3898,6873
3899,6856
3900,6926
3901,6882
3902,6788
3903,6962
3904,6876
3905,6863
3906,6884
3907,6895
3908,6861
3909,6828
3910,6921
3911,6730
3912,6887
3913,6761
3914,6718
3915,6862
3916,6965
3917,6980
3918,7066
3919,6838
3920,6981
3921,6909
3922,6818
3923,7017
3924,6921
3925,6806
3926,6991
3927,6844
3928,6825
3929,6918
3930,6897
3931,6805
3932,6876
3933,6877
3934,6690
3935,6836
3936,7000
3937,6847
3938,6852
3939,6870
3940,6774
3941,6774
3942,6751
3943,6771
3944,6827
3945,6777
3946,6934
3947,6633
3948,6753
3949,6999
3950,6806
3951,6784
3952,6794
3953,6807
3954,6782
3955,6749
3956,6774
3957,6892
3958,6811
3959,6901
3960,6978
3961,6827
3962,6935
3963,6909
3964,6886
3965,6761
3966,6801
3967,6935
3968,6754
3969,6839
3970,6909
3971,6840
3972,6848
3973,6843
3974,6901
3975,6715
3976,6904
3977,6687
3978,6851
3979,6801
3980,6915
3981,6793
3982,6943
3983,6761
3984,6955
3985,6874
3986,6892
3987,6873
3988,6916
3989,6763
3990,6909
3991,6732
3992,6905
3993,6684
3994,6682
3995,6755
3996,6783
3997,6874
3998,6837
3999,6788
4000,6853
4001,6853
4002,6755
4003,6745
4004,6879
4005,6739
4006,6907
4007,6674
4008,6723
4009,6809
4010,6689
4011,6967
4012,6894
4013,6847
4014,6722
4015,6851
4016,6715
4017,6905
4018,6823
4019,6727
4020,6778
4021,6866
4022,6758
4023,6854
4024,6835
4025,6742
4026,6777
4027,6860
4028,6876
4029,6720
4030,6881
4031,6858
4032,6832
4033,6825
4034,6714
4035,6849
4036,6911
4037,6909
4038,6960
4039,6667
4040,6764
4041,6712
4042,6717
4043,6808
4044,6887
4045,6879
4046,6892
4047,6839
4048,6964
4049,6827
4050,6923
4051,7022
4052,6810
4053,6712
4054,6847
4055,6785
4056,6927
4057,6874
4058,6879
4059,6786
4060,6798
4061,6837
4062,6849
4063,6838
4064,6792
4065,6947
4066,7074
4067,6831
4068,6876
4069,6718
4070,6869
4071,6751
4072,6910
4073,6893
4074,6970
4075,6672
4076,6812
4077,6912
4078,6796
4079,6910
4080,6931
4081,6851
4082,6943
4083,6851
4084,6874
4085,6880
4086,6799
4087,6850
4088,6814
4089,6928
4090,6899
4091,6924
4092,6789
4093,6795
4094,6808
4095,6791
