0,1812
1,1753
2,1719
3,1791
4,1745
5,1700
6,1723
7,1692
8,1754
9,1823
10,1741
11,1819
12,1789
13,1803
14,1756
15,1827
16,1729
17,1771
18,1684
19,1774
20,1773
21,1773
22,1800
23,1802
24,1758
25,1785
26,1794
27,1774
28,1694
29,1759
30,1789
31,1811
32,1729
33,1710
34,1766
35,1739
36,1769
37,1719
38,1717
39,1800
40,1748
41,1743
42,1736
43,1780
44,1746
45,1680
46,1724
47,1753
48,1723
49,1757
50,1738
51,1794
52,1714
53,1785
54,1695
55,1660
56,1780
57,1832
58,1744
59,1720
60,1676
61,1762
62,1745
63,1753
64,1707
65,1763
66,1802
67,1729
68,1733
69,1740
70,1740
71,1736
72,1726
73,1726
74,1685
75,1758
76,1811
77,1701
78,1700
79,1758
80,1854
81,1709
82,1707
83,1690
84,1738
85,1698
86,1750
87,1806
88,1798
89,1755
90,1711
91,1714
92,1804
93,1676
94,1761
95,1751
96,1802
97,1800
98,1786
99,1784
100,1770
101,1779
102,1848
103,1806
104,1709
105,1736
106,1722
107,1796
108,1776
109,1706
110,1798
111,1770
112,1797
113,1841
114,1767
115,1667
116,1749
117,1720
118,1729
119,1767
120,1813
121,1815
122,1742
123,1818
124,1683
125,1727
126,1769
127,1739
128,1732
129,1715
130,1714
131,1730
132,1758
133,1803
134,1686
135,1681
136,1743
137,1733
138,1749
139,1726
140,1751
141,1764
142,1682
143,1709
144,1780
145,1751
146,1722
147,1730
148,1726
149,1777
150,1732
151,1818
152,1790
153,1806
154,1754
155,1641
156,1751
157,1717
158,1738
159,1717
160,1783
161,1725
162,1765
163,1738
164,1738
165,1756
166,1713
167,1824
168,1675
169,1774
170,1729
171,1770
172,1720
173,1786
174,1843
175,1701
176,1685
177,1792
178,1722
179,1748
180,1691
181,1739
182,1759
183,1802
184,1762
185,1694
186,1817
187,1804
188,1717
189,1718
190,1666
191,1785
192,1730
193,1784
194,1727
195,1754
196,1694
197,1770
198,1840
199,1739
200,1749
201,1739
202,1771
203,1735
204,1729
205,1785
206,1763
207,1770
208,1773
209,1781
210,1762
211,1777
212,1732
213,1786
214,1676
215,1834
216,1737
217,1809
218,1762
219,1765
220,1799
221,1807
222,1751
223,1743
224,1706
225,1677
226,1720
227,1789
228,1748
229,1731
230,1791
231,1714
232,1747
233,1837
234,1748
235,1784
236,1775
237,1796
238,1679
239,1782
240,1808
241,1747
242,1764
243,1745
244,1695
245,1763
246,1744
247,1754
248,1725
249,1676
250,1814
251,1738
252,1782
253,1726
254,1732
255,1764
256,1773
257,1764
258,1682
259,1736
260,1778
261,1735
262,1721
263,1781
264,1715
265,1799
266,1766
267,1773
268,1686
269,1753
270,1777
271,1727
272,1695
273,1855
274,1800
275,1790
276,1794
277,1801
278,1809
279,1737
280,1790
281,1690
282,1744
283,1788
284,1710
285,1667
286,1689
287,1718
288,1793
289,1749
290,1786
291,1855
292,1716
293,1725
294,1763
295,1805
296,1741
297,1755
298,1743
299,1745
300,1770
301,1735
302,1787
303,1673
304,1751
305,1734
306,1714
307,1677
308,1722
309,1789
310,1795
311,1740
312,1740
313,1728
314,1774
315,1720
316,1775
317,1726
318,1749
319,1690
320,1691
321,1798
322,1766
323,1788
324,1754
325,1696
326,1728
327,1811
328,1748
329,1726
330,1712
331,1760
332,1772
333,1750
334,1790
335,1668
336,1781
337,1727
338,1747
339,1709
340,1750
341,1699
342,1681
343,1742
344,1801
345,1773
346,1730
347,1761
348,1757
349,1749
350,1682
351,1719
352,1764
353,1716
354,1825
355,1784
356,1772
357,1767
358,1811
359,1792
360,1745
361,1725
362,1744
363,1745
364,1698
365,1761
366,1750
367,1758
368,1762
369,1720
370,1750
371,1834
372,1773
373,1806
374,1675
375,1762
376,1718
377,1809
378,1731
379,1759
380,1708
381,1722
382,1759
383,1746
384,1740
385,1787
386,1643
387,1802
388,1714
389,1811
390,1806
391,1833
392,1706
393,1721
394,1726
395,1796
396,1705
397,1759
398,1795
399,1745
400,1679
401,1764
402,1715
403,1682
404,1756
405,1717
406,1693
407,1778
408,1680
409,1709
410,1732
411,1693
412,1802
413,1767
414,1714
415,1726
416,1854
417,1786
418,1775
419,1888
420,1757
421,1777
422,1740
423,1712
424,1722
425,1815
426,1762
427,1759
428,1739
429,1766
430,1804
431,1808
432,1781
433,1689
434,1668
435,1776
436,1657
437,1736
438,1796
439,1716
440,1741
441,1767
442,1661
443,1802
444,1790
445,1711
446,1787
447,1755
448,1740
449,1763
450,1775
451,1795
452,1664
453,1786
454,1725
455,1799
456,1761
457,1715
458,1840
459,1774
460,1777
461,1706
462,1727
463,1663
464,1731
465,1760
466,1694
467,1759
468,1801
469,1704
470,1728
471,1764
472,1724
473,1786
474,1830
475,1748
476,1835
477,1771
478,1732
479,1690
480,1758
481,1726
482,1782
483,1775
484,1708
485,1678
486,1708
487,1780
488,1735
489,1725
490,1793
491,1750
492,1771
493,1756
494,1746
495,1720
496,1741
497,1793
498,1792
499,1666
500,1830
501,1709
502,1706
503,1680
504,1763
505,1793
506,1736
507,1763
508,1824
509,1840
510,1754
511,1740
512,1771
513,1711
514,1789
515,1726
516,1724
517,1752
518,1752
519,1725
520,1771
521,1696
522,1749
523,1750
524,1781
525,1754
526,1751
527,1789
528,1829
529,1746
530,1772
531,1774
532,1784
533,1803
534,1738
535,1746
536,1804
537,1728
538,1695
539,1761
540,1759
541,1780
542,1731
543,1738
544,1745
545,1768
546,1711
547,1739
548,1722
549,1772
550,1750
551,1730
552,1770
553,1698
554,1754
555,1746
556,1755
557,1740
558,1697
559,1732
560,1817
561,1819
562,1745
563,1757
564,1754
565,1757
566,1779
567,1786
568,1770
569,1688
570,1713
571,1828
572,1736
573,1716
574,1748
575,1741
576,1746
577,1782
578,1757
579,1721
580,1762
581,1752
582,1728
583,1734
584,1697
585,1836
586,1735
587,1688
588,1714
589,1761
590,1783
591,1780
592,1750
593,1840
594,1733
595,1695
596,1767
597,1811
598,1717
599,1734
600,1727
601,1697
602,1731
603,1710
604,1769
605,1711
606,1717
607,1730
608,1713
609,1759
610,1679
611,1806
612,1798
613,1749
614,1708
615,1705
616,1767
617,1725
618,1752
619,1756
620,1815
621,1732
622,1735
623,1724
624,1762
625,1731
626,1771
627,1688
628,1727
629,1719
630,1680
631,1783
632,1770
633,1674
634,1810
635,1750
636,1696
637,1734
638,1730
639,1745
640,1731
641,1720
642,1714
643,1788
644,1777
645,1699
646,1798
647,1747
648,1807
649,1782
650,1790
651,1639
652,1723
653,1758
654,1796
655,1731
656,1748
657,1860
658,1748
659,1702
660,1728
661,1753
662,1737
663,1717
664,1759
665,1810
666,1696
667,1759
668,1806
669,1755
670,1794
671,1812
672,1716
673,1802
674,1656
675,1779
676,1695
677,1743
678,1749
679,1799
680,1726
681,1733
682,1746
683,1733
684,1734
685,1674
686,1770
687,1715
688,1786
689,1687
690,1652
691,1675
692,1743
693,1720
694,1751
695,1732
696,1749
697,1728
698,1786
699,1708
700,1684
701,1775
702,1729
703,1751
704,1729
705,1806
706,1789
707,1756
708,1740
709,1704
710,1731
711,1742
712,1777
713,1718
714,1832
715,1724
716,1724
717,1730
718,1741
719,1813
720,1735
721,1853
722,1697
723,1751
724,1703
725,1815
726,1753
727,1746
728,1741
729,1756
730,1710
731,1711
732,1718
733,1731
734,1801
735,1766
736,1790
737,1744
738,1802
739,1787
740,1728
741,1765
742,1776
743,1723
744,1760
745,1768
746,1699
747,1742
748,1787
749,1775
750,1684
751,1681
752,1726
753,1681
754,1716
755,1739
756,1736
757,1668
758,1705
759,1761
760,1779
761,1680
762,1783
763,1767
764,1716
765,1702
766,1740
767,1734
768,1777
769,1793
770,1755
771,1758
772,1728
773,1753
774,1714
775,1713
776,1734
777,1804
778,1723
779,1798
780,1790
781,1680
782,1722
783,1737
784,1846
785,1742
786,1799
787,1745
788,1809
789,1720
790,1748
791,1709
792,1743
793,1791
794,1836
795,1702
796,1745
797,1749
798,1740
799,1776
800,1628
801,1747
802,1703
803,1636
804,1736
805,1786
806,1735
807,1739
808,1723
809,1775
810,1780
811,1752
812,1747
813,1768
814,1692
815,1752
816,1827
817,1751
818,1700
819,1736
820,1783
821,1716
822,1657
823,1738
824,1825
825,1677
826,1737
827,1704
828,1719
829,1655
830,1747
831,1792
832,1716
833,1712
834,1709
835,1758
836,1729
837,1766
838,1765
839,1751
840,1704
841,1751
842,1795
843,1748
844,1713
845,1724
846,1809
847,1744
848,1736
849,1757
850,1742
851,1827
852,1755
853,1691
854,1791
855,1782
856,1751
857,1805
858,1807
859,1763
860,1754
861,1769
862,1716
863,1737
864,1811
865,1856
866,1760
867,1812
868,1756
869,1718
870,1726
871,1785
872,1735
873,1731
874,1800
875,1740
876,1759
877,1726
878,1655
879,1790
880,1672
881,1779
882,1738
883,1755
884,1773
885,1704
886,1808
887,1705
888,1725
889,1777
890,1773
891,1757
892,1814
893,1693
894,1776
895,1842
896,1781
897,1872
898,1726
899,1737
900,1705
901,1816
902,1669
903,1752
904,1788
905,1753
906,1750
907,1704
908,1660
909,1792
910,1785
911,1743
912,1700
913,1759
914,1749
915,1766
916,1816
917,1749
918,1715
919,1695
920,1721
921,1820
922,1742
923,1755
924,1680
925,1687
926,1687
927,1722
928,1726
929,1761
930,1794
931,1764
932,1709
933,1688
934,1783
935,1828
936,1815
937,1774
938,1733
939,1782
940,1835
941,1780
942,1755
943,1782
944,1703
945,1756
946,1729
947,1798
948,1770
949,1713
950,1795
951,1732
952,1756
953,1747
954,1791
955,1723
956,1706
957,1763
958,1742
959,1737
960,1726
961,1756
962,1744
963,1721
964,1803
965,1732
966,1661
967,1775
968,1785
969,1752
970,1720
971,1751
972,1817
973,1704
974,1653
975,1734
976,1874
977,1691
978,1796
979,1753
980,1751
981,1701
982,1832
983,1737
984,1740
985,1686
986,1751
987,1740
988,1795
989,1738
990,1742
991,1702
992,1769
993,1724
994,1706
995,1781
996,1761
997,1770
998,1802
999,1749
1000,1679
1001,1723
1002,1782
1003,1810
1004,1755
1005,1771
1006,1709
1007,1734
1008,1776
1009,1690
1010,1752
1011,1767
1012,1736
1013,1744
1014,1721
1015,1829
1016,1776
1017,1712
1018,1758
1019,1760
1020,1704
1021,1790
1022,1723
1023,1769
1024,1656
1025,1681
1026,1779
1027,1696
1028,1762
1029,1846
1030,1735
1031,1761
1032,1815
1033,1786
1034,1770
1035,1695
1036,1757
1037,1872
1038,1781
1039,1778
1040,1789
1041,1739
1042,1731
1043,1670
1044,1718
1045,1785
1046,1717
1047,1684
1048,1754
1049,1723
1050,1766
1051,1764
1052,1736
1053,1769
1054,1691
1055,1784
1056,1764
1057,1771
1058,1739
1059,1845
1060,1827
1061,1768
1062,1715
1063,1773
1064,1781
1065,1727
1066,1813
1067,1710
1068,1730
1069,1730
1070,1763
1071,1746
1072,1804
1073,1787
1074,1707
1075,1725
1076,1701
1077,1804
1078,1803
1079,1683
1080,1745
1081,1745
1082,1698
1083,1761
1084,1777
1085,1773
1086,1738
1087,1706
1088,1777
1089,1786
1090,1779
1091,1782
1092,1789
1093,1721
1094,1838
1095,1817
1096,1812
1097,1740
1098,1761
1099,1791
1100,1745
1101,1732
1102,1771
1103,1723
1104,1818
1105,1716
1106,1767
1107,1800
1108,1750
1109,1752
1110,1677
1111,1725
1112,1776
1113,1753
1114,1715
1115,1853
1116,1672
1117,1773
1118,1724
1119,1772
1120,1769
1121,1736
1122,1681
1123,1723
1124,1733
1125,1708
1126,1736
1127,1742
1128,1743
1129,1792
1130,1758
1131,1743
1132,1752
1133,1711
1134,1692
1135,1841
1136,1743
1137,1777
1138,1698
1139,1789
1140,1788
1141,1766
1142,1762
1143,1750
1144,1781
1145,1707
1146,1781
1147,1774
1148,1722
1149,1844
1150,1764
1151,1736
1152,1819
1153,1741
1154,1795
1155,1724
1156,1725
1157,1772
1158,1766
1159,1751
1160,1744
1161,1707
1162,1669
1163,1806
1164,1807
1165,1782
1166,1734
1167,1805
1168,1752
1169,1701
1170,1777
1171,1745
1172,1700
1173,1761
1174,1747
1175,1763
1176,1708
1177,1776
1178,1688
1179,1741
1180,1781
1181,1760
1182,1732
1183,1725
1184,1779
1185,1807
1186,1726
1187,1752
1188,1765
1189,1800
1190,1764
1191,1710
1192,1779
1193,1657
1194,1817
1195,1690
1196,1716
1197,1756
1198,1807
1199,1754
1200,1757
1201,1726
1202,1864
1203,1726
1204,1696
1205,1777
1206,1775
1207,1822
1208,1710
1209,1794
1210,1798
1211,1820
1212,1662
1213,1751
1214,1750
1215,1703
1216,1754
1217,1773
1218,1677
1219,1781
1220,1818
1221,1809
1222,1688
1223,1713
1224,1821
1225,1747
1226,1766
1227,1774
1228,1777
1229,1808
1230,1730
1231,1765
1232,1810
1233,1735
1234,1745
1235,1731
1236,1762
1237,1696
1238,1731
1239,1747
1240,1749
1241,1762
1242,1786
1243,1719
1244,1776
1245,1740
1246,1814
1247,1776
1248,1790
1249,1748
1250,1749
1251,1726
1252,1723
1253,1808
1254,1684
1255,1637
1256,1666
1257,1679
1258,1754
1259,1755
1260,1782
1261,1775
1262,1746
1263,1815
1264,1732
1265,1763
1266,1665
1267,1709
1268,1707
1269,1743
1270,1743
1271,1775
1272,1737
1273,1746
1274,1790
1275,1765
1276,1811
1277,1774
1278,1654
1279,1718
1280,1719
1281,1677
1282,1769
1283,1732
1284,1702
1285,1795
1286,1753
1287,1737
1288,1744
1289,1776
1290,1776
1291,1779
1292,1770
1293,1702
1294,1735
1295,1703
1296,1764
1297,1722
1298,1729
1299,1694
1300,1680
1301,1763
1302,1783
1303,1792
1304,1818
1305,1784
1306,1760
1307,1786
1308,1773
1309,1739
1310,1670
1311,1723
1312,1725
1313,1840
1314,1730
1315,1786
1316,1753
1317,1770
1318,1786
1319,1794
1320,1761
1321,1753
1322,1714
1323,1806
1324,1781
1325,1768
1326,1768
1327,1694
1328,1744
1329,1713
1330,1693
1331,1710
1332,1706
1333,1665
1334,1730
1335,1726
1336,1789
1337,1724
1338,1776
1339,1722
1340,1650
1341,1770
1342,1784
1343,1739
1344,1745
1345,1642
1346,1720
1347,1699
1348,1828
1349,1787
1350,1840
1351,1759
1352,1708
1353,1730
1354,1735
1355,1739
1356,1740
1357,1738
1358,1724
1359,1776
1360,1750
1361,1710
1362,1772
1363,1743
1364,1776
1365,1736
1366,1746
1367,1768
1368,1760
1369,1724
1370,1714
1371,1761
1372,1735
1373,1723
1374,1764
1375,1683
1376,1800
1377,1720
1378,1788
1379,1670
1380,1780
1381,1735
1382,1772
1383,1792
1384,1724
1385,1796
1386,1773
1387,1720
1388,1755
1389,1717
1390,1736
1391,1740
1392,1709
1393,1722
1394,1739
1395,1746
1396,1800
1397,1763
1398,1770
1399,1815
1400,1732
1401,1696
1402,1797
1403,1722
1404,1838
1405,1723
1406,1706
1407,1701
1408,1737
1409,1725
1410,1767
1411,1736
1412,1750
1413,1802
1414,1757
1415,1719
1416,1714
1417,1680
1418,1796
1419,1759
1420,1740
1421,1701
1422,1744
1423,1802
1424,1803
1425,1751
1426,1689
1427,1798
1428,1707
1429,1703
1430,1841
1431,1730
1432,1681
1433,1683
1434,1794
1435,1740
1436,1813
1437,1732
1438,1689
1439,1714
1440,1759
1441,1762
1442,1718
1443,1771
1444,1716
1445,1752
1446,1705
1447,1786
1448,1741
1449,1788
1450,1781
1451,1807
1452,1689
1453,1852
1454,1656
1455,1759
1456,1741
1457,1730
1458,1716
1459,1799
1460,1698
1461,1776
1462,1714
1463,1709
1464,1663
1465,1693
1466,1850
1467,1725
1468,1772
1469,1738
1470,1753
1471,1675
1472,1726
1473,1688
1474,1741
1475,1829
1476,1713
1477,1758
1478,1712
1479,1781
1480,1753
1481,1717
1482,1697
1483,1700
1484,1751
1485,1699
1486,1799
1487,1714
1488,1804
1489,1818
1490,1792
1491,1795
1492,1751
1493,1793
1494,1697
1495,1656
1496,1765
1497,1651
1498,1728
1499,1743
1500,1667
1501,1699
1502,1716
1503,1785
1504,1735
1505,1712
1506,1741
1507,1748
1508,1733
1509,1685
1510,1721
1511,1732
1512,1706
1513,1737
1514,1713
1515,1735
1516,1745
1517,1645
1518,1776
1519,1769
1520,1781
1521,1769
1522,1821
1523,1722
1524,1667
1525,1819
1526,1763
1527,1722
1528,1794
1529,1750
1530,1828
1531,1772
1532,1753
1533,1752
1534,1750
1535,1653
1536,1709
1537,1790
1538,1838
1539,1671
1540,1779
1541,1668
1542,1785
1543,1683
1544,1810
1545,1804
1546,1727
1547,1762
1548,1734
1549,1757
1550,1768
1551,1790
1552,1790
1553,1671
1554,1728
1555,1698
1556,1812
1557,1728
1558,1807
1559,1716
1560,1774
1561,1738
1562,1756
1563,1730
1564,1747
1565,1793
1566,1846
1567,1729
1568,1656
1569,1779
1570,1726
1571,1758
1572,1694
1573,1748
1574,1793
1575,1780
1576,1763
1577,1708
1578,1779
1579,1696
1580,1810
1581,1718
1582,1749
1583,1731
1584,1791
1585,1743
1586,1716
1587,1749
1588,1761
1589,1813
1590,1796
1591,1704
1592,1735
1593,1773
1594,1744
1595,1759
1596,1809
1597,1763
1598,1771
1599,1746
1600,1753
1601,1706
1602,1745
1603,1774
1604,1798
1605,1684
1606,1763
1607,1737
1608,1797
1609,1723
1610,1704
1611,1831
1612,1756
1613,1714
1614,1749
1615,1815
1616,1804
1617,1776
1618,1798
1619,1738
1620,1728
1621,1857
1622,1683
1623,1783
1624,1749
1625,1757
1626,1763
1627,1711
1628,1756
1629,1720
1630,1766
1631,1738
1632,1686
1633,1680
1634,1709
1635,1818
1636,1773
1637,1703
1638,1759
1639,1801
1640,1791
1641,1775
1642,1688
1643,1752
1644,1796
1645,1792
1646,1707
1647,1767
1648,1731
1649,1736
1650,1813
1651,1806
1652,1755
1653,1776
1654,1766
1655,1749
1656,1714
1657,1777
1658,1755
1659,1797
1660,1821
1661,1768
1662,1781
1663,1770
1664,1778
1665,1728
1666,1782
1667,1812
1668,1854
1669,1774
1670,1757
1671,1811
1672,1824
1673,1672
1674,1798
1675,1730
1676,1745
1677,1748
1678,1750
1679,1728
1680,1744
1681,1718
1682,1787
1683,1753
1684,1801
1685,1788
1686,1750
1687,1692
1688,1714
1689,1816
1690,1826
1691,1751
1692,1745
1693,1726
1694,1728
1695,1750
1696,1685
1697,1761
1698,1737
1699,1657
1700,1679
1701,1657
1702,1778
1703,1802
1704,1800
1705,1762
1706,1683
1707,1740
1708,1803
1709,1767
1710,1693
1711,1744
1712,1709
1713,1707
1714,1699
1715,1805
1716,1742
1717,1752
1718,1732
1719,1721
1720,1804
1721,1738
1722,1796
1723,1810
1724,1710
1725,1761
1726,1838
1727,1798
1728,1691
1729,1758
1730,1753
1731,1786
1732,1774
1733,1716
1734,1730
1735,1746
1736,1741
1737,1730
1738,1779
1739,1681
1740,1719
1741,1762
1742,1775
1743,1779
1744,1687
1745,1694
1746,1798
1747,1791
1748,1734
1749,1778
1750,1772
1751,1702
1752,1749
1753,1805
1754,1762
1755,1705
1756,1687
1757,1771
1758,1744
1759,1764
1760,1759
1761,1832
1762,1744
1763,1807
1764,1739
1765,1794
1766,1781
1767,1741
1768,1775
1769,1697
1770,1784
1771,1798
1772,1738
1773,1725
1774,1733
1775,1724
1776,1790
1777,1769
1778,1693
1779,1765
1780,1735
1781,1737
1782,1720
1783,1699
1784,1748
1785,1705
1786,1751
1787,1818
1788,1781
1789,1814
1790,1749
1791,1729
1792,1758
1793,1760
1794,1761
1795,1796
1796,1814
1797,1681
1798,1824
1799,1682
1800,1781
1801,1704
1802,1762
1803,1732
1804,1777
1805,1814
1806,1716
1807,1729
1808,1769
1809,1728
1810,1753
1811,1756
1812,1661
1813,1673
1814,1751
1815,1809
1816,1763
1817,1780
1818,1797
1819,1777
1820,1723
1821,1845
1822,1732
1823,1726
1824,1705
1825,1693
1826,1703
1827,1788
1828,1770
1829,1711
1830,1738
1831,1750
1832,1729
1833,1700
1834,1778
1835,1733
1836,1781
1837,1750
1838,1810
1839,1643
1840,1743
1841,1820
1842,1813
1843,1780
1844,1786
1845,1811
1846,1790
1847,1785
1848,1776
1849,1828
1850,1790
1851,1765
1852,1763
1853,1738
1854,1746
1855,1687
1856,1793
1857,1774
1858,1817
1859,1738
1860,1665
1861,1738
1862,1768
1863,1773
1864,1773
1865,1768
1866,1705
1867,1786
1868,1774
1869,1689
1870,1775
1871,1717
1872,1731
1873,1773
1874,1694
1875,1652
1876,1727
1877,1760
1878,1772
1879,1733
1880,1678
1881,1772
1882,1739
1883,1819
1884,1734
1885,1776
1886,1737
1887,1752
1888,1752
1889,1688
1890,1745
1891,1737
1892,1760
1893,1815
1894,1782
1895,1724
1896,1702
1897,1657
1898,1650
1899,1779
1900,1740
1901,1720
1902,1715
1903,1707
1904,1766
1905,1756
1906,1880
1907,1809
1908,1786
1909,1807
1910,1689
1911,1746
1912,1751
1913,1741
1914,1786
1915,1750
1916,1798
1917,1769
1918,1704
1919,1776
1920,1704
1921,1782
1922,1747
1923,1764
1924,1764
1925,1739
1926,1773
1927,1754
1928,1683
1929,1752
1930,1732
1931,1712
1932,1758
1933,1807
1934,1745
1935,1742
1936,1819
1937,1762
1938,1752
1939,1671
1940,1732
1941,1721
1942,1735
1943,1731
1944,1749
1945,1729
1946,1761
1947,1705
1948,1736
1949,1754
1950,1771
1951,1752
1952,1750
1953,1764
1954,1721
1955,1784
1956,1702
1957,1753
1958,1692
1959,1789
1960,1718
1961,1762
1962,1763
1963,1740
1964,1743
1965,1765
1966,1751
1967,1825
1968,1674
1969,1751
1970,1727
1971,1774
1972,1661
1973,1794
1974,1733
1975,1720
1976,1753
1977,1818
1978,1740
1979,1703
1980,1751
1981,1779
1982,1739
1983,1759
1984,1730
1985,1863
1986,1739
1987,1821
1988,1797
1989,1783
1990,1743
1991,1783
1992,1726
1993,1743
1994,1719
1995,1761
1996,1698
1997,1764
1998,1792
1999,1752
2000,1687
2001,1792
2002,1718
2003,1766
2004,1796
2005,1753
2006,1776
2007,1781
2008,1682
2009,1737
2010,1771
2011,1666
2012,1757
2013,1734
2014,1748
2015,1706
2016,1795
2017,1790
2018,1751
2019,1826
2020,1738
2021,1756
2022,1663
2023,1724
2024,1748
2025,1703
2026,1790
2027,1717
2028,1628
2029,1797
2030,1757
2031,1816
2032,1772
2033,1734
2034,1699
2035,1760
2036,1775
2037,1743
2038,1763
2039,1733
2040,1785
2041,1695
2042,1727
2043,1788
2044,1808
2045,1740
2046,1785
2047,1766
2048,1709
2049,1744
2050,1763
2051,1763
2052,1705
2053,1701
2054,1712
2055,1754
2056,1709
2057,1746
2058,1792
2059,1724
2060,1756
2061,1756
2062,1772
2063,1750
2064,1694
2065,1703
2066,1750
2067,1817
2068,1703
2069,1736
2070,1640
2071,1680
2072,1754
2073,1699
2074,1678
2075,1772
2076,1782
2077,1838
2078,1710
2079,1728
2080,1752
2081,1680
2082,1797
2083,1774
2084,1762
2085,1763
2086,1681
2087,1667
2088,1730
2089,1762
2090,1767
2091,1700
2092,1712
2093,1712
2094,1742
2095,1810
2096,1739
2097,1660
2098,1797
2099,1776
2100,1732
2101,1704
2102,1697
2103,1768
2104,1764
2105,1811
2106,1702
2107,1711
2108,1777
2109,1706
2110,1766
2111,1743
2112,1737
2113,1739
2114,1744
2115,1779
2116,1712
2117,1765
2118,1771
2119,1738
2120,1752
2121,1768
2122,1800
2123,1734
2124,1658
2125,1795
2126,1706
2127,1704
2128,1734
2129,1713
2130,1721
2131,1771
2132,1773
2133,1776
2134,1775
2135,1686
2136,1758
2137,1759
2138,1767
2139,1796
2140,1720
2141,1792
2142,1759
2143,1673
2144,1719
2145,1806
2146,1736
2147,1734
2148,1767
2149,1820
2150,1672
2151,1719
2152,1772
2153,1705
2154,1776
2155,1756
2156,1706
2157,1762
2158,1662
2159,1786
2160,1772
2161,1760
2162,1691
2163,1700
2164,1726
2165,1731
2166,1786
2167,1654
2168,1730
2169,1773
2170,1753
2171,1702
2172,1800
2173,1753
2174,1772
2175,1703
2176,1728
2177,1803
2178,1760
2179,1748
2180,1706
2181,1790
2182,1732
2183,1792
2184,1739
2185,1727
2186,1716
2187,1726
2188,1805
2189,1725
2190,1789
2191,1714
2192,1706
2193,1722
2194,1738
2195,1743
2196,1739
2197,1833
2198,1759
2199,1705
2200,1742
2201,1731
2202,1755
2203,1772
2204,1730
2205,1732
2206,1660
2207,1763
2208,1799
2209,1796
2210,1789
2211,1782
2212,1715
2213,1701
2214,1765
2215,1717
2216,1758
2217,1735
2218,1729
2219,1697
2220,1679
2221,1700
2222,1836
2223,1712
2224,1761
2225,1787
2226,1709
2227,1734
2228,1770
2229,1706
2230,1803
2231,1745
2232,1742
2233,1766
2234,1764
2235,1687
2236,1656
2237,1734
2238,1714
2239,1677
2240,1707
2241,1749
2242,1710
2243,1809
2244,1726
2245,1701
2246,1778
2247,1757
2248,1743
2249,1745
2250,1759
2251,1676
2252,1774
2253,1752
2254,1707
2255,1822
2256,1784
2257,1722
2258,1762
2259,1678
2260,1801
2261,1732
2262,1785
2263,1762
2264,1673
2265,1727
2266,1752
2267,1822
2268,1745
2269,1726
2270,1783
2271,1739
2272,1711
2273,1667
2274,1747
2275,1712
2276,1743
2277,1720
2278,1717
2279,1739
2280,1749
2281,1712
2282,1660
2283,1828
2284,1748
2285,1783
2286,1722
2287,1820
2288,1762
2289,1791
2290,1732
2291,1714
2292,1775
2293,1815
2294,1790
2295,1765
2296,1814
2297,1831
2298,1674
2299,1800
2300,1742
2301,1749
2302,1766
2303,1784
2304,1767
2305,1765
2306,1792
2307,1781
2308,1772
2309,1718
2310,1749
2311,1734
2312,1780
2313,1644
2314,1809
2315,1757
2316,1772
2317,1722
2318,1782
2319,1746
2320,1676
2321,1752
2322,1770
2323,1738
2324,1738
2325,1791
2326,1753
2327,1827
2328,1699
2329,1666
2330,1774
2331,1787
2332,1729
2333,1772
2334,1840
2335,1808
2336,1752
2337,1753
2338,1716
2339,1743
2340,1772
2341,1782
2342,1741
2343,1731
2344,1784
2345,1806
2346,1750
2347,1788
2348,1788
2349,1734
2350,1758
2351,1863
2352,1766
2353,1747
2354,1692
2355,1733
2356,1735
2357,1722
2358,1793
2359,1666
2360,1733
2361,1711
2362,1739
2363,1689
2364,1771
2365,1766
2366,1844
2367,1724
2368,1733
2369,1786
2370,1775
2371,1720
2372,1707
2373,1766
2374,1767
2375,1800
2376,1795
2377,1746
2378,1690
2379,1793
2380,1691
2381,1733
2382,1674
2383,1731
2384,1788
2385,1704
2386,1800
2387,1722
2388,1854
2389,1801
2390,1744
2391,1725
2392,1704
2393,1758
2394,1772
2395,1791
2396,1781
2397,1779
2398,1801
2399,1658
2400,1688
2401,1803
2402,1765
2403,1824
2404,1765
2405,1694
2406,1713
2407,1754
2408,1721
2409,1759
2410,1778
2411,1745
2412,1776
2413,1641
2414,1776
2415,1771
2416,1661
2417,1746
2418,1791
2419,1751
2420,1735
2421,1799
2422,1778
2423,1779
2424,1800
2425,1762
2426,1704
2427,1711
2428,1766
2429,1700
2430,1714
2431,1719
2432,1651
2433,1790
2434,1746
2435,1697
2436,1707
2437,1702
2438,1789
2439,1753
2440,1768
2441,1739
2442,1773
2443,1788
2444,1708
2445,1763
2446,1780
2447,1719
2448,1728
2449,1765
2450,1725
2451,1817
2452,1802
2453,1737
2454,1767
2455,1721
2456,1771
2457,1799
2458,1736
2459,1773
2460,1713
2461,1832
2462,1668
2463,1761
2464,1758
2465,1717
2466,1769
2467,1730
2468,1740
2469,1740
2470,1733
2471,1696
2472,1785
2473,1765
2474,1712
2475,1746
2476,1715
2477,1736
2478,1716
2479,1781
2480,1847
2481,1760
2482,1780
2483,1781
2484,1732
2485,1836
2486,1763
2487,1721
2488,1678
2489,1652
2490,1707
2491,1784
2492,1777
2493,1705
2494,1745
2495,1715
2496,1792
2497,1736
2498,1709
2499,1761
2500,1814
2501,1722
2502,1728
2503,1704
2504,1820
2505,1700
2506,1709
2507,1812
2508,1776
2509,1734
2510,1792
2511,1744
2512,1768
2513,1703
2514,1694
2515,1625
2516,1738
2517,1742
2518,1789
2519,1795
2520,1773
2521,1653
2522,1703
2523,1696
2524,1742
2525,1860
2526,1801
2527,1758
2528,1772
2529,1752
2530,1706
2531,1784
2532,1716
2533,1727
2534,1757
2535,1747
2536,1732
2537,1731
2538,1735
2539,1772
2540,1758
2541,1667
2542,1757
2543,1810
2544,1733
2545,1753
2546,1729
2547,1738
2548,1810
2549,1726
2550,1705
2551,1721
2552,1788
2553,1659
2554,1795
2555,1717
2556,1798
2557,1729
2558,1793
2559,1787
2560,1766
2561,1691
2562,1728
2563,1756
2564,1815
2565,1736
2566,1832
2567,1775
2568,1719
2569,1775
2570,1778
2571,1763
2572,1827
2573,1702
2574,1655
2575,1726
2576,1735
2577,1713
2578,1730
2579,1719
2580,1806
2581,1786
2582,1772
2583,1777
2584,1720
2585,1796
2586,1737
2587,1812
2588,1767
2589,1697
2590,1694
2591,1733
2592,1714
2593,1686
2594,1763
2595,1785
2596,1703
2597,1696
2598,1745
2599,1727
2600,1773
2601,1682
2602,1731
2603,1786
2604,1756
2605,1794
2606,1741
2607,1787
2608,1754
2609,1745
2610,1778
2611,1648
2612,1741
2613,1679
2614,1771
2615,1750
2616,1757
2617,1767
2618,1734
2619,1764
2620,1720
2621,1794
2622,1792
2623,1696
2624,1767
2625,1765
2626,1764
2627,1778
2628,1725
2629,1767
2630,1750
2631,1727
2632,1669
2633,1812
2634,1684
2635,1765
2636,1751
2637,1701
2638,1729
2639,1725
2640,1737
2641,1677
2642,1763
2643,1833
2644,1706
2645,1731
2646,1694
2647,1824
2648,1663
2649,1646
2650,1767
2651,1734
2652,1704
2653,1754
2654,1725
2655,1690
2656,1749
2657,1716
2658,1769
2659,1716
2660,1804
2661,1724
2662,1787
2663,1760
2664,1741
2665,1678
2666,1766
2667,1802
2668,1723
2669,1725
2670,1751
2671,1741
2672,1795
2673,1733
2674,1713
2675,1713
2676,1715
2677,1694
2678,1717
2679,1754
2680,1690
2681,1784
2682,1693
2683,1659
2684,1722
2685,1662
2686,1747
2687,1628
2688,1748
2689,1708
2690,1706
2691,1769
2692,1748
2693,1721
2694,1724
2695,1696
2696,1748
2697,1741
2698,1756
2699,1800
2700,1719
2701,1684
2702,1767
2703,1728
2704,1735
2705,1788
2706,1785
2707,1717
2708,1739
2709,1822
2710,1697
2711,1749
2712,1704
2713,1669
2714,1776
2715,1765
2716,1623
2717,1826
2718,1693
2719,1697
2720,1718
2721,1752
2722,1701
2723,1645
2724,1741
2725,1769
2726,1729
2727,1759
2728,1717
2729,1763
2730,1750
2731,1777
2732,1701
2733,1780
2734,1772
2735,1733
2736,1760
2737,1735
2738,1718
2739,1750
2740,1741
2741,1802
2742,1752
2743,1839
2744,1731
2745,1735
2746,1856
2747,1715
2748,1798
2749,1797
2750,1707
2751,1773
2752,1741
2753,1783
2754,1752
2755,1821
2756,1766
2757,1723
2758,1759
2759,1744
2760,1784
2761,1769
2762,1755
2763,1778
2764,1694
2765,1667
2766,1717
2767,1779
2768,1778
2769,1691
2770,1726
2771,1774
2772,1731
2773,1764
2774,1717
2775,1778
2776,1776
2777,1659
2778,1768
2779,1678
2780,1776
2781,1720
2782,1701
2783,1712
2784,1796
2785,1760
2786,1710
2787,1714
2788,1723
2789,1806
2790,1751
2791,1760
2792,1684
2793,1736
2794,1760
2795,1742
2796,1750
2797,1729
2798,1769
2799,1745
2800,1671
2801,1845
2802,1788
2803,1701
2804,1740
2805,1741
2806,1767
2807,1678
2808,1843
2809,1715
2810,1687
2811,1724
2812,1676
2813,1809
2814,1774
2815,1751
2816,1716
2817,1825
2818,1701
2819,1761
2820,1767
2821,1822
2822,1738
2823,1742
2824,1811
2825,1787
2826,1694
2827,1724
2828,1809
2829,1720
2830,1770
2831,1682
2832,1692
2833,1778
2834,1767
2835,1778
2836,1724
2837,1723
2838,1755
2839,1761
2840,1789
2841,1826
2842,1766
2843,1771
2844,1824
2845,1779
2846,1740
2847,1710
2848,1804
2849,1740
2850,1687
2851,1748
2852,1722
2853,1774
2854,1805
2855,1762
2856,1786
2857,1800
2858,1752
2859,1732
2860,1741
2861,1677
2862,1713
2863,1728
2864,1749
2865,1690
2866,1730
2867,1736
2868,1845
2869,1779
2870,1820
2871,1700
2872,1758
2873,1749
2874,1705
2875,1754
2876,1704
2877,1737
2878,1800
2879,1794
2880,1717
2881,1701
2882,1746
2883,1727
2884,1755
2885,1723
2886,1744
2887,1659
2888,1771
2889,1766
2890,1766
2891,1758
2892,1764
2893,1745
2894,1796
2895,1718
2896,1753
2897,1744
2898,1769
2899,1770
2900,1756
2901,1747
2902,1748
2903,1706
2904,1775
2905,1731
2906,1765
2907,1707
2908,1792
2909,1674
2910,1695
2911,1704
2912,1709
2913,1746
2914,1739
2915,1751
2916,1777
2917,1759
2918,1762
2919,1751
2920,1763
2921,1781
2922,1697
2923,1748
2924,1794
2925,1748
2926,1732
2927,1773
2928,1742
2929,1805
2930,1671
2931,1745
2932,1752
2933,1763
2934,1686
2935,1749
2936,1755
2937,1665
2938,1806
2939,1743
2940,1746
2941,1775
2942,1745
2943,1787
2944,1731
2945,1821
2946,1728
2947,1752
2948,1725
2949,1750
2950,1799
2951,1752
2952,1820
2953,1776
2954,1750
2955,1713
2956,1673
2957,1713
2958,1858
2959,1737
2960,1799
2961,1782
2962,1689
2963,1736
2964,1827
2965,1717
2966,1740
2967,1720
2968,1704
2969,1679
2970,1741
2971,1711
2972,1681
2973,1696
2974,1704
2975,1696
2976,1752
2977,1768
2978,1762
2979,1715
2980,1844
2981,1690
2982,1703
2983,1742
2984,1741
2985,1734
2986,1749
2987,1746
2988,1757
2989,1706
2990,1706
2991,1809
2992,1704
2993,1781
2994,1713
2995,1729
2996,1864
2997,1752
2998,1746
2999,1897
3000,1797
3001,1697
3002,1737
3003,1722
3004,1773
3005,1778
3006,1783
3007,1742
3008,1710
3009,1701
3010,1703
3011,1697
3012,1769
3013,1741
3014,1749
3015,1761
3016,1763
3017,1716
3018,1664
3019,1741
3020,1734
3021,1798
3022,1778
3023,1704
3024,1826
3025,1783
3026,1736
3027,1796
3028,1757
3029,1743
3030,1741
3031,1688
3032,1714
3033,1746
3034,1749
3035,1760
3036,1671
3037,1731
3038,1700
3039,1721
3040,1707
3041,1728
3042,1684
3043,1728
3044,1705
3045,1802
3046,1730
3047,1744
3048,1715
3049,1778
3050,1722
3051,1746
3052,1667
3053,1694
3054,1700
3055,1769
3056,1724
3057,1721
3058,1716
3059,1676
3060,1748
3061,1724
3062,1817
3063,1777
3064,1741
3065,1712
3066,1707
3067,1722
3068,1742
3069,1762
3070,1820
3071,1715
3072,1835
3073,1761
3074,1752
3075,1847
3076,1706
3077,1735
3078,1777
3079,1840
3080,1694
3081,1835
3082,1831
3083,1728
3084,1747
3085,1750
3086,1694
3087,1766
3088,1750
3089,1768
3090,1733
3091,1780
3092,1756
3093,1746
3094,1754
3095,1700
3096,1766
3097,1719
3098,1737
3099,1724
3100,1779
3101,1843
3102,1833
3103,1765
3104,1660
3105,1696
3106,1832
3107,1740
3108,1826
3109,1731
3110,1703
3111,1753
3112,1674
3113,1645
3114,1756
3115,1769
3116,1791
3117,1754
3118,1754
3119,1729
3120,1770
3121,1727
3122,1806
3123,1748
3124,1766
3125,1786
3126,1760
3127,1756
3128,1778
3129,1707
3130,1805
3131,1795
3132,1721
3133,1775
3134,1774
3135,1724
3136,1707
3137,1663
3138,1753
3139,1694
3140,1688
3141,1720
3142,1642
3143,1798
3144,1686
3145,1720
3146,1738
3147,1734
3148,1654
3149,1734
3150,1792
3151,1800
3152,1699
3153,1710
3154,1674
3155,1798
3156,1813
3157,1738
3158,1758
3159,1750
3160,1769
3161,1784
3162,1816
3163,1719
3164,1694
3165,1728
3166,1765
3167,1719
3168,1734
3169,1684
3170,1787
3171,1719
3172,1717
3173,1821
3174,1753
3175,1709
3176,1801
3177,1767
3178,1747
3179,1746
3180,1748
3181,1768
3182,1751
3183,1723
3184,1785
3185,1721
3186,1738
3187,1728
3188,1773
3189,1780
3190,1792
3191,1778
3192,1774
3193,1747
3194,1815
3195,1768
3196,1741
3197,1800
3198,1839
3199,1763
3200,1725
3201,1685
3202,1768
3203,1844
3204,1802
3205,1716
3206,1676
3207,1784
3208,1704
3209,1797
3210,1713
3211,1700
3212,1726
3213,1694
3214,1759
3215,1765
3216,1717
3217,1717
3218,1715
3219,1645
3220,1711
3221,1730
3222,1805
3223,1725
3224,1753
3225,1763
3226,1796
3227,1733
3228,1764
3229,1695
3230,1790
3231,1734
3232,1741
3233,1800
3234,1715
3235,1763
3236,1733
3237,1768
3238,1712
3239,1770
3240,1777
3241,1811
3242,1793
3243,1645
3244,1719
3245,1709
3246,1685
3247,1751
3248,1718
3249,1758
3250,1784
3251,1742
3252,1806
3253,1864
3254,1802
3255,1731
3256,1761
3257,1783
3258,1851
3259,1701
3260,1706
3261,1668
3262,1734
3263,1683
3264,1785
3265,1805
3266,1766
3267,1812
3268,1797
3269,1755
3270,1732
3271,1743
3272,1748
3273,1737
3274,1695
3275,1708
3276,1705
3277,1759
3278,1724
3279,1800
3280,1735
3281,1742
3282,1729
3283,1754
3284,1743
3285,1732
3286,1730
3287,1773
3288,1771
3289,1714
3290,1759
3291,1772
3292,1729
3293,1731
3294,1751
3295,1729
3296,1667
3297,1788
3298,1736
3299,1713
3300,1801
3301,1766
3302,1747
3303,1793
3304,1840
3305,1763
3306,1805
3307,1790
3308,1711
3309,1753
3310,1741
3311,1690
3312,1733
3313,1763
3314,1796
3315,1682
3316,1718
3317,1759
3318,1767
3319,1730
3320,1829
3321,1785
3322,1758
3323,1762
3324,1699
3325,1727
3326,1751
3327,1695
3328,1727
3329,1643
3330,1711
3331,1751
3332,1727
3333,1778
3334,1698
3335,1813
3336,1737
3337,1772
3338,1791
3339,1799
3340,1812
3341,1819
3342,1782
3343,1752
3344,1765
3345,1747
3346,1834
3347,1743
3348,1695
3349,1739
3350,1715
3351,1736
3352,1773
3353,1724
3354,1754
3355,1682
3356,1734
3357,1785
3358,1819
3359,1710
3360,1660
3361,1745
3362,1775
3363,1708
3364,1823
3365,1747
3366,1754
3367,1750
3368,1666
3369,1762
3370,1753
3371,1758
3372,1810
3373,1772
3374,1809
3375,1789
3376,1752
3377,1710
3378,1744
3379,1666
3380,1702
3381,1676
3382,1686
3383,1823
3384,1764
3385,1760
3386,1718
3387,1813
3388,1753
3389,1689
3390,1803
3391,1719
3392,1743
3393,1697
3394,1753
3395,1755
3396,1719
3397,1766
3398,1732
3399,1714
3400,1764
3401,1745
3402,1736
3403,1681
3404,1768
3405,1774
3406,1796
3407,1709
3408,1755
3409,1795
3410,1791
3411,1779
3412,1699
3413,1773
3414,1708
3415,1787
3416,1759
3417,1839
3418,1826
3419,1778
3420,1710
3421,1745
3422,1685
3423,1782
3424,1792
3425,1696
3426,1792
3427,1736
3428,1727
3429,1844
3430,1812
3431,1730
3432,1723
3433,1821
3434,1708
3435,1777
3436,1830
3437,1783
3438,1815
3439,1752
3440,1722
3441,1725
3442,1743
3443,1693
3444,1738
3445,1858
3446,1759
3447,1735
3448,1681
3449,1748
3450,1742
3451,1786
3452,1672
3453,1722
3454,1807
3455,1695
3456,1793
3457,1795
3458,1714
3459,1780
3460,1763
3461,1704
3462,1778
3463,1713
3464,1739
3465,1709
3466,1685
3467,1827
3468,1764
3469,1805
3470,1751
3471,1792
3472,1778
3473,1758
3474,1632
3475,1719
3476,1763
3477,1750
3478,1738
3479,1800
3480,1780
3481,1731
3482,1767
3483,1710
3484,1767
3485,1755
3486,1785
3487,1786
3488,1747
3489,1637
3490,1720
3491,1809
3492,1744
3493,1699
3494,1790
3495,1755
3496,1811
3497,1777
3498,1785
3499,1726
3500,1679
3501,1706
3502,1727
3503,1653
3504,1720
3505,1699
3506,1761
3507,1725
3508,1761
3509,1747
3510,1804
3511,1757
3512,1788
3513,1821
3514,1776
3515,1702
3516,1722
3517,1750
3518,1708
3519,1780
3520,1803
3521,1807
3522,1715
3523,1858
3524,1759
3525,1684
3526,1776
3527,1719
3528,1829
3529,1830
3530,1746
3531,1748
3532,1735
3533,1757
3534,1722
3535,1775
3536,1806
3537,1751
3538,1793
3539,1766
3540,1777
3541,1831
3542,1764
3543,1782
3544,1741
3545,1726
3546,1794
3547,1710
3548,1705
3549,1685
3550,1827
3551,1776
3552,1724
3553,1753
3554,1788
3555,1754
3556,1696
3557,1836
3558,1736
3559,1727
3560,1730
3561,1704
3562,1769
3563,1724
3564,1795
3565,1806
3566,1748
3567,1713
3568,1746
3569,1840
3570,1710
3571,1775
3572,1751
3573,1803
3574,1717
3575,1808
3576,1793
3577,1759
3578,1731
3579,1728
3580,1772
3581,1723
3582,1772
3583,1697
3584,1789
3585,1799
3586,1739
3587,1709
3588,1747
3589,1741
3590,1695
3591,1719
3592,1716
3593,1732
3594,1747
3595,1745
3596,1708
3597,1858
3598,1712
3599,1711
3600,1795
3601,1691
3602,1817
3603,1791
3604,1760
3605,1777
3606,1746
3607,1751
3608,1781
3609,1703
3610,1799
3611,1660
3612,1688
3613,1771
3614,1788
3615,1679
3616,1757
3617,1737
3618,1660
3619,1721
3620,1680
3621,1744
3622,1729
3623,1735
3624,1764
3625,1725
3626,1792
3627,1702
3628,1735
3629,1695
3630,1782
3631,1713
3632,1771
3633,1665
3634,1747
3635,1750
3636,1716
3637,1761
3638,1747
3639,1753
3640,1772
3641,1762
3642,1761
3643,1775
3644,1787
3645,1715
3646,1770
3647,1756
3648,1783
3649,1668
3650,1762
3651,1738
3652,1695
3653,1734
3654,1739
3655,1722
3656,1732
3657,1653
3658,1754
3659,1707
3660,1762
3661,1805
3662,1762
3663,1758
3664,1812
3665,1739
3666,1685
3667,1731
3668,1797
3669,1682
3670,1759
3671,1797
3672,1762
3673,1847
3674,1719
3675,1721
3676,1758
3677,1753
3678,1714
3679,1791
3680,1705
3681,1759
3682,1769
3683,1674
3684,1832
3685,1752
3686,1722
3687,1767
3688,1674
3689,1721
3690,1746
3691,1789
3692,1809
3693,1658
3694,1796
3695,1716
3696,1762
3697,1738
3698,1751
3699,1814
3700,1761
3701,1729
3702,1795
3703,1775
3704,1751
3705,1765
3706,1750
3707,1726
3708,1758
3709,1797
3710,1750
3711,1677
3712,1765
3713,1790
3714,1711
3715,1840
3716,1772
3717,1680
3718,1748
3719,1702
3720,1686
3721,1741
3722,1715
3723,1724
3724,1781
3725,1699
3726,1733
3727,1768
3728,1717
3729,1791
3730,1809
3731,1708
3732,1709
3733,1753
3734,1760
3735,1736
3736,1770
3737,1807
3738,1744
3739,1743
3740,1733
3741,1702
3742,1810
3743,1726
3744,1726
3745,1729
3746,1716
3747,1709
3748,1718
3749,1646
3750,1717
3751,1722
3752,1747
3753,1723
3754,1747
3755,1746
3756,1732
3757,1794
3758,1765
3759,1769
3760,1761
3761,1794
3762,1735
3763,1769
3764,1720
3765,1759
3766,1791
3767,1700
3768,1798
3769,1808
3770,1780
3771,1746
3772,1729
3773,1755
3774,1757
3775,1735
3776,1765
3777,1796
3778,1676
3779,1749
3780,1778
3781,1649
3782,1689
3783,1818
3784,1695
3785,1699
3786,1820
3787,1713
3788,1637
3789,1760
3790,1739
3791,1689
3792,1735
3793,1767
3794,1694
3795,1728
3796,1786
3797,1770
3798,1672
3799,1733
3800,1749
3801,1789
3802,1742
3803,1718
3804,1737
3805,1738
3806,1727
3807,1728
3808,1818
3809,1826
3810,1800
3811,1809
3812,1734
3813,1730
3814,1733
3815,1691
3816,1680
3817,1796
3818,1753
3819,1784
3820,1741
3821,1794
3822,1796
3823,1799
3824,1736
3825,1779
3826,1758
3827,1707
3828,1735
3829,1739
3830,1801
3831,1747
3832,1734
3833,1777
3834,1741
3835,1737
3836,1740
3837,1753
3838,1805
3839,1718
3840,1824
3841,1785
3842,1772
3843,1810
3844,1706
3845,1790
3846,1788
3847,1816
3848,1788
3849,1765
3850,1791
3851,1769
3852,1814
3853,1781
3854,1748
3855,1766
3856,1792
3857,1731
3858,1740
3859,1671
3860,1680
3861,1750
3862,1716
3863,1749
3864,1759
3865,1718
3866,1699
3867,1794
3868,1750
3869,1736
3870,1863
3871,1781
3872,1732
3873,1782
3874,1694
3875,1702
3876,1704
3877,1753
3878,1738
3879,1754
3880,1774
3881,1749
3882,1766
3883,1748
3884,1755
3885,1757
3886,1758
3887,1754
3888,1729
3889,1818
3890,1815
3891,1724
3892,1763
3893,1675
3894,1868
3895,1773
3896,1812
3897,1736
3898,1768
3899,1757
3900,1764
3901,1729
3902,1726
3903,1806
3904,1847
3905,1746
3906,1778
3907,1737
3908,1745
3909,1741
3910,1701
3911,1697
3912,1770
3913,1711
3914,1767
3915,1736
3916,1781
3917,1706
3918,1893
3919,1739
3920,1816
3921,1788
3922,1776
3923,1795
3924,1780
3925,1773
3926,1812
3927,1787
3928,1756
3929,1781
3930,1722
3931,1723
3932,1716
3933,1716
3934,1724
3935,1791
3936,1818
3937,1720
3938,1767
3939,1683
3940,1745
3941,1748
3942,1709
3943,1760
3944,1763
3945,1751
3946,1708
3947,1674
3948,1738
3949,1766
3950,1707
3951,1782
3952,1726
3953,1747
3954,1671
3955,1747
3956,1785
3957,1750
3958,1732
3959,1749
3960,1855
3961,1808
3962,1827
3963,1718
3964,1826
3965,1751
3966,1813
3967,1715
3968,1737
3969,1762
3970,1742
3971,1744
3972,1785
3973,1807
3974,1758
3975,1663
3976,1775
3977,1777
3978,1762
3979,1666
3980,1782
3981,1781
3982,1778
3983,1648
3984,1736
3985,1744
3986,1804
3987,1801
3988,1687
3989,1762
3990,1792
3991,1685
3992,1739
3993,1727
3994,1711
3995,1720
3996,1769
3997,1722
3998,1784
3999,1700
4000,1756
4001,1785
4002,1693
4003,1751
4004,1790
4005,1728
4006,1799
4007,1744
4008,1740
4009,1759
4010,1705
4011,1818
4012,1786
4013,1726
4014,1694
4015,1801
4016,1711
4017,1740
4018,1717
4019,1688
4020,1735
4021,1782
4022,1734
4023,1755
4024,1749
4025,1697
4026,1741
4027,1724
4028,1772
4029,1677
4030,1791
4031,1701
4032,1757
4033,1720
4034,1708
4035,1721
4036,1721
4037,1788
4038,1761
4039,1710
4040,1701
4041,1744
4042,1727
4043,1773
4044,1710
4045,1727
4046,1722
4047,1818
4048,1830
4049,1736
4050,1799
4051,1854
4052,1761
4053,1674
4054,1738
4055,1696
4056,1770
4057,1740
4058,1762
4059,1688
4060,1692
4061,1758
4062,1699
4063,1763
4064,1763
4065,1751
4066,1751
4067,1764
4068,1799
4069,1656
4070,1814
4071,1742
4072,1765
4073,1810
4074,1736
4075,1731
4076,1809
4077,1765
4078,1718
4079,1781
4080,1794
4081,1786
4082,1825
4083,1763
4084,1749
4085,1793
4086,1715
4087,1704
4088,1786
4089,1783
4090,1723
4091,1809
4092,1734
4093,1756
4094,1668
4095,1721
