0,103
1,355
2,81
3,43
4,89
5,167
6,213
7,96
8,119
9,164
10,213
11,131
12,145
13,77
14,103
15,213
16,116
17,144
18,90
19,92
20,58
21,102
22,105
23,47
24,89
25,191
26,90
27,209
28,166
29,53
30,157
31,153
32,453
33,108
34,40
35,59
36,310
37,197
38,213
39,102
40,511
41,158
42,113
43,164
44,41
45,164
46,44
47,87
48,92
49,71
50,25
51,139
52,160
53,153
54,123
55,114
56,45
57,446
58,153
59,129
60,37
61,48
62,613
63,157
64,479
65,63
66,88
67,213
68,93
69,157
70,70
71,39
72,249
73,58
74,90
75,114
76,62
77,293
78,96
79,61
80,157
81,231
82,164
83,153
84,235
85,32
86,164
87,162
88,144
89,422
90,42
91,44
92,129
93,40
94,55
95,144
96,165
97,160
98,112
99,24
100,78
101,88
102,112
103,84
104,78
105,47
106,213
107,52
108,63
109,90
110,70
111,71
112,126
113,26
114,113
115,166
116,72
117,47
118,86
119,70
120,87
121,71
122,157
123,562
124,153
125,70
126,160
127,1028
128,138
129,53
130,164
131,164
132,116
133,165
134,62
135,112
136,123
137,42
138,71
139,51
140,426
141,164
142,105
143,164
144,103
145,88
146,1118
147,145
148,126
149,45
150,84
151,158
152,291
153,73
154,126
155,48
156,90
157,79
158,1090
159,112
160,160
161,70
162,65
163,129
164,660
165,203
166,39
167,163
168,85
169,213
170,158
171,24
172,36
173,88
174,144
175,114
176,45
177,50
178,79
179,114
180,112
181,71
182,144
183,282
184,111
185,123
186,405
187,79
188,59
189,88
190,43
191,213
192,100
193,71
194,119
195,70
196,161
197,87
198,183
199,28
200,190
201,90
202,149
203,58
204,59
205,112
206,84
207,99
208,34
209,53
210,59
211,55
212,78
213,114
214,126
215,59
216,144
217,154
218,73
219,177
220,71
221,173
222,70
223,246
224,69
225,30
226,157
227,292
228,58
229,187
230,124
231,197
232,450
233,41
234,84
235,95
236,163
237,68
238,58
239,90
240,164
241,159
242,62
243,55
244,44
245,129
246,164
247,58
248,70
249,213
250,153
251,55
252,84
253,49
254,83
255,89
256,129
257,164
258,43
259,49
260,79
261,71
262,16
263,47
264,114
265,88
266,123
267,75
268,153
269,114
270,164
271,34
272,73
273,62
274,107
275,157
276,155
277,159
278,64
279,213
280,487
281,76
282,164
283,39
284,322
285,164
286,93
287,295
288,144
289,79
290,138
291,37
292,136
293,43
294,157
295,262
296,106
297,72
298,51
299,73
300,102
301,130
302,30
303,33
304,58
305,123
306,88
307,80
308,290
309,112
310,73
311,144
312,157
313,54
314,158
315,153
316,153
317,136
318,33
319,57
320,257
321,130
322,167
323,144
324,153
325,70
326,80
327,85
328,144
329,90
330,485
331,93
332,70
333,97
334,116
335,79
336,117
337,102
338,98
339,165
340,70
341,178
342,57
343,38
344,27
345,53
346,157
347,73
348,100
349,71
350,30
351,190
352,556
353,62
354,255
355,76
356,70
357,41
358,70
359,53
360,76
361,142
362,295
363,94
364,213
365,157
366,213
367,155
368,97
369,78
370,157
371,164
372,64
373,426
374,105
375,213
376,237
377,57
378,70
379,110
380,91
381,70
382,72
383,52
384,76
385,125
386,92
387,101
388,54
389,157
390,73
391,75
392,103
393,32
394,87
395,308
396,181
397,164
398,157
399,144
400,164
401,213
402,29
403,100
404,257
405,115
406,130
407,112
408,53
409,57
410,183
411,144
412,85
413,55
414,100
415,90
416,89
417,207
418,235
419,213
420,166
421,51
422,113
423,164
424,114
425,190
426,31
427,159
428,82
429,164
430,113
431,30
432,52
433,159
434,80
435,157
436,80
437,33
438,36
439,119
440,118
441,154
442,62
443,58
444,99
445,61
446,1145
447,160
448,95
449,146
450,167
451,157
452,123
453,86
454,213
455,213
456,72
457,113
458,71
459,84
460,89
461,213
462,77
463,86
464,61
465,213
466,39
467,228
468,58
469,200
470,53
471,164
472,160
473,71
474,237
475,283
476,164
477,108
478,105
479,37
480,213
481,89
482,287
483,161
484,73
485,64
486,49
487,128
488,79
489,76
490,49
491,105
492,156
493,57
494,219
495,70
496,96
497,108
498,51
499,158
500,89
501,25
502,98
503,52
504,315
505,89
506,64
507,60
508,167
509,213
510,71
511,181
512,41
513,37
514,610
515,297
516,70
517,119
518,103
519,46
520,86
521,296
522,60
523,59
524,66
525,70
526,43
527,62
528,229
529,828
530,160
531,152
532,80
533,157
534,315
535,107
536,164
537,71
538,196
539,110
540,152
541,164
542,72
543,67
544,72
545,213
546,78
547,78
548,113
549,301
550,87
551,102
552,88
553,84
554,34
555,110
556,144
557,70
558,123
559,114
560,379
561,88
562,127
563,276
564,144
565,201
566,70
567,86
568,84
569,68
570,105
571,64
572,165
573,58
574,61
575,167
576,164
577,108
578,25
579,46
580,144
581,70
582,76
583,58
584,157
585,76
586,47
587,84
588,119
589,74
590,2550
591,81
592,1214
593,47
594,145
595,160
596,33
597,35
598,92
599,55
600,93
601,49
602,39
603,89
604,615
605,69
606,1060
607,153
608,70
609,170
610,69
611,71
612,281
613,141
614,70
615,164
616,53
617,153
618,238
619,42
620,164
621,468
622,157
623,70
624,43
625,71
626,213
627,164
628,119
629,90
630,136
631,153
632,32
633,63
634,160
635,710
636,144
637,165
638,80
639,158
640,50
641,276
642,81
643,25
644,71
645,279
646,213
647,69
648,29
649,89
650,86
651,98
652,112
653,101
654,44
655,133
656,144
657,213
658,75
659,89
660,1019
661,119
662,173
663,283
664,112
665,102
666,53
667,453
668,66
669,164
670,262
671,445
672,38
673,71
674,169
675,73
676,124
677,113
678,279
679,204
680,44
681,114
682,44
683,113
684,157
685,39
686,129
687,213
688,213
689,100
690,51
691,82
692,160
693,123
694,39
695,224
696,112
697,124
698,80
699,213
700,53
701,63
702,112
703,145
704,54
705,73
706,55
707,167
708,113
709,176
710,102
711,94
712,62
713,552
714,53
715,164
716,97
717,164
718,79
719,73
720,168
721,90
722,162
723,164
724,55
725,164
726,73
727,87
728,65
729,164
730,86
731,221
732,43
733,155
734,80
735,104
736,41
737,88
738,142
739,153
740,41
741,41
742,157
743,80
744,173
745,144
746,113
747,314
748,58
749,157
750,237
751,43
752,108
753,40
754,71
755,123
756,87
757,40
758,53
759,83
760,261
761,91
762,220
763,157
764,166
765,157
766,254
767,131
768,112
769,81
770,157
771,45
772,25
773,161
774,101
775,153
776,80
777,194
778,164
779,100
780,84
781,70
782,138
783,210
784,122
785,112
786,63
787,88
788,71
789,236
790,159
791,60
792,70
793,124
794,58
795,44
796,90
797,70
798,173
799,91
800,42
801,113
802,54
803,81
804,367
805,67
806,53
807,65
808,148
809,70
810,144
811,69
812,124
813,108
814,701
815,159
816,120
817,459
818,54
819,84
820,188
821,75
822,67
823,46
824,189
825,164
826,30
827,164
828,84
829,164
830,77
831,144
832,145
833,411
834,99
835,416
836,53
837,36
838,74
839,102
840,200
841,179
842,181
843,42
844,91
845,70
846,164
847,73
848,213
849,159
850,143
851,44
852,41
853,47
854,168
855,50
856,73
857,164
858,115
859,59
860,132
861,90
862,213
863,80
864,25
865,171
866,67
867,213
868,365
869,76
870,157
871,190
872,164
873,71
874,85
875,76
876,165
877,59
878,70
879,96
880,114
881,63
882,746
883,80
884,158
885,234
886,84
887,20
888,153
889,164
890,37
891,94
892,335
893,164
894,75
895,59
896,89
897,160
898,228
899,84
900,102
901,225
902,111
903,53
904,114
905,36
906,44
907,90
908,165
909,36
910,801
911,32
912,361
913,86
914,152
915,44
916,72
917,164
918,102
919,47
920,165
921,418
922,70
923,114
924,213
925,58
926,27
927,153
928,53
929,233
930,113
931,177
932,121
933,76
934,76
935,43
936,89
937,41
938,92
939,71
940,153
941,80
942,153
943,364
944,213
945,71
946,160
947,164
948,79
949,249
950,96
951,73
952,143
953,134
954,213
955,118
956,118
957,50
958,178
959,90
960,146
961,271
962,128
963,88
964,153
965,153
966,98
967,66
968,80
969,213
970,153
971,165
972,173
973,168
974,131
975,59
976,213
977,126
978,27
979,84
980,117
981,147
982,80
983,35
984,314
985,36
986,89
987,116
988,113
989,34
990,48
991,314
992,84
993,133
994,157
995,81
996,224
997,249
998,36
999,102
1000,49
1001,90
1002,76
1003,213
1004,151
1005,105
1006,618
1007,591
1008,120
1009,124
1010,1384
1011,144
1012,88
1013,213
1014,87
1015,87
1016,144
1017,70
1018,164
1019,157
1020,213
1021,70
1022,922
1023,72
1024,58
1025,150
1026,37
1027,121
1028,69
1029,210
1030,921
1031,57
1032,90
1033,243
1034,335
1035,155
1036,341
1037,145
1038,132
1039,147
1040,157
1041,164
1042,57
1043,213
1044,70
1045,128
1046,70
1047,63
1048,157
1049,134
1050,213
1051,246
1052,58
1053,50
1054,1048
1055,92
1056,164
1057,252
1058,52
1059,164
1060,97
1061,48
1062,225
1063,103
1064,126
1065,81
1066,57
1067,213
1068,84
1069,84
1070,20
1071,153
1072,67
1073,84
1074,64
1075,114
1076,33
1077,102
1078,213
1079,114
1080,109
1081,45
1082,353
1083,34
1084,164
1085,213
1086,159
1087,71
1088,213
1089,101
1090,156
1091,164
1092,89
1093,80
1094,77
1095,71
1096,152
1097,114
1098,61
1099,50
1100,99
1101,86
1102,1408
1103,124
1104,144
1105,58
1106,154
1107,325
1108,179
1109,114
1110,33
1111,90
1112,701
1113,408
1114,213
1115,213
1116,395
1117,57
1118,834
1119,93
1120,818
1121,99
1122,159
1123,33
1124,59
1125,123
1126,76
1127,213
1128,87
1129,742
1130,114
1131,160
1132,313
1133,160
1134,59
1135,84
1136,76
1137,87
1138,144
1139,175
1140,98
1141,167
1142,74
1143,176
1144,119
1145,196
1146,912
1147,145
1148,123
1149,31
1150,84
1151,51
1152,48
1153,58
1154,42
1155,209
1156,62
1157,59
1158,157
1159,110
1160,51
1161,157
1162,59
1163,128
1164,88
1165,160
1166,161
1167,89
1168,95
1169,57
1170,114
1171,309
1172,48
1173,77
1174,113
1175,198
1176,63
1177,86
1178,164
1179,62
1180,81
1181,96
1182,92
1183,153
1184,144
1185,68
1186,71
1187,70
1188,197
1189,181
1190,149
1191,48
1192,164
1193,41
1194,113
1195,38
1196,39
1197,124
1198,46
1199,123
1200,140
1201,123
1202,145
1203,33
1204,59
1205,123
1206,55
1207,201
1208,213
1209,165
1210,174
1211,154
1212,84
1213,165
1214,106
1215,145
1216,114
1217,140
1218,213
1219,57
1220,62
1221,79
1222,274
1223,85
1224,112
1225,84
1226,42
1227,136
1228,52
1229,59
1230,128
1231,121
1232,31
1233,96
1234,102
1235,44
1236,136
1237,213
1238,171
1239,213
1240,158
1241,213
1242,49
1243,32
1244,39
1245,105
1246,84
1247,213
1248,164
1249,87
1250,76
1251,144
1252,62
1253,87
1254,52
1255,150
1256,170
1257,202
1258,42
1259,87
1260,420
1261,164
1262,110
1263,56
1264,48
1265,283
1266,213
1267,127
1268,164
1269,87
1270,100
1271,58
1272,213
1273,253
1274,28
1275,238
1276,123
1277,352
1278,114
1279,144
1280,64
1281,53
1282,114
1283,101
1284,187
1285,164
1286,160
1287,213
1288,213
1289,157
1290,165
1291,372
1292,157
1293,113
1294,123
1295,47
1296,33
1297,126
1298,79
1299,134
1300,50
1301,82
1302,251
1303,472
1304,258
1305,114
1306,80
1307,50
1308,107
1309,34
1310,118
1311,162
1312,89
1313,84
1314,36
1315,64
1316,631
1317,994
1318,327
1319,49
1320,213
1321,85
1322,84
1323,51
1324,84
1325,111
1326,80
1327,213
1328,222
1329,68
1330,30
1331,123
1332,38
1333,41
1334,331
1335,111
1336,62
1337,60
1338,31
1339,192
1340,89
1341,123
1342,49
1343,35
1344,81
1345,157
1346,123
1347,84
1348,164
1349,207
1350,280
1351,144
1352,87
1353,148
1354,213
1355,213
1356,70
1357,123
1358,541
1359,39
1360,76
1361,283
1362,153
1363,117
1364,112
1365,59
1366,70
1367,191
1368,105
1369,204
1370,47
1371,54
1372,484
1373,346
1374,124
1375,105
1376,71
1377,49
1378,35
1379,102
1380,59
1381,113
1382,44
1383,178
1384,120
1385,144
1386,213
1387,58
1388,164
1389,55
1390,160
1391,169
1392,138
1393,113
1394,165
1395,55
1396,245
1397,70
1398,44
1399,100
1400,59
1401,73
1402,213
1403,296
1404,139
1405,355
1406,86
1407,189
1408,87
1409,157
1410,166
1411,144
1412,49
1413,170
1414,113
1415,31
1416,80
1417,96
1418,58
1419,213
1420,176
1421,67
1422,77
1423,82
1424,164
1425,164
1426,173
1427,42
1428,159
1429,166
1430,200
1431,67
1432,129
1433,213
1434,114
1435,72
1436,55
1437,125
1438,146
1439,89
1440,54
1441,49
1442,175
1443,85
1444,82
1445,123
1446,31
1447,338
1448,213
1449,59
1450,164
1451,118
1452,58
1453,159
1454,165
1455,29
1456,175
1457,208
1458,204
1459,80
1460,164
1461,112
1462,164
1463,159
1464,62
1465,72
1466,89
1467,91
1468,35
1469,73
1470,213
1471,70
1472,76
1473,65
1474,37
1475,129
1476,719
1477,39
1478,51
1479,162
1480,59
1481,91
1482,47
1483,34
1484,101
1485,41
1486,71
1487,57
1488,71
1489,164
1490,78
1491,69
1492,146
1493,43
1494,70
1495,32
1496,113
1497,53
1498,41
1499,102
1500,112
1501,95
1502,345
1503,157
1504,72
1505,38
1506,36
1507,99
1508,165
1509,76
1510,119
1511,52
1512,19
1513,165
1514,184
1515,30
1516,203
1517,266
1518,102
1519,84
1520,63
1521,160
1522,157
1523,52
1524,23
1525,108
1526,34
1527,88
1528,152
1529,614
1530,64
1531,62
1532,162
1533,96
1534,160
1535,91
1536,124
1537,159
1538,29
1539,72
1540,117
1541,145
1542,159
1543,66
1544,89
1545,153
1546,169
1547,131
1548,44
1549,160
1550,213
1551,53
1552,92
1553,164
1554,58
1555,213
1556,69
1557,173
1558,123
1559,213
1560,58
1561,146
1562,114
1563,47
1564,52
1565,89
1566,190
1567,53
1568,123
1569,58
1570,169
1571,168
1572,52
1573,59
1574,217
1575,123
1576,60
1577,132
1578,51
1579,135
1580,102
1581,198
1582,254
1583,53
1584,189
1585,110
1586,27
1587,114
1588,102
1589,166
1590,107
1591,156
1592,21
1593,222
1594,164
1595,213
1596,176
1597,89
1598,164
1599,356
1600,29
1601,153
1602,79
1603,84
1604,213
1605,40
1606,109
1607,57
1608,108
1609,50
1610,44
1611,608
1612,49
1613,280
1614,44
1615,573
1616,107
1617,70
1618,180
1619,83
1620,268
1621,1725
1622,77
1623,145
1624,97
1625,227
1626,63
1627,164
1628,150
1629,213
1630,113
1631,75
1632,76
1633,59
1634,75
1635,62
1636,144
1637,113
1638,185
1639,39
1640,43
1641,160
1642,86
1643,70
1644,214
1645,84
1646,80
1647,112
1648,158
1649,47
1650,70
1651,54
1652,87
1653,157
1654,92
1655,89
1656,37
1657,206
1658,210
1659,70
1660,64
1661,159
1662,90
1663,1050
1664,49
1665,44
1666,98
1667,144
1668,38
1669,114
1670,144
1671,43
1672,213
1673,76
1674,157
1675,129
1676,67
1677,103
1678,79
1679,42
1680,165
1681,39
1682,198
1683,37
1684,185
1685,213
1686,47
1687,164
1688,159
1689,84
1690,249
1691,36
1692,164
1693,153
1694,103
1695,34
1696,57
1697,74
1698,75
1699,43
1700,47
1701,124
1702,87
1703,137
1704,114
1705,90
1706,173
1707,157
1708,77
1709,70
1710,84
1711,74
1712,112
1713,68
1714,109
1715,61
1716,89
1717,137
1718,153
1719,111
1720,200
1721,63
1722,70
1723,779
1724,36
1725,84
1726,213
1727,41
1728,78
1729,64
1730,144
1731,364
1732,44
1733,87
1734,73
1735,161
1736,62
1737,222
1738,41
1739,163
1740,171
1741,49
1742,88
1743,76
1744,325
1745,90
1746,40
1747,139
1748,92
1749,113
1750,142
1751,155
1752,40
1753,41
1754,213
1755,159
1756,46
1757,32
1758,79
1759,41
1760,799
1761,46
1762,74
1763,112
1764,164
1765,159
1766,164
1767,144
1768,174
1769,90
1770,77
1771,50
1772,91
1773,169
1774,30
1775,45
1776,75
1777,71
1778,75
1779,35
1780,76
1781,169
1782,90
1783,86
1784,213
1785,48
1786,53
1787,112
1788,64
1789,44
1790,157
1791,58
1792,417
1793,57
1794,152
1795,153
1796,73
1797,71
1798,75
1799,157
1800,159
1801,157
1802,59
1803,157
1804,50
1805,1121
1806,73
1807,502
1808,73
1809,153
1810,167
1811,177
1812,30
1813,62
1814,77
1815,79
1816,79
1817,85
1818,118
1819,63
1820,56
1821,65
1822,186
1823,83
1824,218
1825,88
1826,55
1827,164
1828,130
1829,64
1830,84
1831,66
1832,153
1833,27
1834,45
1835,102
1836,258
1837,28
1838,232
1839,114
1840,189
1841,98
1842,193
1843,114
1844,112
1845,71
1846,71
1847,187
1848,175
1849,213
1850,164
1851,213
1852,157
1853,114
1854,53
1855,213
1856,55
1857,231
1858,277
1859,87
1860,164
1861,164
1862,167
1863,307
1864,213
1865,57
1866,164
1867,59
1868,168
1869,76
1870,131
1871,68
1872,40
1873,49
1874,112
1875,70
1876,53
1877,89
1878,40
1879,47
1880,63
1881,71
1882,371
1883,166
1884,54
1885,292
1886,165
1887,164
1888,113
1889,1510
1890,70
1891,77
1892,222
1893,75
1894,70
1895,153
1896,89
1897,157
1898,153
1899,173
1900,112
1901,90
1902,184
1903,44
1904,153
1905,89
1906,153
1907,40
1908,89
1909,59
1910,62
1911,415
1912,102
1913,73
1914,108
1915,517
1916,164
1917,89
1918,71
1919,52
1920,75
1921,60
1922,48
1923,113
1924,74
1925,164
1926,73
1927,169
1928,168
1929,214
1930,22
1931,1341
1932,96
1933,197
1934,337
1935,72
1936,236
1937,164
1938,219
1939,213
1940,91
1941,71
1942,37
1943,79
1944,176
1945,50
1946,158
1947,159
1948,253
1949,335
1950,122
1951,35
1952,70
1953,76
1954,104
1955,58
1956,310
1957,213
1958,77
1959,114
1960,159
1961,84
1962,159
1963,75
1964,159
1965,50
1966,329
1967,325
1968,87
1969,113
1970,164
1971,45
1972,213
1973,84
1974,155
1975,124
1976,213
1977,104
1978,26
1979,145
1980,48
1981,112
1982,58
1983,66
1984,164
1985,98
1986,129
1987,214
1988,53
1989,276
1990,96
1991,164
1992,67
1993,693
1994,38
1995,52
1996,104
1997,164
1998,210
1999,160
2000,29
2001,97
2002,123
2003,153
2004,73
2005,114
2006,1140
2007,101
2008,44
2009,42
2010,40
2011,123
2012,124
2013,43
2014,114
2015,113
2016,68
2017,314
2018,54
2019,84
2020,174
2021,76
2022,161
2023,312
2024,165
2025,47
2026,29
2027,164
2028,73
2029,440
2030,90
2031,164
2032,53
2033,161
2034,70
2035,161
2036,164
2037,88
2038,153
2039,77
2040,154
2041,91
2042,157
2043,25
2044,29
2045,323
2046,44
2047,110
2048,605
2049,20
2050,213
2051,39
2052,223
2053,177
2054,167
2055,159
2056,74
2057,58
2058,305
2059,58
2060,90
2061,151
2062,81
2063,47
2064,83
2065,165
2066,70
2067,114
2068,39
2069,157
2070,218
2071,114
2072,28
2073,148
2074,146
2075,42
2076,171
2077,377
2078,119
2079,38
2080,96
2081,84
2082,204
2083,144
2084,432
2085,78
2086,157
2087,160
2088,103
2089,57
2090,213
2091,124
2092,39
2093,157
2094,52
2095,165
2096,112
2097,115
2098,160
2099,123
2100,89
2101,144
2102,213
2103,87
2104,66
2105,54
2106,213
2107,55
2108,123
2109,76
2110,39
2111,74
2112,421
2113,22
2114,71
2115,60
2116,29
2117,114
2118,84
2119,76
2120,569
2121,222
2122,53
2123,73
2124,213
2125,164
2126,43
2127,40
2128,48
2129,192
2130,90
2131,113
2132,254
2133,70
2134,118
2135,76
2136,221
2137,213
2138,49
2139,157
2140,160
2141,89
2142,337
2143,77
2144,1236
2145,305
2146,174
2147,70
2148,151
2149,185
2150,60
2151,222
2152,165
2153,59
2154,56
2155,165
2156,73
2157,71
2158,114
2159,213
2160,102
2161,64
2162,63
2163,43
2164,59
2165,112
2166,363
2167,213
2168,113
2169,84
2170,43
2171,70
2172,59
2173,82
2174,78
2175,157
2176,73
2177,89
2178,144
2179,129
2180,49
2181,234
2182,57
2183,143
2184,35
2185,87
2186,55
2187,67
2188,160
2189,113
2190,144
2191,797
2192,164
2193,59
2194,54
2195,144
2196,84
2197,107
2198,90
2199,1501
2200,59
2201,494
2202,213
2203,70
2204,52
2205,84
2206,123
2207,119
2208,113
2209,213
2210,153
2211,164
2212,293
2213,70
2214,133
2215,55
2216,93
2217,84
2218,213
2219,213
2220,68
2221,534
2222,185
2223,153
2224,159
2225,132
2226,143
2227,48
2228,208
2229,186
2230,32
2231,213
2232,65
2233,213
2234,64
2235,188
2236,76
2237,88
2238,70
2239,72
2240,80
2241,149
2242,75
2243,52
2244,38
2245,207
2246,205
2247,50
2248,73
2249,112
2250,61
2251,633
2252,114
2253,287
2254,28
2255,88
2256,58
2257,153
2258,70
2259,60
2260,43
2261,160
2262,322
2263,114
2264,519
2265,30
2266,41
2267,52
2268,232
2269,157
2270,70
2271,200
2272,87
2273,48
2274,186
2275,310
2276,114
2277,234
2278,90
2279,113
2280,572
2281,96
2282,41
2283,21
2284,164
2285,168
2286,516
2287,146
2288,75
2289,126
2290,213
2291,381
2292,213
2293,118
2294,90
2295,159
2296,213
2297,123
2298,114
2299,76
2300,34
2301,1099
2302,80
2303,64
2304,255
2305,179
2306,176
2307,70
2308,47
2309,40
2310,112
2311,113
2312,73
2313,48
2314,65
2315,184
2316,160
2317,76
2318,80
2319,49
2320,1338
2321,84
2322,113
2323,136
2324,158
2325,3221
2326,86
2327,57
2328,213
2329,51
2330,71
2331,61
2332,58
2333,84
2334,308
2335,133
2336,164
2337,144
2338,213
2339,145
2340,81
2341,68
2342,58
2343,69
2344,47
2345,80
2346,103
2347,81
2348,210
2349,25
2350,70
2351,157
2352,35
2353,738
2354,76
2355,162
2356,124
2357,87
2358,117
2359,213
2360,634
2361,192
2362,90
2363,41
2364,76
2365,57
2366,89
2367,168
2368,70
2369,55
2370,168
2371,42
2372,168
2373,42
2374,85
2375,112
2376,164
2377,52
2378,340
2379,125
2380,213
2381,47
2382,212
2383,44
2384,55
2385,218
2386,218
2387,62
2388,213
2389,57
2390,80
2391,259
2392,44
2393,510
2394,153
2395,87
2396,157
2397,123
2398,103
2399,213
2400,112
2401,119
2402,89
2403,164
2404,186
2405,466
2406,157
2407,124
2408,62
2409,89
2410,100
2411,136
2412,101
2413,213
2414,70
2415,171
2416,70
2417,46
2418,171
2419,102
2420,191
2421,163
2422,164
2423,237
2424,174
2425,41
2426,57
2427,72
2428,84
2429,71
2430,102
2431,436
2432,153
2433,157
2434,389
2435,69
2436,112
2437,69
2438,83
2439,88
2440,80
2441,88
2442,112
2443,120
2444,99
2445,164
2446,47
2447,29
2448,90
2449,213
2450,163
2451,213
2452,161
2453,143
2454,159
2455,274
2456,159
2457,84
2458,153
2459,159
2460,158
2461,23
2462,41
2463,164
2464,39
2465,62
2466,157
2467,213
2468,83
2469,113
2470,154
2471,41
2472,155
2473,58
2474,153
2475,127
2476,153
2477,164
2478,127
2479,61
2480,100
2481,306
2482,139
2483,47
2484,89
2485,164
2486,40
2487,255
2488,97
2489,34
2490,118
2491,164
2492,111
2493,394
2494,159
2495,467
2496,308
2497,80
2498,208
2499,157
2500,169
2501,99
2502,364
2503,42
2504,157
2505,113
2506,143
2507,336
2508,104
2509,158
2510,114
2511,102
2512,103
2513,61
2514,141
2515,62
2516,170
2517,172
2518,105
2519,125
2520,101
2521,62
2522,157
2523,80
2524,181
2525,487
2526,87
2527,352
2528,165
2529,1182
2530,511
2531,89
2532,99
2533,70
2534,112
2535,151
2536,52
2537,80
2538,59
2539,107
2540,44
2541,90
2542,119
2543,124
2544,48
2545,150
2546,126
2547,95
2548,113
2549,122
2550,79
2551,164
2552,94
2553,62
2554,43
2555,71
2556,253
2557,112
2558,623
2559,78
2560,157
2561,76
2562,107
2563,53
2564,197
2565,213
2566,21
2567,42
2568,144
2569,53
2570,70
2571,160
2572,188
2573,160
2574,42
2575,84
2576,72
2577,44
2578,54
2579,49
2580,411
2581,47
2582,113
2583,130
2584,29
2585,213
2586,127
2587,59
2588,164
2589,112
2590,173
2591,165
2592,184
2593,54
2594,57
2595,37
2596,354
2597,48
2598,164
2599,164
2600,79
2601,164
2602,59
2603,62
2604,157
2605,255
2606,102
2607,113
2608,40
2609,114
2610,58
2611,27
2612,112
2613,84
2614,73
2615,90
2616,106
2617,233
2618,153
2619,123
2620,1114
2621,70
2622,53
2623,45
2624,62
2625,131
2626,113
2627,40
2628,45
2629,90
2630,168
2631,403
2632,158
2633,271
2634,145
2635,213
2636,144
2637,346
2638,644
2639,144
2640,163
2641,98
2642,70
2643,75
2644,58
2645,187
2646,246
2647,45
2648,71
2649,164
2650,70
2651,146
2652,144
2653,90
2654,165
2655,40
2656,158
2657,58
2658,80
2659,165
2660,159
2661,153
2662,75
2663,91
2664,112
2665,55
2666,213
2667,48
2668,164
2669,335
2670,70
2671,113
2672,185
2673,286
2674,79
2675,213
2676,84
2677,201
2678,164
2679,145
2680,166
2681,157
2682,159
2683,38
2684,514
2685,126
2686,168
2687,60
2688,112
2689,306
2690,166
2691,61
2692,208
2693,150
2694,123
2695,153
2696,57
2697,157
2698,33
2699,261
2700,57
2701,62
2702,49
2703,73
2704,144
2705,112
2706,36
2707,84
2708,86
2709,62
2710,83
2711,42
2712,64
2713,38
2714,164
2715,323
2716,87
2717,429
2718,137
2719,367
2720,59
2721,48
2722,164
2723,44
2724,164
2725,83
2726,157
2727,165
2728,87
2729,123
2730,213
2731,89
2732,44
2733,117
2734,76
2735,69
2736,153
2737,88
2738,84
2739,133
2740,36
2741,165
2742,123
2743,109
2744,47
2745,326
2746,80
2747,30
2748,157
2749,399
2750,153
2751,88
2752,51
2753,94
2754,73
2755,139
2756,84
2757,65
2758,47
2759,139
2760,144
2761,79
2762,68
2763,213
2764,147
2765,71
2766,29
2767,24
2768,447
2769,30
2770,125
2771,81
2772,89
2773,60
2774,71
2775,134
2776,126
2777,262
2778,173
2779,48
2780,73
2781,169
2782,939
2783,158
2784,47
2785,488
2786,165
2787,343
2788,51
2789,70
2790,54
2791,213
2792,398
2793,119
2794,254
2795,75
2796,71
2797,113
2798,59
2799,133
2800,171
2801,113
2802,125
2803,44
2804,213
2805,59
2806,102
2807,157
2808,90
2809,263
2810,76
2811,92
2812,67
2813,115
2814,150
2815,62
2816,24
2817,164
2818,32
2819,70
2820,512
2821,74
2822,113
2823,96
2824,353
2825,35
2826,53
2827,71
2828,66
2829,164
2830,159
2831,164
2832,63
2833,31
2834,73
2835,431
2836,103
2837,267
2838,50
2839,144
2840,59
2841,73
2842,63
2843,123
2844,169
2845,213
2846,85
2847,379
2848,157
2849,158
2850,157
2851,104
2852,102
2853,63
2854,97
2855,80
2856,22
2857,165
2858,87
2859,144
2860,84
2861,53
2862,166
2863,155
2864,58
2865,241
2866,153
2867,160
2868,158
2869,152
2870,57
2871,77
2872,159
2873,113
2874,213
2875,113
2876,213
2877,123
2878,185
2879,100
2880,63
2881,96
2882,40
2883,118
2884,102
2885,37
2886,164
2887,89
2888,113
2889,330
2890,212
2891,157
2892,159
2893,59
2894,163
2895,79
2896,102
2897,292
2898,45
2899,164
2900,113
2901,43
2902,56
2903,153
2904,33
2905,89
2906,50
2907,71
2908,52
2909,103
2910,37
2911,42
2912,166
2913,172
2914,447
2915,28
2916,186
2917,115
2918,80
2919,114
2920,45
2921,76
2922,362
2923,157
2924,113
2925,57
2926,60
2927,35
2928,213
2929,153
2930,330
2931,164
2932,213
2933,25
2934,101
2935,73
2936,60
2937,74
2938,123
2939,164
2940,75
2941,39
2942,177
2943,75
2944,123
2945,696
2946,153
2947,80
2948,38
2949,78
2950,1094
2951,84
2952,144
2953,157
2954,164
2955,84
2956,159
2957,40
2958,71
2959,166
2960,72
2961,123
2962,154
2963,115
2964,156
2965,85
2966,213
2967,147
2968,166
2969,94
2970,114
2971,57
2972,144
2973,71
2974,42
2975,145
2976,69
2977,164
2978,213
2979,80
2980,834
2981,156
2982,136
2983,157
2984,245
2985,25
2986,157
2987,164
2988,113
2989,62
2990,213
2991,391
2992,96
2993,112
2994,126
2995,35
2996,258
2997,87
2998,34
2999,89
3000,73
3001,80
3002,159
3003,164
3004,300
3005,165
3006,68
3007,80
3008,197
3009,93
3010,73
3011,281
3012,164
3013,85
3014,43
3015,74
3016,80
3017,123
3018,853
3019,84
3020,124
3021,311
3022,114
3023,213
3024,80
3025,415
3026,114
3027,190
3028,213
3029,164
3030,117
3031,64
3032,25
3033,164
3034,123
3035,120
3036,165
3037,103
3038,90
3039,76
3040,43
3041,47
3042,40
3043,49
3044,52
3045,154
3046,213
3047,124
3048,297
3049,234
3050,70
3051,364
3052,57
3053,109
3054,245
3055,285
3056,112
3057,46
3058,84
3059,82
3060,520
3061,19
3062,157
3063,71
3064,63
3065,42
3066,85
3067,125
3068,213
3069,114
3070,164
3071,153
3072,57
3073,160
3074,115
3075,54
3076,73
3077,38
3078,98
3079,75
3080,65
3081,189
3082,145
3083,140
3084,150
3085,57
3086,157
3087,159
3088,393
3089,144
3090,159
3091,164
3092,164
3093,164
3094,138
3095,49
3096,47
3097,102
3098,940
3099,36
3100,55
3101,483
3102,395
3103,113
3104,40
3105,102
3106,113
3107,39
3108,123
3109,59
3110,206
3111,59
3112,137
3113,49
3114,23
3115,73
3116,57
3117,123
3118,224
3119,164
3120,48
3121,155
3122,171
3123,153
3124,63
3125,71
3126,157
3127,164
3128,261
3129,113
3130,113
3131,144
3132,88
3133,237
3134,213
3135,153
3136,70
3137,101
3138,164
3139,167
3140,83
3141,164
3142,72
3143,193
3144,57
3145,164
3146,70
3147,55
3148,59
3149,84
3150,164
3151,41
3152,164
3153,151
3154,89
3155,63
3156,165
3157,90
3158,153
3159,80
3160,160
3161,84
3162,76
3163,31
3164,144
3165,164
3166,44
3167,240
3168,53
3169,164
3170,106
3171,102
3172,165
3173,50
3174,186
3175,83
3176,89
3177,160
3178,144
3179,77
3180,168
3181,70
3182,160
3183,151
3184,79
3185,175
3186,167
3187,73
3188,74
3189,90
3190,62
3191,102
3192,382
3193,157
3194,164
3195,205
3196,354
3197,55
3198,157
3199,50
3200,213
3201,283
3202,232
3203,70
3204,153
3205,202
3206,152
3207,78
3208,37
3209,37
3210,24
3211,137
3212,144
3213,96
3214,27
3215,167
3216,81
3217,54
3218,101
3219,28
3220,213
3221,153
3222,90
3223,72
3224,168
3225,79
3226,124
3227,91
3228,135
3229,70
3230,153
3231,213
3232,56
3233,29
3234,42
3235,262
3236,153
3237,159
3238,153
3239,113
3240,165
3241,47
3242,80
3243,83
3244,113
3245,157
3246,123
3247,164
3248,71
3249,157
3250,114
3251,114
3252,41
3253,55
3254,359
3255,315
3256,213
3257,79
3258,73
3259,144
3260,105
3261,213
3262,518
3263,136
3264,43
3265,60
3266,134
3267,153
3268,153
3269,210
3270,164
3271,103
3272,157
3273,164
3274,159
3275,50
3276,74
3277,76
3278,85
3279,107
3280,64
3281,47
3282,42
3283,114
3284,99
3285,338
3286,159
3287,170
3288,50
3289,92
3290,40
3291,96
3292,164
3293,84
3294,153
3295,113
3296,105
3297,209
3298,170
3299,160
3300,42
3301,165
3302,87
3303,164
3304,328
3305,266
3306,164
3307,89
3308,102
3309,209
3310,295
3311,85
3312,324
3313,84
3314,44
3315,157
3316,213
3317,53
3318,58
3319,40
3320,37
3321,213
3322,145
3323,122
3324,50
3325,99
3326,181
3327,158
3328,60
3329,52
3330,114
3331,165
3332,164
3333,159
3334,90
3335,26
3336,118
3337,87
3338,125
3339,40
3340,551
3341,59
3342,90
3343,141
3344,52
3345,35
3346,51
3347,88
3348,537
3349,89
3350,112
3351,149
3352,89
3353,71
3354,71
3355,65
3356,72
3357,102
3358,64
3359,115
3360,58
3361,96
3362,76
3363,73
3364,517
3365,78
3366,179
3367,173
3368,63
3369,157
3370,70
3371,41
3372,42
3373,199
3374,53
3375,43
3376,72
3377,162
3378,44
3379,110
3380,39
3381,125
3382,213
3383,44
3384,213
3385,57
3386,62
3387,214
3388,113
3389,258
3390,102
3391,89
3392,104
3393,35
3394,206
3395,103
3396,153
3397,87
3398,145
3399,55
3400,170
3401,92
3402,164
3403,61
3404,114
3405,153
3406,153
3407,63
3408,89
3409,213
3410,161
3411,173
3412,214
3413,70
3414,255
3415,144
3416,84
3417,112
3418,77
3419,170
3420,237
3421,64
3422,123
3423,58
3424,108
3425,55
3426,114
3427,75
3428,123
3429,89
3430,124
3431,360
3432,159
3433,84
3434,204
3435,213
3436,92
3437,78
3438,144
3439,146
3440,70
3441,144
3442,89
3443,181
3444,50
3445,313
3446,213
3447,50
3448,113
3449,51
3450,4858
3451,164
3452,29
3453,47
3454,64
3455,62
3456,92
3457,73
3458,48
3459,157
3460,153
3461,558
3462,55
3463,73
3464,70
3465,58
3466,153
3467,102
3468,594
3469,175
3470,123
3471,278
3472,103
3473,41
3474,162
3475,90
3476,159
3477,88
3478,302
3479,230
3480,213
3481,64
3482,62
3483,75
3484,80
3485,62
3486,90
3487,62
3488,53
3489,232
3490,123
3491,97
3492,260
3493,165
3494,154
3495,63
3496,249
3497,61
3498,50
3499,213
3500,79
3501,59
3502,44
3503,60
3504,188
3505,73
3506,164
3507,213
3508,111
3509,113
3510,102
3511,84
3512,88
3513,63
3514,76
3515,164
3516,57
3517,100
3518,153
3519,34
3520,28
3521,213
3522,113
3523,177
3524,58
3525,80
3526,360
3527,109
3528,41
3529,213
3530,239
3531,165
3532,27
3533,173
3534,123
3535,123
3536,71
3537,28
3538,213
3539,213
3540,161
3541,122
3542,85
3543,89
3544,197
3545,123
3546,160
3547,60
3548,213
3549,113
3550,81
3551,60
3552,101
3553,59
3554,114
3555,213
3556,164
3557,157
3558,80
3559,158
3560,58
3561,135
3562,126
3563,82
3564,98
3565,123
3566,213
3567,213
3568,167
3569,137
3570,70
3571,82
3572,108
3573,73
3574,58
3575,88
3576,88
3577,71
3578,90
3579,52
3580,180
3581,54
3582,82
3583,32
3584,144
3585,72
3586,159
3587,51
3588,198
3589,40
3590,171
3591,112
3592,27
3593,144
3594,55
3595,213
3596,112
3597,70
3598,114
3599,143
3600,157
3601,40
3602,213
3603,86
3604,135
3605,87
3606,74
3607,42
3608,164
3609,159
3610,51
3611,48
3612,140
3613,295
3614,219
3615,99
3616,44
3617,51
3618,48
3619,60
3620,75
3621,73
3622,157
3623,57
3624,191
3625,70
3626,77
3627,113
3628,125
3629,38
3630,157
3631,50
3632,153
3633,652
3634,50
3635,90
3636,96
3637,41
3638,213
3639,159
3640,53
3641,132
3642,51
3643,213
3644,213
3645,144
3646,74
3647,57
3648,153
3649,52
3650,38
3651,153
3652,50
3653,75
3654,113
3655,76
3656,90
3657,114
3658,205
3659,60
3660,54
3661,74
3662,157
3663,225
3664,123
3665,77
3666,124
3667,100
3668,230
3669,159
3670,785
3671,62
3672,144
3673,73
3674,164
3675,113
3676,84
3677,156
3678,140
3679,144
3680,43
3681,71
3682,932
3683,114
3684,77
3685,97
3686,164
3687,93
3688,71
3689,52
3690,155
3691,57
3692,53
3693,123
3694,70
3695,105
3696,43
3697,25
3698,37
3699,102
3700,157
3701,141
3702,30
3703,164
3704,120
3705,87
3706,125
3707,134
3708,113
3709,153
3710,54
3711,73
3712,200
3713,102
3714,196
3715,113
3716,40
3717,34
3718,194
3719,164
3720,64
3721,414
3722,167
3723,42
3724,125
3725,134
3726,43
3727,153
3728,162
3729,169
3730,70
3731,160
3732,111
3733,213
3734,124
3735,164
3736,76
3737,102
3738,36
3739,164
3740,213
3741,65
3742,120
3743,29
3744,57
3745,105
3746,90
3747,112
3748,104
3749,112
3750,194
3751,57
3752,369
3753,102
3754,40
3755,38
3756,91
3757,108
3758,91
3759,169
3760,54
3761,144
3762,90
3763,153
3764,128
3765,87
3766,31
3767,293
3768,164
3769,30
3770,70
3771,303
3772,157
3773,291
3774,73
3775,185
3776,221
3777,213
3778,112
3779,113
3780,48
3781,716
3782,64
3783,52
3784,143
3785,102
3786,171
3787,112
3788,71
3789,54
3790,157
3791,144
3792,89
3793,201
3794,41
3795,115
3796,165
3797,84
3798,155
3799,68
3800,213
3801,42
3802,189
3803,113
3804,70
3805,78
3806,58
3807,35
3808,213
3809,129
3810,49
3811,339
3812,246
3813,70
3814,370
3815,77
3816,37
3817,176
3818,158
3819,144
3820,153
3821,117
3822,153
3823,99
3824,84
3825,305
3826,122
3827,119
3828,59
3829,178
3830,147
3831,37
3832,213
3833,154
3834,62
3835,160
3836,38
3837,167
3838,84
3839,114
3840,213
3841,125
3842,161
3843,554
3844,70
3845,50
3846,213
3847,172
3848,102
3849,45
3850,213
3851,157
3852,70
3853,153
3854,288
3855,66
3856,90
3857,59
3858,73
3859,80
3860,47
3861,47
3862,114
3863,105
3864,112
3865,164
3866,99
3867,312
3868,49
3869,71
3870,41
3871,99
3872,49
3873,102
3874,53
3875,103
3876,43
3877,114
3878,88
3879,114
3880,157
3881,52
3882,37
3883,102
3884,59
3885,213
3886,91
3887,114
3888,71
3889,312
3890,64
3891,96
3892,144
3893,102
3894,71
3895,71
3896,71
3897,74
3898,41
3899,156
3900,50
3901,59
3902,117
3903,54
3904,123
3905,84
3906,29
3907,144
3908,87
3909,44
3910,33
3911,170
3912,126
3913,213
3914,88
3915,83
3916,213
3917,72
3918,40
3919,75
3920,213
3921,90
3922,60
3923,595
3924,74
3925,105
3926,89
3927,157
3928,43
3929,73
3930,87
3931,92
3932,443
3933,101
3934,83
3935,170
3936,46
3937,84
3938,356
3939,45
3940,200
3941,1722
3942,72
3943,49
3944,76
3945,67
3946,97
3947,56
3948,102
3949,56
3950,280
3951,159
3952,213
3953,43
3954,35
3955,402
3956,50
3957,145
3958,213
3959,134
3960,112
3961,133
3962,387
3963,92
3964,164
3965,79
3966,112
3967,186
3968,120
3969,167
3970,79
3971,84
3972,76
3973,213
3974,113
3975,59
3976,181
3977,75
3978,401
3979,571
3980,652
3981,59
3982,123
3983,197
3984,122
3985,209
3986,153
3987,112
3988,154
3989,56
3990,114
3991,173
3992,123
3993,193
3994,102
3995,60
3996,216
3997,122
3998,165
3999,79
4000,59
4001,48
4002,35
4003,159
4004,145
4005,574
4006,45
4007,78
4008,157
4009,213
4010,128
4011,105
4012,117
4013,84
4014,213
4015,43
4016,153
4017,123
4018,63
4019,123
4020,62
4021,47
4022,214
4023,102
4024,399
4025,71
4026,113
4027,223
4028,169
4029,113
4030,144
4031,113
4032,49
4033,153
4034,104
4035,229
4036,164
4037,99
4038,44
4039,166
4040,78
4041,49
4042,128
4043,164
4044,218
4045,97
4046,63
4047,239
4048,184
4049,72
4050,227
4051,202
4052,89
4053,75
4054,265
4055,165
4056,213
4057,159
4058,154
4059,54
4060,163
4061,153
4062,75
4063,750
4064,102
4065,48
4066,73
4067,112
4068,97
4069,89
4070,258
4071,72
4072,60
4073,81
4074,409
4075,84
4076,89
4077,213
4078,88
4079,53
4080,194
4081,86
4082,50
4083,29
4084,165
4085,37
4086,213
4087,144
4088,265
4089,54
4090,540
4091,213
4092,65
4093,69
4094,66
4095,59
