0,186
1,286
2,164
3,88
4,169
5,131
6,135
7,354
8,120
9,163
10,177
11,180
12,100
13,178
14,164
15,118
16,283
17,284
18,224
19,83
20,71
21,82
22,127
23,151
24,148
25,139
26,118
27,272
28,120
29,232
30,179
31,100
32,312
33,263
34,123
35,153
36,168
37,145
38,400
39,213
40,136
41,92
42,88
43,194
44,349
45,234
46,325
47,302
48,274
49,204
50,87
51,203
52,222
53,72
54,75
55,265
56,141
57,204
58,192
59,209
60,234
61,80
62,224
63,115
64,205
65,104
66,228
67,182
68,148
69,203
70,91
71,129
72,282
73,145
74,86
75,153
76,134
77,250
78,156
79,319
80,233
81,100
82,129
83,278
84,246
85,184
86,84
87,189
88,250
89,230
90,122
91,179
92,130
93,237
94,184
95,198
96,146
97,62
98,127
99,89
100,154
101,155
102,248
103,150
104,195
105,260
106,167
107,89
108,134
109,311
110,180
111,189
112,89
113,411
114,68
115,273
116,101
117,194
118,284
119,51
120,197
121,167
122,203
123,75
124,186
125,127
126,133
127,155
128,111
129,186
130,91
131,90
132,142
133,394
134,295
135,210
136,283
137,413
138,236
139,169
140,96
141,156
142,272
143,149
144,262
145,174
146,254
147,64
148,237
149,176
150,100
151,271
152,311
153,145
154,247
155,131
156,173
157,63
158,153
159,159
160,202
161,157
162,272
163,98
164,193
165,250
166,344
167,354
168,148
169,129
170,189
171,178
172,179
173,155
174,151
175,141
176,130
177,103
178,109
179,164
180,343
181,140
182,235
183,253
184,107
185,104
186,151
187,79
188,236
189,197
190,115
191,323
192,266
193,144
194,313
195,436
196,171
197,88
198,328
199,217
200,242
201,153
202,118
203,160
204,205
205,359
206,91
207,221
208,236
209,168
210,215
211,192
212,277
213,94
214,112
215,274
216,213
217,285
218,178
219,264
220,109
221,141
222,97
223,374
224,286
225,257
226,161
227,74
228,164
229,152
230,286
231,172
232,228
233,69
234,234
235,247
236,106
237,172
238,82
239,104
240,234
241,250
242,148
243,101
244,209
245,244
246,179
247,238
248,113
249,178
250,258
251,279
252,131
253,93
254,101
255,123
256,158
257,156
258,241
259,240
260,262
261,189
262,281
263,169
264,215
265,132
266,272
267,225
268,185
269,131
270,75
271,142
272,185
273,77
274,80
275,137
276,182
277,302
278,265
279,167
280,213
281,159
282,368
283,151
284,298
285,68
286,281
287,89
288,165
289,240
290,89
291,104
292,137
293,180
294,257
295,250
296,201
297,218
298,160
299,380
300,148
301,181
302,331
303,137
304,71
305,135
306,167
307,201
308,120
309,339
310,119
311,284
312,273
313,94
314,178
315,307
316,177
317,165
318,75
319,213
320,75
321,176
322,196
323,172
324,162
325,339
326,168
327,89
328,96
329,188
330,146
331,248
332,116
333,197
334,177
335,208
336,309
337,70
338,131
339,74
340,109
341,320
342,142
343,82
344,130
345,99
346,297
347,318
348,310
349,195
350,98
351,209
352,379
353,78
354,296
355,257
356,318
357,256
358,168
359,288
360,115
361,151
362,114
363,305
364,172
365,142
366,143
367,246
368,139
369,138
370,75
371,202
372,67
373,174
374,131
375,140
376,83
377,282
378,231
379,296
380,127
381,210
382,258
383,163
384,80
385,107
386,204
387,156
388,536
389,188
390,128
391,231
392,172
393,120
394,146
395,102
396,90
397,196
398,133
399,132
400,196
401,82
402,109
403,77
404,130
405,232
406,123
407,369
408,335
409,158
410,261
411,96
412,182
413,129
414,169
415,170
416,235
417,199
418,85
419,103
420,168
421,224
422,213
423,259
424,260
425,163
426,153
427,136
428,210
429,276
430,83
431,63
432,118
433,140
434,115
435,77
436,182
437,132
438,226
439,184
440,141
441,230
442,212
443,124
444,459
445,194
446,331
447,182
448,102
449,356
450,138
451,91
452,280
453,241
454,75
455,113
456,84
457,108
458,148
459,72
460,184
461,96
462,201
463,156
464,158
465,153
466,144
467,171
468,251
469,344
470,142
471,167
472,109
473,116
474,212
475,206
476,185
477,361
478,354
479,125
480,142
481,267
482,273
483,156
484,165
485,153
486,97
487,239
488,182
489,118
490,278
491,278
492,239
493,212
494,188
495,134
496,173
497,319
498,324
499,148
500,216
501,150
502,102
503,116
504,200
505,357
506,179
507,172
508,207
509,208
510,75
511,191
512,85
513,78
514,212
515,336
516,224
517,81
518,195
519,76
520,139
521,152
522,119
523,214
524,104
525,166
526,121
527,239
528,202
529,509
530,118
531,411
532,269
533,79
534,413
535,201
536,284
537,253
538,248
539,92
540,142
541,159
542,166
543,92
544,123
545,119
546,292
547,134
548,259
549,331
550,148
551,167
552,116
553,110
554,273
555,233
556,275
557,188
558,202
559,159
560,262
561,265
562,186
563,282
564,92
565,177
566,150
567,193
568,266
569,91
570,87
571,185
572,282
573,135
574,220
575,122
576,194
577,149
578,104
579,130
580,92
581,252
582,254
583,152
584,164
585,286
586,318
587,245
588,357
589,102
590,80
591,196
592,242
593,50
594,143
595,237
596,54
597,320
598,119
599,175
600,219
601,162
602,152
603,139
604,184
605,254
606,220
607,178
608,341
609,192
610,133
611,262
612,160
613,97
614,136
615,94
616,80
617,236
618,232
619,253
620,155
621,166
622,83
623,248
624,189
625,172
626,308
627,153
628,305
629,108
630,149
631,104
632,130
633,183
634,178
635,150
636,225
637,318
638,186
639,81
640,107
641,155
642,105
643,187
644,178
645,212
646,532
647,190
648,84
649,204
650,124
651,158
652,140
653,229
654,156
655,119
656,185
657,168
658,377
659,143
660,497
661,319
662,120
663,140
664,180
665,275
666,184
667,162
668,149
669,132
670,196
671,274
672,220
673,348
674,260
675,255
676,161
677,207
678,170
679,265
680,292
681,236
682,86
683,240
684,97
685,148
686,79
687,201
688,190
689,273
690,98
691,254
692,72
693,206
694,121
695,188
696,215
697,348
698,124
699,255
700,168
701,180
702,60
703,190
704,161
705,183
706,163
707,357
708,244
709,87
710,199
711,290
712,114
713,131
714,70
715,138
716,155
717,147
718,158
719,214
720,276
721,235
722,207
723,266
724,96
725,148
726,87
727,95
728,163
729,244
730,187
731,215
732,295
733,237
734,262
735,102
736,154
737,136
738,101
739,211
740,215
741,257
742,119
743,182
744,244
745,257
746,173
747,246
748,168
749,195
750,167
751,230
752,203
753,102
754,149
755,146
756,152
757,240
758,105
759,175
760,131
761,196
762,231
763,82
764,75
765,222
766,215
767,165
768,218
769,283
770,334
771,116
772,130
773,150
774,187
775,172
776,364
777,271
778,199
779,136
780,106
781,362
782,147
783,119
784,262
785,278
786,172
787,93
788,179
789,75
790,224
791,130
792,168
793,141
794,212
795,58
796,264
797,288
798,192
799,272
800,219
801,112
802,229
803,141
804,208
805,103
806,100
807,268
808,133
809,77
810,202
811,192
812,89
813,231
814,102
815,145
816,132
817,107
818,205
819,230
820,174
821,108
822,271
823,275
824,180
825,76
826,100
827,215
828,219
829,386
830,245
831,212
832,108
833,401
834,146
835,182
836,113
837,122
838,178
839,236
840,172
841,75
842,181
843,137
844,329
845,187
846,133
847,204
848,91
849,158
850,246
851,198
852,116
853,141
854,168
855,256
856,129
857,96
858,139
859,110
860,327
861,120
862,205
863,153
864,113
865,168
866,79
867,136
868,253
869,146
870,118
871,200
872,137
873,153
874,289
875,173
876,78
877,215
878,162
879,187
880,129
881,233
882,151
883,267
884,186
885,109
886,105
887,124
888,156
889,117
890,268
891,174
892,300
893,140
894,129
895,61
896,258
897,73
898,302
899,103
900,117
901,172
902,125
903,213
904,181
905,174
906,209
907,135
908,55
909,72
910,359
911,324
912,218
913,355
914,229
915,305
916,166
917,140
918,208
919,152
920,142
921,196
922,371
923,332
924,220
925,199
926,155
927,230
928,308
929,58
930,147
931,188
932,380
933,93
934,292
935,137
936,338
937,183
938,114
939,285
940,132
941,157
942,113
943,227
944,74
945,175
946,220
947,142
948,223
949,190
950,110
951,214
952,176
953,317
954,305
955,289
956,87
957,134
958,253
959,87
960,70
961,169
962,284
963,161
964,151
965,249
966,278
967,159
968,106
969,351
970,210
971,283
972,141
973,140
974,179
975,220
976,148
977,242
978,98
979,149
980,234
981,156
982,184
983,225
984,131
985,189
986,174
987,75
988,196
989,226
990,136
991,308
992,230
993,385
994,298
995,216
996,318
997,225
998,112
999,113
1000,66
1001,151
1002,111
1003,129
1004,286
1005,229
1006,172
1007,187
1008,282
1009,112
1010,259
1011,297
1012,103
1013,97
1014,110
1015,291
1016,89
1017,364
1018,152
1019,93
1020,66
1021,72
1022,166
1023,79
1024,114
1025,114
1026,103
1027,217
1028,73
1029,180
1030,185
1031,89
1032,133
1033,206
1034,198
1035,399
1036,266
1037,106
1038,227
1039,144
1040,109
1041,172
1042,203
1043,260
1044,250
1045,159
1046,175
1047,175
1048,105
1049,150
1050,105
1051,140
1052,242
1053,157
1054,294
1055,101
1056,240
1057,202
1058,177
1059,211
1060,219
1061,157
1062,190
1063,208
1064,98
1065,216
1066,168
1067,209
1068,111
1069,98
1070,75
1071,111
1072,137
1073,85
1074,157
1075,130
1076,181
1077,75
1078,162
1079,289
1080,298
1081,102
1082,196
1083,89
1084,184
1085,213
1086,89
1087,195
1088,193
1089,219
1090,110
1091,89
1092,153
1093,130
1094,95
1095,74
1096,187
1097,90
1098,146
1099,289
1100,304
1101,273
1102,149
1103,200
1104,62
1105,75
1106,71
1107,336
1108,203
1109,110
1110,285
1111,59
1112,224
1113,115
1114,353
1115,110
1116,246
1117,159
1118,201
1119,212
1120,202
1121,125
1122,260
1123,63
1124,401
1125,119
1126,239
1127,195
1128,94
1129,221
1130,304
1131,98
1132,87
1133,96
1134,222
1135,298
1136,110
1137,128
1138,168
1139,138
1140,143
1141,196
1142,332
1143,340
1144,237
1145,172
1146,197
1147,262
1148,157
1149,147
1150,87
1151,191
1152,187
1153,75
1154,108
1155,144
1156,134
1157,106
1158,250
1159,261
1160,252
1161,301
1162,160
1163,436
1164,116
1165,164
1166,138
1167,179
1168,632
1169,178
1170,224
1171,292
1172,179
1173,121
1174,308
1175,221
1176,317
1177,342
1178,78
1179,161
1180,115
1181,155
1182,159
1183,102
1184,434
1185,154
1186,185
1187,198
1188,123
1189,90
1190,257
1191,332
1192,110
1193,109
1194,127
1195,53
1196,390
1197,146
1198,214
1199,203
1200,134
1201,147
1202,101
1203,86
1204,280
1205,446
1206,164
1207,155
1208,126
1209,175
1210,265
1211,260
1212,154
1213,68
1214,170
1215,255
1216,547
1217,146
1218,266
1219,137
1220,144
1221,164
1222,260
1223,183
1224,236
1225,247
1226,180
1227,403
1228,90
1229,170
1230,329
1231,216
1232,232
1233,238
1234,246
1235,112
1236,339
1237,227
1238,263
1239,256
1240,110
1241,147
1242,88
1243,92
1244,76
1245,249
1246,236
1247,150
1248,115
1249,185
1250,215
1251,150
1252,336
1253,73
1254,225
1255,308
1256,113
1257,352
1258,164
1259,178
1260,107
1261,189
1262,115
1263,122
1264,297
1265,233
1266,94
1267,229
1268,293
1269,450
1270,180
1271,219
1272,144
1273,154
1274,93
1275,252
1276,107
1277,152
1278,115
1279,58
1280,551
1281,190
1282,223
1283,168
1284,207
1285,284
1286,255
1287,106
1288,253
1289,226
1290,226
1291,164
1292,135
1293,141
1294,118
1295,141
1296,267
1297,248
1298,75
1299,115
1300,249
1301,262
1302,101
1303,158
1304,256
1305,263
1306,118
1307,150
1308,432
1309,111
1310,101
1311,140
1312,226
1313,303
1314,134
1315,109
1316,208
1317,177
1318,141
1319,217
1320,181
1321,158
1322,178
1323,155
1324,92
1325,90
1326,215
1327,210
1328,205
1329,213
1330,185
1331,181
1332,72
1333,121
1334,112
1335,144
1336,196
1337,113
1338,316
1339,317
1340,225
1341,113
1342,68
1343,124
1344,201
1345,206
1346,214
1347,110
1348,119
1349,181
1350,265
1351,455
1352,126
1353,93
1354,222
1355,232
1356,126
1357,246
1358,277
1359,67
1360,283
1361,147
1362,78
1363,220
1364,160
1365,110
1366,77
1367,159
1368,228
1369,115
1370,194
1371,196
1372,152
1373,131
1374,231
1375,293
1376,119
1377,257
1378,182
1379,144
1380,114
1381,150
1382,228
1383,238
1384,210
1385,115
1386,109
1387,169
1388,99
1389,140
1390,182
1391,131
1392,196
1393,189
1394,89
1395,423
1396,142
1397,157
1398,168
1399,227
1400,158
1401,171
1402,271
1403,256
1404,155
1405,283
1406,276
1407,183
1408,171
1409,61
1410,125
1411,185
1412,318
1413,75
1414,217
1415,75
1416,161
1417,96
1418,80
1419,220
1420,177
1421,139
1422,137
1423,296
1424,203
1425,300
1426,210
1427,82
1428,263
1429,85
1430,239
1431,126
1432,198
1433,249
1434,196
1435,183
1436,174
1437,228
1438,162
1439,265
1440,157
1441,167
1442,156
1443,122
1444,118
1445,188
1446,228
1447,194
1448,210
1449,190
1450,246
1451,75
1452,307
1453,151
1454,174
1455,106
1456,120
1457,173
1458,88
1459,226
1460,203
1461,193
1462,102
1463,118
1464,168
1465,119
1466,292
1467,361
1468,233
1469,175
1470,217
1471,198
1472,105
1473,154
1474,80
1475,210
1476,181
1477,203
1478,199
1479,183
1480,177
1481,144
1482,228
1483,83
1484,182
1485,135
1486,228
1487,125
1488,189
1489,121
1490,212
1491,211
1492,103
1493,108
1494,122
1495,227
1496,243
1497,149
1498,198
1499,135
1500,183
1501,235
1502,307
1503,327
1504,130
1505,275
1506,172
1507,157
1508,75
1509,233
1510,171
1511,114
1512,174
1513,160
1514,161
1515,147
1516,370
1517,285
1518,178
1519,162
1520,367
1521,249
1522,147
1523,249
1524,73
1525,256
1526,88
1527,165
1528,186
1529,185
1530,185
1531,65
1532,71
1533,457
1534,289
1535,232
1536,117
1537,422
1538,113
1539,99
1540,322
1541,211
1542,236
1543,201
1544,133
1545,151
1546,183
1547,251
1548,226
1549,111
1550,299
1551,255
1552,150
1553,167
1554,116
1555,123
1556,206
1557,121
1558,150
1559,183
1560,172
1561,162
1562,151
1563,230
1564,169
1565,114
1566,236
1567,126
1568,148
1569,168
1570,75
1571,334
1572,184
1573,206
1574,212
1575,70
1576,153
1577,215
1578,121
1579,302
1580,157
1581,148
1582,255
1583,107
1584,455
1585,172
1586,117
1587,75
1588,180
1589,157
1590,293
1591,186
1592,153
1593,203
1594,217
1595,277
1596,119
1597,157
1598,164
1599,221
1600,112
1601,71
1602,110
1603,128
1604,191
1605,138
1606,139
1607,112
1608,187
1609,209
1610,123
1611,198
1612,281
1613,151
1614,126
1615,245
1616,231
1617,105
1618,115
1619,121
1620,176
1621,231
1622,209
1623,119
1624,138
1625,138
1626,193
1627,225
1628,149
1629,92
1630,193
1631,183
1632,358
1633,139
1634,237
1635,290
1636,156
1637,166
1638,130
1639,176
1640,127
1641,115
1642,174
1643,120
1644,246
1645,246
1646,185
1647,123
1648,227
1649,289
1650,216
1651,213
1652,188
1653,134
1654,109
1655,147
1656,122
1657,180
1658,152
1659,196
1660,147
1661,162
1662,91
1663,192
1664,158
1665,291
1666,206
1667,59
1668,213
1669,75
1670,309
1671,86
1672,424
1673,150
1674,325
1675,223
1676,296
1677,149
1678,184
1679,188
1680,185
1681,103
1682,413
1683,97
1684,114
1685,196
1686,315
1687,108
1688,177
1689,285
1690,75
1691,104
1692,187
1693,87
1694,206
1695,226
1696,146
1697,165
1698,249
1699,293
1700,146
1701,199
1702,191
1703,99
1704,302
1705,304
1706,292
1707,217
1708,227
1709,341
1710,149
1711,144
1712,269
1713,131
1714,103
1715,164
1716,177
1717,261
1718,97
1719,77
1720,115
1721,260
1722,92
1723,337
1724,129
1725,129
1726,267
1727,204
1728,123
1729,251
1730,219
1731,215
1732,110
1733,142
1734,132
1735,417
1736,181
1737,81
1738,160
1739,98
1740,171
1741,175
1742,159
1743,209
1744,313
1745,145
1746,145
1747,229
1748,200
1749,254
1750,227
1751,131
1752,272
1753,250
1754,194
1755,165
1756,300
1757,171
1758,114
1759,216
1760,296
1761,139
1762,99
1763,197
1764,170
1765,333
1766,94
1767,168
1768,172
1769,88
1770,115
1771,240
1772,151
1773,295
1774,213
1775,148
1776,140
1777,108
1778,161
1779,101
1780,116
1781,244
1782,144
1783,135
1784,96
1785,74
1786,257
1787,287
1788,114
1789,196
1790,103
1791,238
1792,276
1793,119
1794,154
1795,122
1796,274
1797,105
1798,144
1799,219
1800,144
1801,152
1802,270
1803,180
1804,87
1805,163
1806,165
1807,242
1808,180
1809,150
1810,309
1811,239
1812,147
1813,165
1814,195
1815,175
1816,150
1817,345
1818,140
1819,128
1820,100
1821,170
1822,331
1823,263
1824,202
1825,194
1826,243
1827,142
1828,331
1829,63
1830,397
1831,173
1832,184
1833,75
1834,432
1835,158
1836,174
1837,81
1838,126
1839,236
1840,138
1841,230
1842,158
1843,108
1844,115
1845,188
1846,160
1847,90
1848,71
1849,283
1850,228
1851,216
1852,197
1853,295
1854,156
1855,102
1856,114
1857,259
1858,280
1859,147
1860,251
1861,213
1862,132
1863,224
1864,203
1865,283
1866,128
1867,229
1868,172
1869,185
1870,147
1871,134
1872,385
1873,185
1874,199
1875,191
1876,183
1877,75
1878,123
1879,139
1880,229
1881,126
1882,217
1883,104
1884,166
1885,100
1886,250
1887,153
1888,87
1889,165
1890,143
1891,175
1892,178
1893,138
1894,197
1895,156
1896,77
1897,100
1898,142
1899,253
1900,146
1901,127
1902,124
1903,189
1904,135
1905,310
1906,183
1907,269
1908,136
1909,212
1910,127
1911,210
1912,200
1913,192
1914,299
1915,274
1916,80
1917,332
1918,216
1919,117
1920,180
1921,110
1922,444
1923,123
1924,264
1925,72
1926,122
1927,234
1928,242
1929,479
1930,183
1931,174
1932,147
1933,103
1934,207
1935,119
1936,350
1937,76
1938,183
1939,284
1940,155
1941,68
1942,148
1943,190
1944,147
1945,149
1946,243
1947,173
1948,388
1949,199
1950,75
1951,110
1952,129
1953,195
1954,344
1955,128
1956,222
1957,174
1958,115
1959,176
1960,67
1961,203
1962,125
1963,104
1964,183
1965,257
1966,183
1967,235
1968,336
1969,304
1970,147
1971,167
1972,93
1973,197
1974,176
1975,85
1976,144
1977,195
1978,198
1979,236
1980,285
1981,118
1982,178
1983,324
1984,325
1985,256
1986,139
1987,156
1988,51
1989,269
1990,270
1991,386
1992,113
1993,123
1994,357
1995,134
1996,90
1997,207
1998,68
1999,115
2000,183
2001,126
2002,200
2003,168
2004,204
2005,127
2006,187
2007,244
2008,214
2009,171
2010,98
2011,91
2012,85
2013,58
2014,383
2015,88
2016,131
2017,235
2018,249
2019,177
2020,146
2021,169
2022,182
2023,212
2024,227
2025,75
2026,180
2027,132
2028,70
2029,394
2030,171
2031,135
2032,90
2033,118
2034,166
2035,94
2036,216
2037,100
2038,239
2039,131
2040,246
2041,215
2042,296
2043,155
2044,85
2045,313
2046,256
2047,212
2048,122
2049,125
2050,216
2051,314
2052,103
2053,145
2054,213
2055,151
2056,291
2057,75
2058,97
2059,138
2060,93
2061,311
2062,153
2063,100
2064,171
2065,179
2066,187
2067,220
2068,155
2069,258
2070,231
2071,194
2072,164
2073,268
2074,97
2075,100
2076,300
2077,175
2078,317
2079,136
2080,222
2081,172
2082,215
2083,326
2084,249
2085,368
2086,168
2087,107
2088,156
2089,128
2090,289
2091,241
2092,228
2093,342
2094,62
2095,337
2096,239
2097,225
2098,440
2099,69
2100,129
2101,261
2102,166
2103,326
2104,205
2105,99
2106,81
2107,339
2108,77
2109,96
2110,218
2111,99
2112,224
2113,184
2114,265
2115,199
2116,75
2117,106
2118,251
2119,138
2120,148
2121,110
2122,222
2123,109
2124,223
2125,149
2126,156
2127,154
2128,149
2129,339
2130,225
2131,80
2132,174
2133,79
2134,390
2135,226
2136,238
2137,154
2138,135
2139,109
2140,192
2141,60
2142,562
2143,85
2144,185
2145,112
2146,187
2147,317
2148,359
2149,101
2150,196
2151,211
2152,154
2153,165
2154,87
2155,329
2156,173
2157,159
2158,143
2159,195
2160,240
2161,223
2162,162
2163,71
2164,89
2165,414
2166,133
2167,165
2168,299
2169,192
2170,159
2171,153
2172,155
2173,107
2174,274
2175,175
2176,131
2177,126
2178,149
2179,342
2180,200
2181,204
2182,115
2183,208
2184,132
2185,281
2186,158
2187,156
2188,358
2189,151
2190,111
2191,259
2192,92
2193,215
2194,152
2195,283
2196,102
2197,251
2198,158
2199,242
2200,99
2201,357
2202,208
2203,75
2204,230
2205,148
2206,167
2207,194
2208,227
2209,220
2210,258
2211,207
2212,197
2213,161
2214,219
2215,201
2216,101
2217,258
2218,63
2219,80
2220,151
2221,150
2222,158
2223,190
2224,104
2225,126
2226,261
2227,223
2228,201
2229,232
2230,125
2231,134
2232,256
2233,67
2234,171
2235,210
2236,219
2237,172
2238,151
2239,211
2240,118
2241,69
2242,165
2243,150
2244,305
2245,263
2246,142
2247,287
2248,75
2249,250
2250,88
2251,137
2252,239
2253,219
2254,162
2255,213
2256,103
2257,152
2258,111
2259,94
2260,224
2261,283
2262,142
2263,169
2264,201
2265,151
2266,114
2267,90
2268,168
2269,88
2270,260
2271,151
2272,121
2273,286
2274,174
2275,134
2276,63
2277,215
2278,186
2279,93
2280,320
2281,177
2282,175
2283,167
2284,153
2285,170
2286,183
2287,259
2288,222
2289,133
2290,186
2291,281
2292,125
2293,141
2294,74
2295,107
2296,75
2297,295
2298,111
2299,269
2300,71
2301,277
2302,83
2303,52
2304,135
2305,149
2306,189
2307,132
2308,239
2309,274
2310,179
2311,112
2312,290
2313,213
2314,169
2315,154
2316,164
2317,168
2318,198
2319,283
2320,248
2321,273
2322,362
2323,306
2324,171
2325,183
2326,173
2327,98
2328,112
2329,213
2330,195
2331,324
2332,196
2333,103
2334,99
2335,102
2336,244
2337,221
2338,237
2339,171
2340,146
2341,356
2342,247
2343,200
2344,367
2345,68
2346,253
2347,260
2348,197
2349,344
2350,109
2351,114
2352,279
2353,240
2354,117
2355,259
2356,120
2357,133
2358,236
2359,267
2360,234
2361,220
2362,191
2363,138
2364,110
2365,229
2366,125
2367,262
2368,212
2369,284
2370,177
2371,206
2372,351
2373,128
2374,139
2375,132
2376,155
2377,170
2378,168
2379,210
2380,394
2381,75
2382,169
2383,261
2384,61
2385,164
2386,105
2387,137
2388,135
2389,131
2390,84
2391,385
2392,207
2393,182
2394,285
2395,167
2396,212
2397,113
2398,282
2399,260
2400,64
2401,161
2402,259
2403,177
2404,239
2405,364
2406,212
2407,50
2408,284
2409,126
2410,231
2411,217
2412,151
2413,92
2414,234
2415,257
2416,112
2417,190
2418,277
2419,344
2420,160
2421,378
2422,226
2423,253
2424,206
2425,227
2426,210
2427,151
2428,154
2429,178
2430,118
2431,94
2432,95
2433,143
2434,250
2435,173
2436,169
2437,43
2438,197
2439,198
2440,247
2441,212
2442,75
2443,257
2444,125
2445,233
2446,104
2447,132
2448,99
2449,295
2450,185
2451,210
2452,359
2453,273
2454,84
2455,209
2456,75
2457,214
2458,243
2459,153
2460,157
2461,72
2462,121
2463,182
2464,208
2465,206
2466,269
2467,256
2468,204
2469,229
2470,349
2471,269
2472,254
2473,127
2474,301
2475,287
2476,152
2477,150
2478,124
2479,129
2480,290
2481,146
2482,265
2483,123
2484,195
2485,381
2486,72
2487,118
2488,251
2489,60
2490,214
2491,179
2492,321
2493,93
2494,165
2495,318
2496,157
2497,105
2498,87
2499,111
2500,167
2501,124
2502,223
2503,119
2504,93
2505,201
2506,181
2507,157
2508,168
2509,298
2510,152
2511,242
2512,164
2513,103
2514,98
2515,117
2516,217
2517,125
2518,182
2519,495
2520,139
2521,186
2522,322
2523,75
2524,195
2525,497
2526,337
2527,205
2528,224
2529,239
2530,175
2531,242
2532,223
2533,80
2534,186
2535,302
2536,106
2537,228
2538,251
2539,145
2540,136
2541,128
2542,222
2543,255
2544,137
2545,214
2546,174
2547,181
2548,232
2549,141
2550,382
2551,125
2552,185
2553,245
2554,151
2555,136
2556,112
2557,203
2558,722
2559,163
2560,173
2561,234
2562,201
2563,261
2564,208
2565,227
2566,124
2567,175
2568,162
2569,89
2570,156
2571,265
2572,139
2573,112
2574,124
2575,257
2576,195
2577,176
2578,153
2579,108
2580,256
2581,106
2582,197
2583,214
2584,98
2585,254
2586,269
2587,104
2588,227
2589,75
2590,242
2591,206
2592,335
2593,58
2594,262
2595,145
2596,129
2597,227
2598,154
2599,212
2600,285
2601,99
2602,256
2603,139
2604,111
2605,240
2606,157
2607,88
2608,192
2609,132
2610,283
2611,55
2612,326
2613,246
2614,355
2615,125
2616,243
2617,255
2618,327
2619,180
2620,446
2621,197
2622,136
2623,172
2624,212
2625,133
2626,288
2627,228
2628,223
2629,171
2630,258
2631,237
2632,289
2633,42
2634,259
2635,244
2636,217
2637,328
2638,220
2639,67
2640,164
2641,282
2642,202
2643,227
2644,213
2645,225
2646,163
2647,282
2648,258
2649,199
2650,388
2651,326
2652,75
2653,294
2654,224
2655,271
2656,62
2657,96
2658,158
2659,190
2660,140
2661,147
2662,202
2663,257
2664,282
2665,123
2666,219
2667,223
2668,169
2669,348
2670,169
2671,158
2672,979
2673,180
2674,166
2675,93
2676,147
2677,154
2678,200
2679,376
2680,212
2681,89
2682,182
2683,208
2684,240
2685,138
2686,166
2687,191
2688,240
2689,263
2690,150
2691,238
2692,190
2693,143
2694,303
2695,232
2696,185
2697,171
2698,410
2699,336
2700,111
2701,263
2702,75
2703,249
2704,125
2705,265
2706,257
2707,144
2708,162
2709,67
2710,81
2711,225
2712,133
2713,267
2714,117
2715,231
2716,157
2717,245
2718,178
2719,125
2720,320
2721,278
2722,254
2723,112
2724,193
2725,278
2726,153
2727,139
2728,156
2729,72
2730,273
2731,208
2732,137
2733,176
2734,81
2735,124
2736,104
2737,76
2738,87
2739,477
2740,109
2741,278
2742,226
2743,172
2744,141
2745,347
2746,122
2747,240
2748,243
2749,203
2750,75
2751,193
2752,166
2753,100
2754,164
2755,225
2756,144
2757,258
2758,166
2759,458
2760,240
2761,270
2762,149
2763,208
2764,401
2765,117
2766,88
2767,69
2768,185
2769,249
2770,270
2771,316
2772,113
2773,140
2774,245
2775,169
2776,122
2777,260
2778,319
2779,158
2780,229
2781,165
2782,303
2783,95
2784,168
2785,136
2786,146
2787,240
2788,301
2789,108
2790,173
2791,191
2792,191
2793,144
2794,228
2795,235
2796,159
2797,100
2798,129
2799,137
2800,213
2801,74
2802,94
2803,156
2804,148
2805,167
2806,190
2807,55
2808,111
2809,127
2810,288
2811,165
2812,253
2813,93
2814,101
2815,81
2816,155
2817,164
2818,81
2819,86
2820,195
2821,214
2822,202
2823,228
2824,244
2825,129
2826,173
2827,131
2828,224
2829,167
2830,141
2831,158
2832,114
2833,191
2834,152
2835,308
2836,101
2837,176
2838,118
2839,234
2840,112
2841,187
2842,165
2843,126
2844,210
2845,138
2846,146
2847,552
2848,75
2849,412
2850,164
2851,248
2852,260
2853,112
2854,214
2855,169
2856,138
2857,311
2858,242
2859,156
2860,231
2861,159
2862,132
2863,241
2864,141
2865,270
2866,128
2867,110
2868,144
2869,239
2870,291
2871,156
2872,112
2873,335
2874,130
2875,260
2876,146
2877,329
2878,176
2879,167
2880,117
2881,178
2882,211
2883,197
2884,218
2885,294
2886,171
2887,129
2888,223
2889,174
2890,113
2891,186
2892,165
2893,139
2894,164
2895,147
2896,109
2897,262
2898,204
2899,225
2900,154
2901,111
2902,75
2903,293
2904,123
2905,178
2906,177
2907,220
2908,282
2909,86
2910,78
2911,332
2912,303
2913,156
2914,186
2915,177
2916,142
2917,320
2918,107
2919,75
2920,117
2921,69
2922,268
2923,353
2924,226
2925,96
2926,218
2927,398
2928,254
2929,488
2930,264
2931,121
2932,402
2933,187
2934,105
2935,107
2936,92
2937,261
2938,235
2939,270
2940,127
2941,126
2942,136
2943,308
2944,275
2945,173
2946,113
2947,122
2948,300
2949,295
2950,452
2951,86
2952,168
2953,100
2954,184
2955,55
2956,97
2957,66
2958,164
2959,255
2960,91
2961,225
2962,181
2963,92
2964,155
2965,227
2966,99
2967,194
2968,77
2969,284
2970,75
2971,165
2972,205
2973,137
2974,272
2975,265
2976,197
2977,174
2978,230
2979,196
2980,202
2981,302
2982,320
2983,133
2984,139
2985,111
2986,309
2987,216
2988,134
2989,134
2990,67
2991,266
2992,245
2993,182
2994,170
2995,176
2996,185
2997,91
2998,198
2999,108
3000,82
3001,97
3002,109
3003,134
3004,335
3005,229
3006,71
3007,118
3008,87
3009,247
3010,148
3011,105
3012,290
3013,96
3014,173
3015,143
3016,323
3017,233
3018,288
3019,107
3020,217
3021,202
3022,97
3023,223
3024,166
3025,324
3026,313
3027,255
3028,232
3029,107
3030,178
3031,119
3032,83
3033,99
3034,153
3035,88
3036,122
3037,185
3038,75
3039,110
3040,198
3041,195
3042,109
3043,276
3044,222
3045,210
3046,75
3047,200
3048,154
3049,188
3050,178
3051,227
3052,127
3053,112
3054,124
3055,112
3056,249
3057,164
3058,119
3059,79
3060,270
3061,143
3062,176
3063,136
3064,113
3065,165
3066,177
3067,203
3068,83
3069,176
3070,248
3071,241
3072,292
3073,76
3074,173
3075,402
3076,108
3077,372
3078,265
3079,72
3080,119
3081,392
3082,117
3083,177
3084,161
3085,349
3086,258
3087,244
3088,181
3089,330
3090,186
3091,218
3092,228
3093,105
3094,97
3095,143
3096,133
3097,115
3098,272
3099,146
3100,151
3101,195
3102,152
3103,360
3104,142
3105,308
3106,137
3107,138
3108,147
3109,273
3110,224
3111,126
3112,165
3113,184
3114,234
3115,96
3116,196
3117,112
3118,247
3119,102
3120,235
3121,209
3122,196
3123,103
3124,215
3125,53
3126,518
3127,65
3128,106
3129,176
3130,102
3131,125
3132,343
3133,265
3134,146
3135,157
3136,230
3137,160
3138,115
3139,196
3140,165
3141,104
3142,193
3143,245
3144,188
3145,224
3146,111
3147,378
3148,154
3149,261
3150,128
3151,196
3152,68
3153,235
3154,160
3155,115
3156,133
3157,263
3158,148
3159,376
3160,74
3161,181
3162,234
3163,170
3164,187
3165,118
3166,151
3167,93
3168,333
3169,152
3170,165
3171,249
3172,317
3173,118
3174,133
3175,106
3176,160
3177,161
3178,190
3179,130
3180,293
3181,214
3182,428
3183,206
3184,192
3185,207
3186,138
3187,172
3188,234
3189,86
3190,76
3191,128
3192,163
3193,85
3194,196
3195,123
3196,185
3197,274
3198,184
3199,51
3200,163
3201,246
3202,234
3203,229
3204,180
3205,256
3206,126
3207,311
3208,227
3209,98
3210,145
3211,353
3212,427
3213,114
3214,140
3215,102
3216,298
3217,107
3218,78
3219,132
3220,100
3221,151
3222,123
3223,125
3224,301
3225,283
3226,269
3227,90
3228,139
3229,62
3230,189
3231,173
3232,133
3233,171
3234,145
3235,283
3236,275
3237,95
3238,126
3239,139
3240,158
3241,75
3242,122
3243,178
3244,162
3245,145
3246,158
3247,154
3248,431
3249,126
3250,118
3251,314
3252,133
3253,204
3254,236
3255,223
3256,148
3257,295
3258,238
3259,131
3260,360
3261,130
3262,182
3263,250
3264,289
3265,90
3266,253
3267,208
3268,148
3269,116
3270,140
3271,133
3272,214
3273,189
3274,77
3275,107
3276,89
3277,170
3278,98
3279,165
3280,238
3281,145
3282,184
3283,146
3284,100
3285,136
3286,210
3287,256
3288,199
3289,104
3290,99
3291,123
3292,308
3293,376
3294,276
3295,77
3296,111
3297,178
3298,243
3299,168
3300,112
3301,147
3302,127
3303,175
3304,109
3305,147
3306,137
3307,131
3308,145
3309,188
3310,266
3311,129
3312,218
3313,128
3314,177
3315,108
3316,298
3317,388
3318,135
3319,232
3320,115
3321,158
3322,75
3323,162
3324,119
3325,237
3326,209
3327,130
3328,51
3329,102
3330,262
3331,171
3332,205
3333,84
3334,256
3335,203
3336,286
3337,343
3338,146
3339,170
3340,280
3341,149
3342,169
3343,661
3344,101
3345,296
3346,217
3347,263
3348,630
3349,92
3350,209
3351,97
3352,115
3353,90
3354,197
3355,153
3356,100
3357,177
3358,126
3359,238
3360,78
3361,282
3362,358
3363,79
3364,158
3365,165
3366,199
3367,306
3368,172
3369,198
3370,179
3371,127
3372,107
3373,131
3374,169
3375,156
3376,249
3377,114
3378,141
3379,134
3380,99
3381,123
3382,158
3383,84
3384,259
3385,218
3386,129
3387,124
3388,135
3389,75
3390,330
3391,72
3392,242
3393,94
3394,288
3395,316
3396,184
3397,53
3398,118
3399,89
3400,244
3401,75
3402,88
3403,398
3404,195
3405,299
3406,168
3407,78
3408,279
3409,545
3410,94
3411,169
3412,271
3413,234
3414,116
3415,188
3416,334
3417,198
3418,71
3419,199
3420,114
3421,162
3422,82
3423,246
3424,276
3425,87
3426,182
3427,336
3428,252
3429,390
3430,307
3431,194
3432,190
3433,198
3434,192
3435,75
3436,160
3437,114
3438,78
3439,275
3440,117
3441,337
3442,134
3443,164
3444,326
3445,310
3446,216
3447,75
3448,211
3449,77
3450,302
3451,114
3452,202
3453,201
3454,165
3455,75
3456,292
3457,298
3458,217
3459,84
3460,285
3461,225
3462,154
3463,158
3464,120
3465,119
3466,176
3467,230
3468,123
3469,199
3470,111
3471,196
3472,196
3473,189
3474,212
3475,84
3476,235
3477,63
3478,307
3479,221
3480,133
3481,217
3482,141
3483,211
3484,168
3485,148
3486,211
3487,99
3488,210
3489,205
3490,74
3491,287
3492,175
3493,123
3494,185
3495,115
3496,218
3497,210
3498,170
3499,89
3500,214
3501,110
3502,177
3503,146
3504,340
3505,90
3506,313
3507,180
3508,216
3509,207
3510,75
3511,205
3512,261
3513,130
3514,127
3515,266
3516,310
3517,150
3518,198
3519,140
3520,178
3521,133
3522,90
3523,53
3524,92
3525,107
3526,391
3527,222
3528,154
3529,196
3530,139
3531,291
3532,307
3533,191
3534,189
3535,318
3536,407
3537,223
3538,129
3539,97
3540,480
3541,151
3542,212
3543,93
3544,175
3545,89
3546,126
3547,181
3548,244
3549,194
3550,237
3551,99
3552,119
3553,217
3554,158
3555,170
3556,184
3557,185
3558,355
3559,119
3560,200
3561,339
3562,64
3563,128
3564,168
3565,144
3566,97
3567,153
3568,185
3569,190
3570,219
3571,102
3572,429
3573,190
3574,204
3575,435
3576,194
3577,185
3578,286
3579,204
3580,200
3581,221
3582,258
3583,92
3584,113
3585,241
3586,178
3587,80
3588,97
3589,190
3590,69
3591,80
3592,358
3593,334
3594,230
3595,110
3596,232
3597,169
3598,142
3599,135
3600,127
3601,130
3602,215
3603,134
3604,181
3605,147
3606,188
3607,89
3608,153
3609,187
3610,94
3611,221
3612,205
3613,209
3614,399
3615,193
3616,85
3617,118
3618,137
3619,68
3620,77
3621,281
3622,154
3623,204
3624,338
3625,209
3626,197
3627,361
3628,156
3629,194
3630,163
3631,72
3632,141
3633,171
3634,300
3635,361
3636,201
3637,71
3638,165
3639,149
3640,197
3641,248
3642,185
3643,181
3644,151
3645,150
3646,112
3647,252
3648,136
3649,81
3650,73
3651,256
3652,124
3653,105
3654,210
3655,97
3656,147
3657,264
3658,324
3659,161
3660,122
3661,218
3662,90
3663,122
3664,185
3665,72
3666,246
3667,328
3668,251
3669,176
3670,142
3671,259
3672,145
3673,243
3674,84
3675,209
3676,230
3677,366
3678,123
3679,277
3680,80
3681,169
3682,147
3683,166
3684,130
3685,86
3686,211
3687,223
3688,64
3689,322
3690,161
3691,112
3692,212
3693,85
3694,74
3695,458
3696,106
3697,938
3698,116
3699,233
3700,195
3701,200
3702,137
3703,143
3704,302
3705,153
3706,231
3707,102
3708,237
3709,154
3710,298
3711,321
3712,283
3713,392
3714,200
3715,289
3716,110
3717,257
3718,156
3719,135
3720,98
3721,156
3722,248
3723,139
3724,83
3725,112
3726,84
3727,125
3728,342
3729,247
3730,228
3731,132
3732,83
3733,125
3734,146
3735,186
3736,68
3737,184
3738,234
3739,171
3740,173
3741,158
3742,153
3743,197
3744,159
3745,230
3746,128
3747,124
3748,214
3749,373
3750,120
3751,65
3752,300
3753,178
3754,103
3755,190
3756,226
3757,419
3758,226
3759,208
3760,89
3761,227
3762,238
3763,196
3764,153
3765,71
3766,180
3767,204
3768,189
3769,94
3770,151
3771,275
3772,381
3773,224
3774,302
3775,292
3776,202
3777,158
3778,269
3779,87
3780,234
3781,170
3782,255
3783,134
3784,94
3785,219
3786,153
3787,203
3788,164
3789,194
3790,107
3791,172
3792,131
3793,235
3794,188
3795,155
3796,183
3797,97
3798,150
3799,172
3800,181
3801,86
3802,107
3803,106
3804,178
3805,167
3806,210
3807,256
3808,165
3809,90
3810,176
3811,360
3812,169
3813,173
3814,137
3815,151
3816,111
3817,185
3818,193
3819,211
3820,321
3821,274
3822,139
3823,82
3824,254
3825,246
3826,323
3827,135
3828,139
3829,182
3830,178
3831,272
3832,191
3833,229
3834,238
3835,168
3836,217
3837,119
3838,96
3839,129
3840,161
3841,101
3842,252
3843,307
3844,245
3845,236
3846,169
3847,230
3848,119
3849,137
3850,187
3851,274
3852,241
3853,124
3854,301
3855,112
3856,226
3857,301
3858,192
3859,142
3860,225
3861,133
3862,75
3863,141
3864,168
3865,79
3866,75
3867,252
3868,88
3869,301
3870,148
3871,181
3872,153
3873,227
3874,112
3875,132
3876,80
3877,261
3878,233
3879,181
3880,232
3881,221
3882,77
3883,109
3884,115
3885,157
3886,200
3887,330
3888,136
3889,579
3890,59
3891,141
3892,234
3893,226
3894,80
3895,176
3896,229
3897,84
3898,202
3899,255
3900,220
3901,161
3902,194
3903,150
3904,138
3905,121
3906,111
3907,187
3908,274
3909,191
3910,200
3911,214
3912,314
3913,96
3914,305
3915,189
3916,184
3917,138
3918,226
3919,140
3920,399
3921,265
3922,326
3923,180
3924,231
3925,236
3926,299
3927,222
3928,555
3929,190
3930,117
3931,155
3932,121
3933,150
3934,182
3935,159
3936,105
3937,81
3938,106
3939,81
3940,194
3941,241
3942,103
3943,126
3944,140
3945,147
3946,164
3947,264
3948,420
3949,121
3950,74
3951,91
3952,310
3953,96
3954,162
3955,322
3956,184
3957,171
3958,355
3959,403
3960,105
3961,181
3962,179
3963,176
3964,75
3965,286
3966,306
3967,109
3968,103
3969,286
3970,172
3971,123
3972,224
3973,277
3974,321
3975,99
3976,235
3977,175
3978,140
3979,251
3980,390
3981,164
3982,161
3983,174
3984,210
3985,310
3986,278
3987,163
3988,142
3989,122
3990,160
3991,247
3992,110
3993,167
3994,185
3995,104
3996,136
3997,124
3998,98
3999,126
4000,86
4001,257
4002,78
4003,112
4004,78
4005,254
4006,75
4007,240
4008,197
4009,156
4010,156
4011,298
4012,279
4013,302
4014,250
4015,90
4016,195
4017,269
4018,218
4019,127
4020,84
4021,232
4022,134
4023,184
4024,187
4025,150
4026,238
4027,205
4028,289
4029,75
4030,237
4031,143
4032,233
4033,96
4034,216
4035,169
4036,123
4037,274
4038,108
4039,181
4040,120
4041,156
4042,188
4043,272
4044,97
4045,143
4046,168
4047,260
4048,282
4049,221
4050,267
4051,141
4052,100
4053,296
4054,179
4055,169
4056,147
4057,259
4058,106
4059,87
4060,198
4061,226
4062,280
4063,342
4064,134
4065,191
4066,190
4067,435
4068,113
4069,209
4070,207
4071,381
4072,188
4073,139
4074,172
4075,75
4076,294
4077,381
4078,187
4079,75
4080,194
4081,136
4082,156
4083,71
4084,322
4085,74
4086,217
4087,89
4088,278
4089,81
4090,106
4091,245
4092,196
4093,141
4094,122
4095,174
