0,7463
1,7557
2,6914
3,6228
4,6346
5,6316
6,7073
7,6285
8,6179
9,6883
10,7549
11,7581
12,6313
13,6977
14,6706
15,7027
16,7046
17,6614
18,6148
19,6353
20,6129
21,6483
22,6741
23,6415
24,6291
25,7064
26,7378
27,7392
28,6776
29,6906
30,6994
31,6870
32,6556
33,6643
34,6806
35,6512
36,8332
37,6684
38,6968
39,7409
40,7321
41,6162
42,6745
43,6750
44,6358
45,6529
46,7353
47,7335
48,6836
49,6539
50,6253
51,7981
52,6153
53,6721
54,5986
55,6807
56,6489
57,7065
58,6180
59,7073
60,6879
61,6378
62,8061
63,6657
64,7565
65,6986
66,6629
67,6597
68,6430
69,7348
70,6559
71,6863
72,6923
73,6765
74,6968
75,6332
76,7036
77,6500
78,6944
79,6796
80,7269
81,6669
82,6380
83,7412
84,7352
85,6874
86,6605
87,7495
88,6262
89,7891
90,6272
91,6662
92,6589
93,7540
94,6378
95,7486
96,6958
97,7027
98,6805
99,6213
100,6664
101,6827
102,6862
103,7103
104,6425
105,7060
106,6201
107,6652
108,6818
109,6756
110,7269
111,7058
112,7153
113,6863
114,6402
115,7705
116,6333
117,6443
118,6996
119,6518
120,6864
121,6483
122,6861
123,7379
124,6389
125,6353
126,6462
127,6922
128,6621
129,6529
130,6294
131,6719
132,8042
133,7264
134,6839
135,6586
136,6255
137,6995
138,6205
139,6770
140,6618
141,6489
142,6446
143,6752
144,7939
145,6841
146,7033
147,6447
148,7415
149,6366
150,7153
151,7329
152,7505
153,6780
154,7106
155,6046
156,7347
157,6300
158,7613
159,6653
160,6241
161,6436
162,7054
163,7479
164,6814
165,6897
166,6673
167,8343
168,6855
169,6607
170,6789
171,6565
172,6664
173,6516
174,7495
175,6378
176,5968
177,7381
178,6793
179,6343
180,7359
181,7007
182,6615
183,8014
184,6661
185,6927
186,6889
187,6361
188,6698
189,6474
190,6646
191,7204
192,7072
193,6904
194,7099
195,7071
196,6587
197,7358
198,7631
199,5968
200,6797
201,7139
202,6850
203,6684
204,6946
205,6999
206,6568
207,6819
208,7345
209,7504
210,7238
211,6852
212,7065
213,6830
214,6380
215,6609
216,6434
217,7877
218,6375
219,7688
220,6369
221,6431
222,6123
223,6893
224,6988
225,6402
226,6500
227,6023
228,6692
229,7027
230,7045
231,6824
232,7096
233,6674
234,6960
235,7251
236,6766
237,7603
238,6719
239,6306
240,5999
241,6675
242,6686
243,6691
244,6770
245,7283
246,6924
247,7747
248,6109
249,6695
250,6801
251,6555
252,6928
253,6455
254,6921
255,6746
256,7466
257,6815
258,7158
259,6411
260,6561
261,6606
262,6516
263,6499
264,6506
265,6646
266,6880
267,7447
268,6201
269,6540
270,5921
271,5981
272,6583
273,6393
274,6865
275,7051
276,8273
277,7142
278,7843
279,6319
280,6615
281,7085
282,8032
283,6824
284,7226
285,6419
286,7101
287,6463
288,6662
289,6668
290,6495
291,7118
292,6498
293,6688
294,7032
295,7742
296,7034
297,6395
298,6515
299,6446
300,6521
301,7353
302,6809
303,6104
304,6341
305,6623
306,5979
307,6463
308,6615
309,6477
310,7710
311,6693
312,7543
313,5668
314,7299
315,7184
316,6895
317,7055
318,6139
319,6302
320,6401
321,6530
322,7118
323,6707
324,6899
325,6454
326,6397
327,7515
328,6268
329,6668
330,7011
331,7289
332,6847
333,7636
334,7577
335,7086
336,7920
337,6772
338,6630
339,7259
340,6699
341,6664
342,7032
343,6790
344,7053
345,6339
346,6820
347,6622
348,6830
349,6629
350,6395
351,6353
352,7285
353,6152
354,6971
355,6920
356,6452
357,7501
358,6461
359,6144
360,6518
361,6937
362,6774
363,7291
364,6337
365,7151
366,6421
367,7085
368,7828
369,7102
370,6375
371,7575
372,6825
373,8547
374,7311
375,6674
376,6489
377,7157
378,6209
379,7421
380,6593
381,6830
382,6983
383,6412
384,7062
385,7178
386,5683
387,6729
388,6432
389,7181
390,7001
391,7521
392,6138
393,6762
394,6531
395,7360
396,6325
397,6530
398,6778
399,7582
400,7493
401,6720
402,6003
403,6184
404,7092
405,6928
406,6799
407,6736
408,6912
409,6182
410,7205
411,6026
412,6214
413,6558
414,6630
415,6669
416,6682
417,8268
418,6484
419,6748
420,6631
421,6624
422,6756
423,7309
424,7593
425,7419
426,6584
427,6437
428,6281
429,7169
430,6240
431,6470
432,6810
433,6488
434,6997
435,6851
436,6013
437,6102
438,7063
439,7145
440,6884
441,6348
442,6286
443,7459
444,7368
445,7299
446,8676
447,6713
448,6719
449,7713
450,6900
451,6698
452,7568
453,6832
454,6388
455,6892
456,6314
457,6219
458,7413
459,6413
460,6189
461,7042
462,6501
463,6602
464,6593
465,6402
466,6281
467,8048
468,6817
469,6458
470,6514
471,7374
472,7049
473,7580
474,7301
475,7525
476,7476
477,6751
478,6883
479,6150
480,6615
481,7510
482,7698
483,7555
484,7182
485,6454
486,6600
487,7572
488,6998
489,6324
490,7445
491,7031
492,7410
493,6858
494,7185
495,6694
496,7799
497,7519
498,6782
499,6790
500,7635
501,6463
502,6779
503,7125
504,9154
505,6431
506,6645
507,6785
508,7570
509,7645
510,6485
511,6902
512,6254
513,6336
514,7097
515,7217
516,6009
517,7532
518,7052
519,6525
520,6967
521,7278
522,6130
523,6710
524,6845
525,6612
526,6384
527,6352
528,7377
529,8286
530,5789
531,7269
532,7353
533,6444
534,8124
535,7353
536,7258
537,6432
538,7741
539,5927
540,7945
541,6343
542,6744
543,5977
544,6134
545,6272
546,6201
547,6962
548,6913
549,7026
550,6653
551,6592
552,6643
553,6862
554,6678
555,7755
556,7184
557,6165
558,6192
559,6736
560,7418
561,7224
562,7403
563,6548
564,7168
565,7119
566,7146
567,7002
568,6822
569,6600
570,6479
571,7308
572,7910
573,6071
574,7261
575,6679
576,7342
577,7114
578,6967
579,6943
580,6595
581,7506
582,7247
583,7081
584,6847
585,8286
586,6550
587,7178
588,7664
589,6710
590,7684
591,7699
592,7770
593,6842
594,7085
595,6421
596,6271
597,6725
598,6572
599,6407
600,6539
601,6188
602,6451
603,6331
604,8336
605,6934
606,6533
607,6511
608,6602
609,7122
610,7040
611,7552
612,7109
613,6478
614,6258
615,6065
616,6463
617,6798
618,7457
619,6665
620,6439
621,6568
622,6835
623,5900
624,6460
625,6294
626,7152
627,6544
628,6967
629,6503
630,6927
631,6828
632,6335
633,7203
634,7322
635,6545
636,6203
637,7807
638,6792
639,6548
640,6572
641,6955
642,6357
643,6759
644,7893
645,7130
646,7612
647,5968
648,7031
649,7285
650,6921
651,6593
652,6789
653,7642
654,6137
655,6613
656,6717
657,6894
658,6754
659,6529
660,6942
661,6825
662,6848
663,7235
664,7052
665,6641
666,6235
667,7445
668,6529
669,6838
670,8133
671,6456
672,6711
673,7690
674,6846
675,7030
676,7128
677,6876
678,7388
679,7507
680,6130
681,7202
682,6757
683,6440
684,6515
685,6525
686,6758
687,6107
688,6882
689,6181
690,6641
691,7732
692,6558
693,7218
694,7024
695,6704
696,7249
697,6668
698,6806
699,6535
700,6257
701,6766
702,6227
703,6351
704,6902
705,7191
706,6245
707,6436
708,6916
709,6533
710,6210
711,7630
712,6797
713,6702
714,6742
715,6743
716,6902
717,6735
718,7594
719,6749
720,7589
721,7258
722,6372
723,6867
724,6395
725,7358
726,6649
727,6623
728,6878
729,6340
730,6748
731,7204
732,6488
733,7105
734,6579
735,6771
736,7036
737,6876
738,7208
739,7296
740,6026
741,6388
742,6964
743,6980
744,5743
745,7162
746,6307
747,6588
748,6463
749,6836
750,6828
751,6409
752,7036
753,6076
754,6517
755,7018
756,7562
757,6345
758,6193
759,6728
760,6426
761,6704
762,6829
763,6243
764,6950
765,6877
766,6964
767,7278
768,7028
769,6975
770,6313
771,6835
772,6450
773,6538
774,6586
775,6426
776,6581
777,8071
778,7316
779,6657
780,7083
781,6737
782,6957
783,6987
784,7542
785,7505
786,7314
787,6487
788,6767
789,6235
790,7269
791,6513
792,6838
793,7181
794,7200
795,6687
796,6980
797,6729
798,7293
799,7940
800,6226
801,6830
802,6965
803,6076
804,7253
805,7139
806,6786
807,6762
808,6595
809,6718
810,6694
811,6157
812,6225
813,7982
814,7412
815,7342
816,6961
817,7285
818,7142
819,7010
820,6866
821,6109
822,6328
823,6745
824,8313
825,5864
826,6230
827,6807
828,6531
829,6120
830,6318
831,7608
832,5966
833,7216
834,7261
835,6487
836,6858
837,6590
838,6529
839,7410
840,7120
841,6315
842,7405
843,6284
844,7453
845,6923
846,6800
847,6521
848,6330
849,7012
850,7334
851,6922
852,6232
853,6136
854,7528
855,7459
856,6320
857,6923
858,7097
859,6631
860,6718
861,6721
862,6910
863,6810
864,6844
865,6567
866,7208
867,6813
868,7666
869,6679
870,6103
871,6947
872,6045
873,6310
874,7916
875,6300
876,6888
877,6509
878,6055
879,6912
880,6185
881,7022
882,7577
883,6783
884,6857
885,6204
886,7075
887,6553
888,7747
889,6425
890,7374
891,6737
892,7989
893,7219
894,6337
895,6434
896,7701
897,7110
898,6913
899,6779
900,6456
901,7307
902,6884
903,6730
904,6460
905,6913
906,6869
907,5631
908,5987
909,6800
910,9009
911,6688
912,7970
913,6755
914,6898
915,6452
916,7088
917,6500
918,6710
919,6545
920,6506
921,6435
922,6867
923,7666
924,6352
925,7492
926,6293
927,7797
928,6618
929,6599
930,6469
931,7408
932,7162
933,6698
934,7331
935,6827
936,6909
937,6645
938,6644
939,7262
940,7479
941,7503
942,7042
943,8366
944,6801
945,7232
946,7069
947,7305
948,7026
949,7110
950,7088
951,6835
952,6782
953,7336
954,6220
955,8112
956,6426
957,6568
958,7059
959,6839
960,6644
961,7012
962,7119
963,5736
964,6962
965,6532
966,7092
967,7258
968,7074
969,6628
970,6926
971,6008
972,6735
973,6589
974,6624
975,7432
976,7846
977,6839
978,6458
979,6274
980,7142
981,6424
982,6920
983,7851
984,7066
985,7062
986,6351
987,6201
988,6774
989,6761
990,7003
991,6491
992,6299
993,6715
994,7003
995,6895
996,7872
997,7025
998,6665
999,6673
1000,5944
1001,6575
1002,7494
1003,6631
1004,7659
1005,6941
1006,9096
1007,7216
1008,6898
1009,6194
1010,9566
1011,6626
1012,6923
1013,6484
1014,6126
1015,7036
1016,6662
1017,6782
1018,6481
1019,6448
1020,6213
1021,6341
1022,7037
1023,6662
1024,6614
1025,6815
1026,7314
1027,7033
1028,6351
1029,7171
1030,7381
1031,6244
1032,8044
1033,8165
1034,8214
1035,6598
1036,8451
1037,7396
1038,7992
1039,7302
1040,6484
1041,6958
1042,7197
1043,6944
1044,6699
1045,6969
1046,6736
1047,6458
1048,6438
1049,6511
1050,6351
1051,6933
1052,6920
1053,6503
1054,6474
1055,7224
1056,6595
1057,6588
1058,6550
1059,7080
1060,6729
1061,6767
1062,7173
1063,6948
1064,6443
1065,6793
1066,6118
1067,6889
1068,6305
1069,6340
1070,5858
1071,6623
1072,7050
1073,6838
1074,6566
1075,6620
1076,6901
1077,6786
1078,7072
1079,7041
1080,7462
1081,6456
1082,6750
1083,6732
1084,6742
1085,7182
1086,7267
1087,6383
1088,6994
1089,7729
1090,7087
1091,6342
1092,6832
1093,6765
1094,6464
1095,6491
1096,7438
1097,6762
1098,7418
1099,7118
1100,7607
1101,7962
1102,7405
1103,6431
1104,6447
1105,6310
1106,6468
1107,6812
1108,7479
1109,6075
1110,6760
1111,6070
1112,7593
1113,7243
1114,7300
1115,6611
1116,6668
1117,7031
1118,7067
1119,6562
1120,8123
1121,6500
1122,6677
1123,6168
1124,7077
1125,6864
1126,6840
1127,6872
1128,5943
1129,8111
1130,7041
1131,6619
1132,6252
1133,6417
1134,6624
1135,6651
1136,6166
1137,7103
1138,6242
1139,6736
1140,6949
1141,7038
1142,6394
1143,7308
1144,6897
1145,6108
1146,6281
1147,7117
1148,7207
1149,6746
1150,7047
1151,7101
1152,7368
1153,5973
1154,6698
1155,6936
1156,6366
1157,7082
1158,7110
1159,7349
1160,6202
1161,7257
1162,5686
1163,7845
1164,6934
1165,7277
1166,6935
1167,6840
1168,6918
1169,6025
1170,7317
1171,6921
1172,6669
1173,6812
1174,6262
1175,6917
1176,7007
1177,7043
1178,6311
1179,6933
1180,6541
1181,7019
1182,6615
1183,6534
1184,6863
1185,7057
1186,7511
1187,7177
1188,6537
1189,6945
1190,7338
1191,6479
1192,7346
1193,6420
1194,7734
1195,6310
1196,6444
1197,6612
1198,6871
1199,7021
1200,7423
1201,7190
1202,7756
1203,6458
1204,6281
1205,6456
1206,6882
1207,7930
1208,5802
1209,7190
1210,7268
1211,8216
1212,6217
1213,6532
1214,7150
1215,6604
1216,8032
1217,6897
1218,6882
1219,7261
1220,6098
1221,6425
1222,6971
1223,6877
1224,6940
1225,7242
1226,6685
1227,7090
1228,7081
1229,6640
1230,6621
1231,6756
1232,6973
1233,7707
1234,6935
1235,6749
1236,6468
1237,7230
1238,7007
1239,7197
1240,6945
1241,6985
1242,6506
1243,6016
1244,6404
1245,6872
1246,7112
1247,7088
1248,6885
1249,6653
1250,6995
1251,7009
1252,6386
1253,6557
1254,6665
1255,6451
1256,6082
1257,7315
1258,6506
1259,6787
1260,7183
1261,6693
1262,6471
1263,7495
1264,7009
1265,7074
1266,6110
1267,7030
1268,5986
1269,6965
1270,6886
1271,6935
1272,6731
1273,8164
1274,6587
1275,7257
1276,6834
1277,8147
1278,6862
1279,5772
1280,6546
1281,6313
1282,6337
1283,6825
1284,6553
1285,7349
1286,6705
1287,6602
1288,6655
1289,6984
1290,6553
1291,6951
1292,7249
1293,5813
1294,5889
1295,6515
1296,6639
1297,6579
1298,6530
1299,7034
1300,7729
1301,6940
1302,7096
1303,7453
1304,7475
1305,6883
1306,6191
1307,6948
1308,7540
1309,7051
1310,6350
1311,7227
1312,6739
1313,7948
1314,6486
1315,6603
1316,7114
1317,8930
1318,6805
1319,6814
1320,6858
1321,6859
1322,6678
1323,6842
1324,7053
1325,6232
1326,6546
1327,6503
1328,6763
1329,7612
1330,6218
1331,6409
1332,6490
1333,5836
1334,7425
1335,6625
1336,6370
1337,6698
1338,6955
1339,7192
1340,6344
1341,6760
1342,5756
1343,6362
1344,7208
1345,6621
1346,7866
1347,7003
1348,6859
1349,7003
1350,7847
1351,7523
1352,6458
1353,6534
1354,7401
1355,6361
1356,6466
1357,7308
1358,6850
1359,6215
1360,6537
1361,7580
1362,6521
1363,6759
1364,7065
1365,6863
1366,6158
1367,6970
1368,6590
1369,6954
1370,6593
1371,6717
1372,6934
1373,6808
1374,7045
1375,6939
1376,6837
1377,6626
1378,6324
1379,5752
1380,7057
1381,6365
1382,6455
1383,7811
1384,6884
1385,7226
1386,6603
1387,6708
1388,6453
1389,6504
1390,6651
1391,6672
1392,7235
1393,6769
1394,6787
1395,7526
1396,7282
1397,6321
1398,6371
1399,7403
1400,6479
1401,6527
1402,8347
1403,6788
1404,7379
1405,7420
1406,6492
1407,6150
1408,7702
1409,6784
1410,6523
1411,7360
1412,7129
1413,6262
1414,6828
1415,6746
1416,6520
1417,6181
1418,6347
1419,6632
1420,7963
1421,6819
1422,6825
1423,7601
1424,6947
1425,6966
1426,6003
1427,6608
1428,7316
1429,6605
1430,8046
1431,6575
1432,6933
1433,6283
1434,6268
1435,6656
1436,6319
1437,6858
1438,6145
1439,6702
1440,6727
1441,6811
1442,6952
1443,6482
1444,7224
1445,7017
1446,5757
1447,7015
1448,6462
1449,7445
1450,6226
1451,6607
1452,6706
1453,6751
1454,6447
1455,6585
1456,6922
1457,6951
1458,5986
1459,7061
1460,6773
1461,7449
1462,6351
1463,6613
1464,7104
1465,6354
1466,7321
1467,6964
1468,6929
1469,6956
1470,6902
1471,6102
1472,6468
1473,7030
1474,5813
1475,8704
1476,6840
1477,7243
1478,6202
1479,6967
1480,6053
1481,7199
1482,6872
1483,7191
1484,6775
1485,6442
1486,7644
1487,6984
1488,7592
1489,7347
1490,7178
1491,6665
1492,6758
1493,6494
1494,6265
1495,6021
1496,7023
1497,5967
1498,7682
1499,6271
1500,5836
1501,7338
1502,7995
1503,7100
1504,6543
1505,7805
1506,6183
1507,8304
1508,6500
1509,6932
1510,6543
1511,7485
1512,6613
1513,7091
1514,7375
1515,6775
1516,7336
1517,7744
1518,6365
1519,7186
1520,6557
1521,6308
1522,6876
1523,6508
1524,6366
1525,7651
1526,6124
1527,6956
1528,7177
1529,7442
1530,6978
1531,6328
1532,6737
1533,7711
1534,6988
1535,6591
1536,6425
1537,6881
1538,6903
1539,6519
1540,7295
1541,7332
1542,6860
1543,6736
1544,6407
1545,6618
1546,7797
1547,7396
1548,6824
1549,6770
1550,6930
1551,6820
1552,6516
1553,7070
1554,7173
1555,6761
1556,6862
1557,6164
1558,6546
1559,6721
1560,7673
1561,6864
1562,6720
1563,6361
1564,7566
1565,6679
1566,7602
1567,6827
1568,7277
1569,7165
1570,6575
1571,6818
1572,7418
1573,6198
1574,7025
1575,6360
1576,6316
1577,6363
1578,6847
1579,6814
1580,7149
1581,7033
1582,7519
1583,6678
1584,8041
1585,7387
1586,6300
1587,6427
1588,6833
1589,7080
1590,7071
1591,6622
1592,6491
1593,7048
1594,6763
1595,6330
1596,7115
1597,5920
1598,6574
1599,7324
1600,6926
1601,6048
1602,6546
1603,7016
1604,6603
1605,6106
1606,6329
1607,6910
1608,7235
1609,6864
1610,6057
1611,8168
1612,6790
1613,6705
1614,6956
1615,7208
1616,7411
1617,7110
1618,6211
1619,6776
1620,6549
1621,7989
1622,6682
1623,7038
1624,6308
1625,6635
1626,6902
1627,6856
1628,6416
1629,6746
1630,6575
1631,6806
1632,6549
1633,6574
1634,7078
1635,7682
1636,6671
1637,6951
1638,6694
1639,6766
1640,7074
1641,6671
1642,6240
1643,7434
1644,7024
1645,7130
1646,6851
1647,6904
1648,6123
1649,6766
1650,7424
1651,7424
1652,6532
1653,7156
1654,6946
1655,6753
1656,6422
1657,7590
1658,6603
1659,7045
1660,7120
1661,6636
1662,7986
1663,7340
1664,6821
1665,6396
1666,7114
1667,6670
1668,6301
1669,6355
1670,6246
1671,8151
1672,6792
1673,6905
1674,7349
1675,6883
1676,6649
1677,7031
1678,7114
1679,6024
1680,7837
1681,6594
1682,6944
1683,6692
1684,7118
1685,6566
1686,6354
1687,6499
1688,6480
1689,6960
1690,7566
1691,7220
1692,6993
1693,6487
1694,7401
1695,6350
1696,6305
1697,6485
1698,6214
1699,6440
1700,7691
1701,6017
1702,7218
1703,7231
1704,6978
1705,6797
1706,6735
1707,6981
1708,7254
1709,7264
1710,5648
1711,6525
1712,7056
1713,6241
1714,7189
1715,7623
1716,6741
1717,7255
1718,7168
1719,6670
1720,7166
1721,6902
1722,6162
1723,6908
1724,6422
1725,7203
1726,7966
1727,7333
1728,6599
1729,7009
1730,7808
1731,7949
1732,6532
1733,6410
1734,6825
1735,6769
1736,6821
1737,6843
1738,6642
1739,6567
1740,6839
1741,6792
1742,7578
1743,6687
1744,7693
1745,6785
1746,6649
1747,7485
1748,6867
1749,6778
1750,8268
1751,6161
1752,7275
1753,7477
1754,6243
1755,6691
1756,6161
1757,6277
1758,6751
1759,6783
1760,7055
1761,7359
1762,6963
1763,7821
1764,6610
1765,6642
1766,6509
1767,6521
1768,7930
1769,6034
1770,7555
1771,6786
1772,6205
1773,6761
1774,7010
1775,5717
1776,5988
1777,6853
1778,6474
1779,6562
1780,6742
1781,6290
1782,6730
1783,6701
1784,6739
1785,6326
1786,7922
1787,6330
1788,6877
1789,7223
1790,6166
1791,7518
1792,7189
1793,6328
1794,6374
1795,6814
1796,6879
1797,6060
1798,6713
1799,6800
1800,7081
1801,6919
1802,6454
1803,7193
1804,6779
1805,8057
1806,6371
1807,8019
1808,7123
1809,6993
1810,6993
1811,7861
1812,6853
1813,6455
1814,6720
1815,6890
1816,7088
1817,7055
1818,6788
1819,6886
1820,6380
1821,6744
1822,6892
1823,6509
1824,6899
1825,6376
1826,6860
1827,7061
1828,7981
1829,6584
1830,6862
1831,7071
1832,6688
1833,6267
1834,6388
1835,6822
1836,7078
1837,6559
1838,7036
1839,6221
1840,6455
1841,6709
1842,6968
1843,6460
1844,7193
1845,6995
1846,6748
1847,7319
1848,6900
1849,7111
1850,6813
1851,6387
1852,6246
1853,7594
1854,6841
1855,6574
1856,6919
1857,7398
1858,7430
1859,7594
1860,7039
1861,5979
1862,6845
1863,7340
1864,7283
1865,6787
1866,6408
1867,6939
1868,6946
1869,6019
1870,7277
1871,6931
1872,6971
1873,6445
1874,6726
1875,6601
1876,6733
1877,6230
1878,6719
1879,6458
1880,6818
1881,7052
1882,6252
1883,7262
1884,6363
1885,6767
1886,6739
1887,6865
1888,6628
1889,7658
1890,6846
1891,7537
1892,6233
1893,6726
1894,6805
1895,6837
1896,6604
1897,6711
1898,6538
1899,6784
1900,6741
1901,6477
1902,6471
1903,6761
1904,7061
1905,7429
1906,7186
1907,7091
1908,7296
1909,7033
1910,6281
1911,7742
1912,6041
1913,6663
1914,6520
1915,7465
1916,6919
1917,6765
1918,6203
1919,6081
1920,7139
1921,6881
1922,6396
1923,6526
1924,7111
1925,6728
1926,6480
1927,6936
1928,6718
1929,8040
1930,6339
1931,7275
1932,7235
1933,7578
1934,6917
1935,6356
1936,7845
1937,6730
1938,7689
1939,6264
1940,6974
1941,6064
1942,6529
1943,7395
1944,6934
1945,6789
1946,6803
1947,6403
1948,7300
1949,6932
1950,6568
1951,6092
1952,6478
1953,6592
1954,7217
1955,6768
1956,6823
1957,6833
1958,6551
1959,7173
1960,6700
1961,6517
1962,6982
1963,6408
1964,7251
1965,7100
1966,6753
1967,7833
1968,6618
1969,8066
1970,6435
1971,6530
1972,5902
1973,5980
1974,6710
1975,7043
1976,6894
1977,7977
1978,7267
1979,7230
1980,6303
1981,6355
1982,6561
1983,6955
1984,6934
1985,7731
1986,6701
1987,6405
1988,6487
1989,7139
1990,7029
1991,6335
1992,7171
1993,6934
1994,6743
1995,6665
1996,6466
1997,6304
1998,7052
1999,6521
2000,6453
2001,7025
2002,6365
2003,6975
2004,6906
2005,6201
2006,7687
2007,7171
2008,6504
2009,6422
2010,6284
2011,5978
2012,6665
2013,6287
2014,7375
2015,6133
2016,6814
2017,6836
2018,7065
2019,7416
2020,6674
2021,6255
2022,7636
2023,6742
2024,7340
2025,6432
2026,7026
2027,6607
2028,5999
2029,8173
2030,6746
2031,6711
2032,6680
2033,6724
2034,6482
2035,6907
2036,7574
2037,6998
2038,7237
2039,6434
2040,7241
2041,6743
2042,6641
2043,6972
2044,6780
2045,7845
2046,7526
2047,7487
2048,6696
2049,6248
2050,7244
2051,6952
2052,7056
2053,6461
2054,6485
2055,7136
2056,7184
2057,6105
2058,7129
2059,6118
2060,6622
2061,7174
2062,6893
2063,6286
2064,7170
2065,6440
2066,6145
2067,7820
2068,6222
2069,6842
2070,6720
2071,6554
2072,6013
2073,7291
2074,6754
2075,5931
2076,7141
2077,7453
2078,7650
2079,7047
2080,7630
2081,6708
2082,7776
2083,7070
2084,7399
2085,6996
2086,6003
2087,6796
2088,6507
2089,6479
2090,6714
2091,6427
2092,6953
2093,6980
2094,6227
2095,7696
2096,6996
2097,6447
2098,6750
2099,6197
2100,6788
2101,6634
2102,6983
2103,7326
2104,6072
2105,6554
2106,6271
2107,6464
2108,6927
2109,6594
2110,6794
2111,6484
2112,7153
2113,7008
2114,7447
2115,7070
2116,6421
2117,7423
2118,7031
2119,6504
2120,7167
2121,6437
2122,7731
2123,6457
2124,6683
2125,6820
2126,6125
2127,6338
2128,6917
2129,6715
2130,6931
2131,6659
2132,8599
2133,7032
2134,7273
2135,7019
2136,6702
2137,6827
2138,6812
2139,7194
2140,7620
2141,7126
2142,7102
2143,6093
2144,7215
2145,6404
2146,6409
2147,7188
2148,7940
2149,7778
2150,7137
2151,6783
2152,6894
2153,6581
2154,6327
2155,6983
2156,6419
2157,7028
2158,6875
2159,7101
2160,6365
2161,7040
2162,6053
2163,6154
2164,6871
2165,6924
2166,7287
2167,6234
2168,6002
2169,7075
2170,7231
2171,6622
2172,7599
2173,6379
2174,8838
2175,6392
2176,6070
2177,7064
2178,6884
2179,6578
2180,6288
2181,6696
2182,6913
2183,7767
2184,6287
2185,7257
2186,6765
2187,6893
2188,7817
2189,6647
2190,7088
2191,7298
2192,6009
2193,6472
2194,6803
2195,7072
2196,6934
2197,7889
2198,6900
2199,7620
2200,6264
2201,7654
2202,7591
2203,6353
2204,6498
2205,7167
2206,6607
2207,6788
2208,6699
2209,7054
2210,6719
2211,6443
2212,6939
2213,6976
2214,7187
2215,6417
2216,7041
2217,6743
2218,6264
2219,6553
2220,6185
2221,7633
2222,7515
2223,6221
2224,6801
2225,7104
2226,6716
2227,7049
2228,7904
2229,7426
2230,6618
2231,7529
2232,7599
2233,6593
2234,6687
2235,6461
2236,7240
2237,6530
2238,6156
2239,7732
2240,6405
2241,6417
2242,6850
2243,7037
2244,6575
2245,7126
2246,7090
2247,6427
2248,6579
2249,7067
2250,7249
2251,6187
2252,6838
2253,8327
2254,6298
2255,7036
2256,7124
2257,6281
2258,7192
2259,6183
2260,7114
2261,7584
2262,7021
2263,6735
2264,6739
2265,6920
2266,6073
2267,6745
2268,7850
2269,6029
2270,6827
2271,6863
2272,6359
2273,6171
2274,7003
2275,6809
2276,6411
2277,7076
2278,6086
2279,5791
2280,7222
2281,6782
2282,6184
2283,6667
2284,6541
2285,7006
2286,8144
2287,7948
2288,6512
2289,7136
2290,6153
2291,7130
2292,6651
2293,6990
2294,7020
2295,6401
2296,6938
2297,7011
2298,6703
2299,7530
2300,6465
2301,7015
2302,7276
2303,6441
2304,7161
2305,6736
2306,7244
2307,7126
2308,7394
2309,6111
2310,6179
2311,6281
2312,7162
2313,5984
2314,7053
2315,7316
2316,7516
2317,6895
2318,6886
2319,6846
2320,7450
2321,6702
2322,6862
2323,6680
2324,6095
2325,8164
2326,6640
2327,6733
2328,5990
2329,6485
2330,6502
2331,7387
2332,6255
2333,6732
2334,7131
2335,6457
2336,6946
2337,6779
2338,7137
2339,6632
2340,7052
2341,6535
2342,6797
2343,6486
2344,7248
2345,6489
2346,7255
2347,6876
2348,6505
2349,6899
2350,7193
2351,7194
2352,7398
2353,7472
2354,6912
2355,6566
2356,6574
2357,6595
2358,6914
2359,5652
2360,8430
2361,7076
2362,6732
2363,6750
2364,6598
2365,6599
2366,7687
2367,6912
2368,6652
2369,6721
2370,6343
2371,6411
2372,6424
2373,6935
2374,6418
2375,7235
2376,7244
2377,6632
2378,7122
2379,6969
2380,6972
2381,5444
2382,6599
2383,6462
2384,6314
2385,6277
2386,7148
2387,6918
2388,7246
2389,6569
2390,5899
2391,7766
2392,6620
2393,7073
2394,6917
2395,7500
2396,6863
2397,6130
2398,7123
2399,6270
2400,6301
2401,7953
2402,6565
2403,7640
2404,7862
2405,7378
2406,6696
2407,7156
2408,6289
2409,6523
2410,7235
2411,6952
2412,6972
2413,5962
2414,6901
2415,7068
2416,6484
2417,7144
2418,6783
2419,7095
2420,6955
2421,7101
2422,6756
2423,7086
2424,7618
2425,6263
2426,6870
2427,6648
2428,6920
2429,6630
2430,6513
2431,5887
2432,5827
2433,6555
2434,7531
2435,6189
2436,6703
2437,6181
2438,7055
2439,6850
2440,7071
2441,6490
2442,6648
2443,7244
2444,6841
2445,6739
2446,6610
2447,6125
2448,6061
2449,7223
2450,6596
2451,7877
2452,7750
2453,7207
2454,6594
2455,6260
2456,5889
2457,6919
2458,6930
2459,6781
2460,6540
2461,6536
2462,6215
2463,6856
2464,6431
2465,6917
2466,7546
2467,6695
2468,6629
2469,7020
2470,6555
2471,6555
2472,7645
2473,6850
2474,7083
2475,7271
2476,6411
2477,7002
2478,6564
2479,6910
2480,8145
2481,6555
2482,7488
2483,6151
2484,7617
2485,8515
2486,6912
2487,6999
2488,6559
2489,6018
2490,7104
2491,6892
2492,7621
2493,6326
2494,6229
2495,7037
2496,7203
2497,6351
2498,6606
2499,6923
2500,6477
2501,6950
2502,6812
2503,6775
2504,7413
2505,7235
2506,7106
2507,6897
2508,7296
2509,6621
2510,6869
2511,6532
2512,7002
2513,6028
2514,5598
2515,6296
2516,6731
2517,6458
2518,6764
2519,7903
2520,6417
2521,7048
2522,7144
2523,5863
2524,6482
2525,8539
2526,7349
2527,7346
2528,8271
2529,8024
2530,7265
2531,7224
2532,6897
2533,7012
2534,6563
2535,7796
2536,6280
2537,7132
2538,6008
2539,8256
2540,6253
2541,6409
2542,6417
2543,7354
2544,6684
2545,7033
2546,6755
2547,7009
2548,7425
2549,6649
2550,6438
2551,6248
2552,6324
2553,6617
2554,6734
2555,6404
2556,7240
2557,6790
2558,6965
2559,6505
2560,6686
2561,6620
2562,6976
2563,7190
2564,7526
2565,7127
2566,6713
2567,6441
2568,6446
2569,7055
2570,6980
2571,6845
2572,6958
2573,6108
2574,6242
2575,6879
2576,7487
2577,6736
2578,7022
2579,6851
2580,7076
2581,6793
2582,6759
2583,7676
2584,6334
2585,7187
2586,7557
2587,7148
2588,6832
2589,6353
2590,6421
2591,6728
2592,8030
2593,5854
2594,6701
2595,6334
2596,6012
2597,6209
2598,6605
2599,7073
2600,7716
2601,6169
2602,7039
2603,6808
2604,6796
2605,7477
2606,7167
2607,6400
2608,6036
2609,6596
2610,7595
2611,5631
2612,6745
2613,6407
2614,7261
2615,6174
2616,7261
2617,7786
2618,7362
2619,7074
2620,7837
2621,6733
2622,6132
2623,6772
2624,8176
2625,7139
2626,6640
2627,6897
2628,6752
2629,6465
2630,7148
2631,7014
2632,6802
2633,6733
2634,6590
2635,7150
2636,6922
2637,7470
2638,9593
2639,6209
2640,6352
2641,7054
2642,6697
2643,7208
2644,7080
2645,7195
2646,6958
2647,7147
2648,6376
2649,7229
2650,7692
2651,6963
2652,6106
2653,6545
2654,6196
2655,7216
2656,5988
2657,5857
2658,6252
2659,7385
2660,6624
2661,6501
2662,6917
2663,6468
2664,6918
2665,5936
2666,7094
2667,6538
2668,7394
2669,7614
2670,6983
2671,6996
2672,7589
2673,6631
2674,6502
2675,6298
2676,6654
2677,6990
2678,6392
2679,7294
2680,6527
2681,7000
2682,7006
2683,6040
2684,6698
2685,6420
2686,6550
2687,6255
2688,7360
2689,7505
2690,6625
2691,7304
2692,6324
2693,7181
2694,6209
2695,6755
2696,6795
2697,6842
2698,7208
2699,6993
2700,6288
2701,7159
2702,6449
2703,5928
2704,7097
2705,7099
2706,6617
2707,6961
2708,6731
2709,6173
2710,6154
2711,6829
2712,6766
2713,6811
2714,6216
2715,6988
2716,6651
2717,6703
2718,6332
2719,6769
2720,6829
2721,6848
2722,5962
2723,5685
2724,7276
2725,7011
2726,6746
2727,7589
2728,6435
2729,6787
2730,6540
2731,7265
2732,6522
2733,6972
2734,7562
2735,6691
2736,6335
2737,6177
2738,6039
2739,7590
2740,6067
2741,7644
2742,7508
2743,7536
2744,5908
2745,7630
2746,7078
2747,6588
2748,7380
2749,6779
2750,6282
2751,7425
2752,7110
2753,6679
2754,6883
2755,7158
2756,6088
2757,6619
2758,6708
2759,6711
2760,7064
2761,6710
2762,6846
2763,7114
2764,6806
2765,6061
2766,6263
2767,6974
2768,7719
2769,6658
2770,7376
2771,7267
2772,6929
2773,7160
2774,7000
2775,7224
2776,6420
2777,7034
2778,7431
2779,6097
2780,6722
2781,6640
2782,7819
2783,6544
2784,6943
2785,6501
2786,6383
2787,7192
2788,6672
2789,6122
2790,6362
2791,6348
2792,7038
2793,6224
2794,8376
2795,6992
2796,7030
2797,6607
2798,6462
2799,7012
2800,6900
2801,7398
2802,7098
2803,6860
2804,6497
2805,6380
2806,6249
2807,6397
2808,7011
2809,6428
2810,6169
2811,6798
2812,6528
2813,6649
2814,6920
2815,6511
2816,6831
2817,7176
2818,6516
2819,6304
2820,7797
2821,7101
2822,7383
2823,6703
2824,7637
2825,7001
2826,6391
2827,6892
2828,7060
2829,6812
2830,6679
2831,6662
2832,6223
2833,6636
2834,6840
2835,7823
2836,6316
2837,7628
2838,6697
2839,7599
2840,7122
2841,7264
2842,6660
2843,6362
2844,7573
2845,6784
2846,6685
2847,6695
2848,6742
2849,7454
2850,6846
2851,7257
2852,7149
2853,6883
2854,7131
2855,6347
2856,6026
2857,7031
2858,7461
2859,7006
2860,7377
2861,6163
2862,6928
2863,7021
2864,7223
2865,7198
2866,6558
2867,6687
2868,7205
2869,6556
2870,7110
2871,7138
2872,6763
2873,7299
2874,6626
2875,6519
2876,6721
2877,6537
2878,7259
2879,6522
2880,5824
2881,6753
2882,6762
2883,5938
2884,7297
2885,6658
2886,7053
2887,6410
2888,6926
2889,6262
2890,6686
2891,6788
2892,6500
2893,6916
2894,6970
2895,6886
2896,6664
2897,7210
2898,6222
2899,7347
2900,7065
2901,5999
2902,7114
2903,6171
2904,6655
2905,6783
2906,6873
2907,6601
2908,7023
2909,6096
2910,6419
2911,6609
2912,7595
2913,6856
2914,7339
2915,6618
2916,7248
2917,7172
2918,6376
2919,5776
2920,6927
2921,7131
2922,6759
2923,6975
2924,7254
2925,6488
2926,6637
2927,6913
2928,6953
2929,7841
2930,6090
2931,6191
2932,6463
2933,6950
2934,6546
2935,6534
2936,6850
2937,6667
2938,8046
2939,6953
2940,5974
2941,6551
2942,6564
2943,7286
2944,7382
2945,6404
2946,6519
2947,6984
2948,6451
2949,6628
2950,8734
2951,6885
2952,7258
2953,6653
2954,6408
2955,5983
2956,6737
2957,6262
2958,6612
2959,7294
2960,6806
2961,7512
2962,6807
2963,6306
2964,7169
2965,7188
2966,6310
2967,7075
2968,6303
2969,6741
2970,6227
2971,6535
2972,7431
2973,7357
2974,6192
2975,6393
2976,6575
2977,5922
2978,6327
2979,6370
2980,7525
2981,7388
2982,6894
2983,6572
2984,6649
2985,6411
2986,7222
2987,6494
2988,6751
2989,5798
2990,6697
2991,8272
2992,7461
2993,6972
2994,6565
2995,6439
2996,7158
2997,5949
2998,6779
2999,7450
3000,6773
3001,6263
3002,6623
3003,6897
3004,6651
3005,6431
3006,6795
3007,6788
3008,6483
3009,6544
3010,6579
3011,6538
3012,6629
3013,6694
3014,6826
3015,7097
3016,7821
3017,7571
3018,7619
3019,6457
3020,6442
3021,7383
3022,6256
3023,7320
3024,6859
3025,7437
3026,6024
3027,7671
3028,7329
3029,6547
3030,7378
3031,6831
3032,6028
3033,5477
3034,6237
3035,6268
3036,6259
3037,7541
3038,6215
3039,6236
3040,6825
3041,6710
3042,6072
3043,6846
3044,6100
3045,7291
3046,7295
3047,7042
3048,7044
3049,7209
3050,7097
3051,7254
3052,6029
3053,6405
3054,7108
3055,7089
3056,6705
3057,6636
3058,6922
3059,6527
3060,8114
3061,6396
3062,7451
3063,6509
3064,6909
3065,6323
3066,7073
3067,6570
3068,6333
3069,6242
3070,7403
3071,6314
3072,7316
3073,7423
3074,6036
3075,7397
3076,6382
3077,6909
3078,6984
3079,7638
3080,6124
3081,8004
3082,7147
3083,6361
3084,6211
3085,6641
3086,6246
3087,6910
3088,7565
3089,7124
3090,7952
3091,6290
3092,6924
3093,6872
3094,6609
3095,6814
3096,6632
3097,6431
3098,8059
3099,5780
3100,7254
3101,8009
3102,6941
3103,8056
3104,6398
3105,6098
3106,7009
3107,7167
3108,6728
3109,6758
3110,7593
3111,6964
3112,7088
3113,6544
3114,6625
3115,6200
3116,6661
3117,7243
3118,6411
3119,6768
3120,6509
3121,7676
3122,6399
3123,6444
3124,6526
3125,6357
3126,7480
3127,6818
3128,6846
3129,6680
3130,6465
3131,6604
3132,6821
3133,7231
3134,6888
3135,6391
3136,6157
3137,7596
3138,6618
3139,6523
3140,6617
3141,6561
3142,6784
3143,6606
3144,6075
3145,6499
3146,6003
3147,7491
3148,6140
3149,6426
3150,6889
3151,6331
3152,6427
3153,7897
3154,5988
3155,6534
3156,6243
3157,6577
3158,6619
3159,6968
3160,6430
3161,7207
3162,7428
3163,6638
3164,6561
3165,6189
3166,6881
3167,5952
3168,6443
3169,6685
3170,7677
3171,6763
3172,6879
3173,8028
3174,6931
3175,6903
3176,7474
3177,7045
3178,7314
3179,6410
3180,6752
3181,6883
3182,7328
3183,7490
3184,6516
3185,6989
3186,6684
3187,6679
3188,6685
3189,6010
3190,6395
3191,7116
3192,6094
3193,6529
3194,7736
3195,6382
3196,6622
3197,6313
3198,6954
3199,6059
3200,6408
3201,6525
3202,7683
3203,6725
3204,6641
3205,6741
3206,8036
3207,7211
3208,6032
3209,6628
3210,6163
3211,7164
3212,6825
3213,6813
3214,6889
3215,6865
3216,7714
3217,6737
3218,6501
3219,6061
3220,6275
3221,6911
3222,7342
3223,6329
3224,6533
3225,6833
3226,6715
3227,6185
3228,7177
3229,6475
3230,6983
3231,6646
3232,6686
3233,6876
3234,6839
3235,7612
3236,6509
3237,6358
3238,6448
3239,7088
3240,7196
3241,6697
3242,7265
3243,6449
3244,7067
3245,6640
3246,7058
3247,6662
3248,6892
3249,6821
3250,6673
3251,7677
3252,6504
3253,6925
3254,7783
3255,7275
3256,6814
3257,6641
3258,6748
3259,6338
3260,7138
3261,7018
3262,6493
3263,6540
3264,6601
3265,7043
3266,7303
3267,8044
3268,6338
3269,6364
3270,6930
3271,6693
3272,6438
3273,6706
3274,6333
3275,7014
3276,6020
3277,6992
3278,6109
3279,7034
3280,6332
3281,5998
3282,7098
3283,6773
3284,6904
3285,7563
3286,6650
3287,7364
3288,6343
3289,6833
3290,6448
3291,7458
3292,7371
3293,6123
3294,7535
3295,6188
3296,6223
3297,7255
3298,6973
3299,6159
3300,7238
3301,7076
3302,7291
3303,7787
3304,6972
3305,7217
3306,6718
3307,6921
3308,6361
3309,7302
3310,6857
3311,7274
3312,6732
3313,7204
3314,6809
3315,6336
3316,7543
3317,7269
3318,6979
3319,6411
3320,7006
3321,7334
3322,6479
3323,8021
3324,6348
3325,7169
3326,7796
3327,6319
3328,6164
3329,5749
3330,7602
3331,6593
3332,6985
3333,6584
3334,6270
3335,6967
3336,6718
3337,7195
3338,6753
3339,7129
3340,7285
3341,7225
3342,6483
3343,7248
3344,6102
3345,6825
3346,7062
3347,7049
3348,8377
3349,6574
3350,6737
3351,6451
3352,6493
3353,6176
3354,6540
3355,6082
3356,5864
3357,6836
3358,7003
3359,6418
3360,6408
3361,7558
3362,7424
3363,6530
3364,8679
3365,7138
3366,6223
3367,7327
3368,6497
3369,7077
3370,6743
3371,6733
3372,6487
3373,7618
3374,6935
3375,6837
3376,6611
3377,6738
3378,7100
3379,6459
3380,6704
3381,6365
3382,5998
3383,6727
3384,7154
3385,7015
3386,6887
3387,7264
3388,7390
3389,6204
3390,6825
3391,6719
3392,6766
3393,6799
3394,7324
3395,6973
3396,6935
3397,6678
3398,6878
3399,6344
3400,7802
3401,6581
3402,6935
3403,7098
3404,6610
3405,6400
3406,6865
3407,6400
3408,8143
3409,7674
3410,6598
3411,7479
3412,6381
3413,6082
3414,6885
3415,6852
3416,7119
3417,6362
3418,7416
3419,7302
3420,7462
3421,6507
3422,6535
3423,7135
3424,6736
3425,6886
3426,6167
3427,7257
3428,6848
3429,7727
3430,6571
3431,6975
3432,6894
3433,6619
3434,6925
3435,6780
3436,6482
3437,6640
3438,7283
3439,7096
3440,5817
3441,6558
3442,6859
3443,6249
3444,7096
3445,8208
3446,7401
3447,5710
3448,6553
3449,7043
3450,8283
3451,6767
3452,6413
3453,6595
3454,7525
3455,6284
3456,6403
3457,6664
3458,7865
3459,6173
3460,7087
3461,6670
3462,7717
3463,6763
3464,6815
3465,6120
3466,6267
3467,7300
3468,7393
3469,8097
3470,6131
3471,6603
3472,6922
3473,6332
3474,6570
3475,7270
3476,7239
3477,6646
3478,7118
3479,7419
3480,6477
3481,6019
3482,7052
3483,6138
3484,7784
3485,7341
3486,7228
3487,6619
3488,6892
3489,7164
3490,6784
3491,7054
3492,6907
3493,6421
3494,7236
3495,6712
3496,7926
3497,6839
3498,7164
3499,6484
3500,6775
3501,6472
3502,6701
3503,6161
3504,7519
3505,6534
3506,8302
3507,6691
3508,6961
3509,6631
3510,6294
3511,7081
3512,6659
3513,6757
3514,6931
3515,6747
3516,7093
3517,6537
3518,7265
3519,6473
3520,7194
3521,7090
3522,6232
3523,7512
3524,6665
3525,6280
3526,7602
3527,6796
3528,6562
3529,6306
3530,6928
3531,7559
3532,6894
3533,6947
3534,6238
3535,6357
3536,7066
3537,6545
3538,6727
3539,6657
3540,7164
3541,7010
3542,7661
3543,6529
3544,6848
3545,6126
3546,7264
3547,6125
3548,6516
3549,6753
3550,7283
3551,6606
3552,6436
3553,7181
3554,7272
3555,7254
3556,6902
3557,6792
3558,6850
3559,6745
3560,7065
3561,6865
3562,6303
3563,6483
3564,7154
3565,7501
3566,7283
3567,7366
3568,6806
3569,7939
3570,6258
3571,6666
3572,7649
3573,7521
3574,6983
3575,7261
3576,6446
3577,6797
3578,7211
3579,6628
3580,6798
3581,6344
3582,6790
3583,5809
3584,6475
3585,7137
3586,6942
3587,6683
3588,7111
3589,6685
3590,5877
3591,6687
3592,6717
3593,6785
3594,7483
3595,7516
3596,6665
3597,7143
3598,6743
3599,6287
3600,6952
3601,6500
3602,7504
3603,7163
3604,6343
3605,6705
3606,6872
3607,6417
3608,6902
3609,6839
3610,6769
3611,5964
3612,6396
3613,6979
3614,7666
3615,6526
3616,6486
3617,6204
3618,7158
3619,6258
3620,6311
3621,7174
3622,7387
3623,7295
3624,7455
3625,6115
3626,6810
3627,6801
3628,7238
3629,6556
3630,6923
3631,5844
3632,6536
3633,6422
3634,6867
3635,7130
3636,6665
3637,6750
3638,7033
3639,5716
3640,6748
3641,7733
3642,7429
3643,7201
3644,7615
3645,6299
3646,6517
3647,6613
3648,6856
3649,5866
3650,6836
3651,6751
3652,6077
3653,5995
3654,6414
3655,5948
3656,6409
3657,6848
3658,7662
3659,6505
3660,6370
3661,6833
3662,6853
3663,7437
3664,7104
3665,6214
3666,6585
3667,6702
3668,6745
3669,6791
3670,6847
3671,7521
3672,6428
3673,7413
3674,6767
3675,6999
3676,6515
3677,8070
3678,6600
3679,7165
3680,6590
3681,6547
3682,7464
3683,5970
3684,7314
3685,6631
3686,6589
3687,6815
3688,6975
3689,6701
3690,7196
3691,6196
3692,7410
3693,6387
3694,6875
3695,7375
3696,6630
3697,6212
3698,7388
3699,6566
3700,6912
3701,6699
3702,7153
3703,6020
3704,7802
3705,6724
3706,7556
3707,6487
3708,6519
3709,7472
3710,7282
3711,6243
3712,7719
3713,7151
3714,7029
3715,7978
3716,6361
3717,6568
3718,6605
3719,6308
3720,7146
3721,6592
3722,6545
3723,6482
3724,6651
3725,6826
3726,6644
3727,6791
3728,6737
3729,7359
3730,7284
3731,6694
3732,6606
3733,6960
3734,7040
3735,6474
3736,6066
3737,6905
3738,6981
3739,6906
3740,6023
3741,6611
3742,7723
3743,7228
3744,7341
3745,7653
3746,6102
3747,6419
3748,7013
3749,6248
3750,7191
3751,6073
3752,6768
3753,7109
3754,6894
3755,6135
3756,7269
3757,7702
3758,7459
3759,6888
3760,6594
3761,6380
3762,6497
3763,6665
3764,6887
3765,6331
3766,6484
3767,7332
3768,7363
3769,6713
3770,6800
3771,6912
3772,7136
3773,7496
3774,6305
3775,5945
3776,6856
3777,7424
3778,7202
3779,6278
3780,6641
3781,7264
3782,6644
3783,7266
3784,7304
3785,6596
3786,7619
3787,7325
3788,6301
3789,6525
3790,6669
3791,6332
3792,7059
3793,7745
3794,5982
3795,6703
3796,7015
3797,7323
3798,7199
3799,6866
3800,7767
3801,6378
3802,6792
3803,6860
3804,6772
3805,7020
3806,6822
3807,7142
3808,6981
3809,7239
3810,7209
3811,7747
3812,6894
3813,6461
3814,7068
3815,6664
3816,6075
3817,7307
3818,6736
3819,6630
3820,6352
3821,7275
3822,6561
3823,6765
3824,6859
3825,8362
3826,6742
3827,6372
3828,6473
3829,6752
3830,7283
3831,6622
3832,7624
3833,6182
3834,7049
3835,6816
3836,6934
3837,7426
3838,6634
3839,6875
3840,6871
3841,6488
3842,7298
3843,6968
3844,6631
3845,7351
3846,7781
3847,6953
3848,7411
3849,7269
3850,6968
3851,6867
3852,7010
3853,7457
3854,7181
3855,6297
3856,6711
3857,6877
3858,6357
3859,6405
3860,6076
3861,6510
3862,6335
3863,6113
3864,6721
3865,7000
3866,6672
3867,7165
3868,6936
3869,6362
3870,7221
3871,7103
3872,6183
3873,6958
3874,6403
3875,6568
3876,6328
3877,6981
3878,6916
3879,6122
3880,6792
3881,6753
3882,6968
3883,7354
3884,7120
3885,6009
3886,7419
3887,6862
3888,6880
3889,8420
3890,6497
3891,6782
3892,6515
3893,6962
3894,7313
3895,6634
3896,6659
3897,6867
3898,7685
3899,7751
3900,6547
3901,6737
3902,6625
3903,6923
3904,7376
3905,6344
3906,6337
3907,6888
3908,6418
3909,6229
3910,6807
3911,6747
3912,8385
3913,6590
3914,6473
3915,6281
3916,7195
3917,6491
3918,7375
3919,6218
3920,6794
3921,7035
3922,7432
3923,7150
3924,6664
3925,7902
3926,7249
3927,7321
3928,7019
3929,6709
3930,6577
3931,6702
3932,7039
3933,7036
3934,6701
3935,7449
3936,6821
3937,6357
3938,6446
3939,5934
3940,8471
3941,7199
3942,5989
3943,5984
3944,6713
3945,6917
3946,6748
3947,6318
3948,6713
3949,6509
3950,6665
3951,6021
3952,6720
3953,6713
3954,6300
3955,7583
3956,6825
3957,6710
3958,6807
3959,7222
3960,7849
3961,7006
3962,8286
3963,7093
3964,6247
3965,6842
3966,6939
3967,6597
3968,6267
3969,6511
3970,6824
3971,6535
3972,7983
3973,6418
3974,7470
3975,5801
3976,7198
3977,6325
3978,7365
3979,7197
3980,7535
3981,6586
3982,6402
3983,6163
3984,6804
3985,7446
3986,8005
3987,6699
3988,6507
3989,7220
3990,6881
3991,6491
3992,7193
3993,7021
3994,6110
3995,6266
3996,7028
3997,6878
3998,6533
3999,6123
4000,6893
4001,6315
4002,6560
4003,7636
4004,7150
4005,7496
4006,6765
4007,7083
4008,7239
4009,7246
4010,6496
4011,7431
4012,8134
4013,6900
4014,6860
4015,6089
4016,6620
4017,5831
4018,6643
4019,6453
4020,6053
4021,7621
4022,5691
4023,7212
4024,7322
4025,7036
4026,6295
4027,6745
4028,6875
4029,6988
4030,7210
4031,6641
4032,6690
4033,5775
4034,6438
4035,6107
4036,6829
4037,7401
4038,7022
4039,6129
4040,6426
4041,7347
4042,7356
4043,7876
4044,6000
4045,6474
4046,7181
4047,6933
4048,8018
4049,6978
4050,6901
4051,7752
4052,6401
4053,6545
4054,6670
4055,6035
4056,6695
4057,6022
4058,6401
4059,6639
4060,6960
4061,6795
4062,6279
4063,7516
4064,6627
4065,6686
4066,7353
4067,7201
4068,6382
4069,7064
4070,8142
4071,6852
4072,7180
4073,6729
4074,7470
4075,6165
4076,7286
4077,7373
4078,7949
4079,6083
4080,7331
4081,6860
4082,7195
4083,6187
4084,6750
4085,6708
4086,7105
4087,5725
4088,6995
4089,7110
4090,6399
4091,6713
4092,6756
4093,6685
4094,6452
4095,6539
