0,197
1,765
2,175
3,69
4,393
5,349
6,357
7,298
8,93
9,397
10,203
11,111
12,211
13,15
14,206
15,139
16,105
17,140
18,400
19,1281
20,253
21,27
22,78
23,332
24,88
25,132
26,86
27,224
28,238
29,193
30,212
31,38
32,403
33,75
34,35
35,163
36,434
37,1179
38,258
39,1801
40,88
41,829
42,38
43,170
44,75
45,533
46,213
47,54
48,1494
49,173
50,2806
51,105
52,772
53,433
54,687
55,134
56,1315
57,592
58,186
59,202
60,51
61,1557
62,63
63,481
64,1113
65,40
66,1336
67,251
68,613
69,584
70,76
71,87
72,253
73,2835
74,37
75,627
76,258
77,4917
78,142
79,260
80,628
81,1264
82,3102
83,3308
84,118
85,994
86,96
87,50
88,57
89,1019
90,639
91,201
92,77
93,348
94,67
95,617
96,290
97,790
98,89
99,840
100,439
101,311
102,260
103,67
104,137
105,289
106,456
107,3825
108,137
109,226
110,166
111,302
112,129
113,161
114,661
115,72
116,360
117,993
118,43
119,2030
120,67
121,1029
122,297
123,536
124,144
125,261
126,290
127,28
128,230
129,88
130,1126
131,151
132,68
133,2255
134,180
135,69
136,1034
137,355
138,107
139,132
140,7846
141,226
142,120
143,251
144,24
145,598
146,99
147,46
148,85
149,168
150,119
151,506
152,220
153,43
154,295
155,527
156,169
157,313
158,46
159,179
160,113
161,95
162,35
163,232
164,538
165,49341
166,119
167,298
168,39
169,95
170,506
171,228
172,305
173,190
174,112
175,23
176,2414
177,189
178,136
179,103
180,110
181,1601
182,97
183,132
184,124
185,249
186,132
187,45
188,259
189,10278
190,157
191,777
192,74
193,5855
194,357
195,75
196,70
197,223
198,362
199,143
200,157
201,96
202,122
203,957
204,93
205,95
206,184
207,11592
208,816
209,228
210,103
211,244
212,242
213,314
214,653
215,322
216,601
217,269
218,89
219,99
220,66
221,1251
222,1795
223,403
224,2272
225,193
226,15
227,154
228,516
229,81
230,172
231,26
232,3960
233,43
234,86
235,417
236,224
237,1143
238,6372
239,301
240,153
241,35
242,1197
243,192
244,962
245,609
246,714
247,247
248,422
249,43
250,378
251,258
252,322
253,83
254,2725
255,854
256,2716
257,222
258,86
259,236
260,1225
261,56
262,33
263,548
264,1577
265,358
266,91
267,219
268,200
269,2329
270,334
271,98
272,254
273,93
274,221
275,1064
276,68
277,205
278,160
279,244
280,81
281,3960
282,194
283,572
284,823
285,231
286,126
287,419
288,11191
289,4990
290,111
291,318
292,83
293,4456
294,48
295,196
296,315
297,41
298,160
299,355
300,254
301,303
302,1081
303,182
304,581
305,79
306,3154
307,119
308,80
309,630
310,1039
311,839
312,111
313,556
314,42
315,73
316,224
317,227
318,243
319,438
320,58
321,7205
322,47
323,1155
324,4430
325,758
326,257
327,141
328,673
329,147
330,69
331,300
332,614
333,99
334,419
335,50
336,213
337,180
338,2383
339,320
340,313
341,99
342,1932
343,152
344,130
345,123
346,18
347,489
348,642
349,948
350,52
351,155
352,162
353,125
354,199
355,133
356,390
357,516
358,315
359,228
360,124
361,126
362,6007
363,3001
364,8651
365,140
366,555
367,1143
368,468
369,340
370,127
371,18
372,225
373,179
374,6007
375,165
376,117
377,1332
378,641
379,165
380,408
381,220
382,123
383,98
384,54
385,329
386,60
387,170
388,303
389,163
390,502
391,493
392,1258
393,600
394,559
395,107
396,747
397,520
398,156
399,64
400,126
401,49
402,68
403,318
404,104
405,430
406,408
407,48
408,26
409,154
410,111
411,474
412,93
413,1237
414,22
415,174
416,508
417,2502
418,68
419,79
420,269
421,70
422,10656
423,166
424,103
425,3042
426,459
427,185
428,404
429,145
430,409
431,147
432,537
433,113
434,418
435,304
436,394
437,73
438,132
439,326
440,74
441,215
442,43
443,1067
444,306
445,73
446,45
447,666
448,1602
449,270
450,721
451,672
452,1942
453,110
454,498
455,1166
456,125
457,5986
458,168
459,1164
460,216
461,1726
462,86
463,3236
464,251
465,97
466,92
467,689
468,1134
469,266
470,893
471,399
472,1703
473,149
474,188
475,20
476,2505
477,44
478,360
479,723
480,71
481,658
482,118
483,332
484,30
485,165
486,70
487,483
488,315
489,226
490,113
491,87
492,33
493,2216
494,477
495,34
496,160
497,3862
498,90
499,37
500,121
501,233
502,88
503,202
504,633
505,33
506,145
507,91
508,51
509,32
510,28
511,1053
512,2811
513,42
514,1373
515,2439
516,133
517,117
518,68
519,57
520,63
521,157
522,165
523,2178
524,25
525,241
526,216
527,280
528,7093
529,369
530,325
531,45
532,187
533,93
534,136
535,241
536,576
537,1525
538,405
539,258
540,86
541,139
542,98
543,17497
544,406
545,378
546,72
547,96
548,896
549,313
550,1137
551,351
552,81
553,58
554,66
555,317
556,104
557,1363
558,123
559,98
560,3850
561,338
562,71
563,225
564,104
565,41
566,36
567,144
568,629
569,931
570,67
571,1571
572,474
573,4080
574,587
575,165
576,338
577,113
578,92
579,43
580,877
581,155
582,537
583,69
584,168
585,138
586,248
587,352
588,309
589,1861
590,1391
591,4215
592,236
593,3984
594,70
595,63
596,516
597,37
598,118
599,83
600,4816
601,278
602,510
603,409
604,201
605,25
606,249
607,1324
608,186
609,130
610,119
611,101
612,474
613,527
614,444
615,346
616,77
617,111
618,41
619,1130
620,552
621,417
622,466
623,65
624,757
625,227
626,612
627,4033
628,242
629,141
630,2154
631,252
632,677
633,30
634,173
635,1307
636,64
637,212
638,119
639,349
640,79
641,127
642,149
643,149
644,139
645,45
646,111
647,297
648,238
649,13864
650,58
651,87
652,281
653,458
654,635
655,66
656,226
657,4633
658,48
659,576
660,467
661,130
662,1010
663,220
664,1957
665,326
666,106
667,576
668,510
669,509
670,362
671,276
672,436
673,113
674,1668
675,652
676,60
677,247
678,19384
679,44
680,43
681,1047
682,37
683,144
684,22
685,249
686,604
687,111
688,20
689,17
690,448
691,85
692,172
693,2699
694,110
695,7426
696,646
697,22
698,100
699,78
700,629
701,211
702,100
703,93
704,343
705,200
706,192
707,111
708,73
709,11209
710,143
711,79
712,1039
713,301
714,205
715,47
716,358
717,874
718,87
719,397
720,285
721,79
722,45226
723,129
724,1944
725,97
726,152
727,196
728,113
729,173
730,38
731,678
732,167
733,171
734,1668
735,1006
736,82
737,173
738,1142
739,190
740,249
741,90
742,3552
743,99
744,141
745,268
746,282
747,169
748,44
749,345
750,89
751,96
752,570
753,491
754,135
755,402
756,41
757,129
758,163
759,114
760,454
761,39
762,281
763,71
764,372
765,536
766,75
767,109
768,344
769,302
770,142
771,601
772,108
773,72
774,32
775,530
776,118
777,330
778,37
779,564
780,1374
781,165
782,117
783,275
784,159
785,1599
786,75
787,36
788,1178
789,97
790,113
791,224
792,141
793,182
794,219
795,161
796,130
797,132
798,64
799,1444
800,69
801,54
802,172
803,310
804,408
805,86
806,157
807,269
808,585
809,40
810,450
811,58
812,352
813,323
814,651
815,141
816,348
817,373
818,50
819,273
820,323
821,553
822,64
823,100
824,369
825,917
826,38
827,79
828,67
829,83
830,34
831,879
832,223
833,342
834,251
835,283
836,721
837,525
838,137
839,183
840,540
841,418
842,84
843,121
844,74
845,190
846,167
847,47
848,878
849,773
850,161
851,659
852,260
853,326
854,238
855,1073
856,3408
857,67
858,67
859,256
860,136
861,229
862,76
863,27
864,35
865,292
866,120
867,727
868,22
869,264
870,724
871,127
872,24
873,265
874,1389
875,277
876,525
877,6626
878,1646
879,43
880,79
881,116
882,30
883,152
884,161
885,105
886,107
887,70
888,144
889,198
890,80
891,1473
892,941
893,23
894,3614
895,1010
896,192
897,253
898,543
899,3886
900,92
901,318
902,167
903,4018
904,159
905,148
906,223
907,448
908,53
909,38
910,322
911,1198
912,234
913,101
914,142
915,1246
916,596
917,564
918,307
919,97
920,199
921,104
922,137
923,52
924,78
925,159
926,391
927,85
928,66
929,1020
930,71
931,377
932,843
933,417
934,425
935,274
936,205
937,415
938,4058
939,101
940,120
941,624
942,126
943,234
944,180
945,84
946,390
947,1805
948,217
949,354
950,53
951,235
952,49
953,153
954,5624
955,40
956,223
957,239
958,304
959,90
960,1429
961,362
962,65
963,372
964,21
965,196
966,1074
967,538
968,803
969,331
970,323
971,1049
972,82
973,150
974,83
975,32
976,779
977,60
978,1878
979,68
980,459
981,124
982,106
983,969
984,405
985,143
986,1603
987,403
988,175
989,1147
990,108
991,39
992,209
993,48
994,30
995,210
996,31
997,95
998,214
999,142
1000,55
1001,92
1002,47
1003,600
1004,105
1005,373
1006,1045
1007,298
1008,113
1009,1795
1010,152
1011,123
1012,20749
1013,689
1014,208
1015,30
1016,218
1017,88
1018,954
1019,549
1020,27
1021,2168
1022,611
1023,494
1024,248
1025,146
1026,173
1027,360
1028,43
1029,158
1030,75
1031,174
1032,895
1033,349
1034,1181
1035,155
1036,155
1037,300
1038,808
1039,81
1040,333
1041,838
1042,721
1043,272
1044,722
1045,53
1046,76
1047,247
1048,369
1049,224
1050,33
1051,941
1052,321
1053,2124
1054,37
1055,147
1056,191
1057,217
1058,205
1059,49
1060,554
1061,139
1062,71
1063,51
1064,83
1065,106
1066,524
1067,357
1068,4208
1069,73
1070,187
1071,165
1072,139
1073,143
1074,374
1075,98
1076,427
1077,274
1078,800
1079,56
1080,340
1081,30
1082,1161
1083,136
1084,106
1085,430
1086,238
1087,354
1088,189
1089,402
1090,33
1091,322
1092,371
1093,334
1094,45
1095,392
1096,134
1097,92
1098,768
1099,198
1100,472
1101,4728
1102,362
1103,548
1104,645
1105,1994
1106,191
1107,51
1108,1715
1109,157
1110,303
1111,1670
1112,166
1113,220
1114,181
1115,156
1116,65
1117,187
1118,144
1119,218
1120,103
1121,87
1122,260
1123,57
1124,315
1125,408
1126,425
1127,391
1128,58
1129,124
1130,226
1131,862
1132,217
1133,160
1134,237
1135,158
1136,471
1137,84
1138,279
1139,33
1140,279
1141,18
1142,267
1143,3665
1144,55
1145,61
1146,1109
1147,158
1148,328
1149,267
1150,13401
1151,79
1152,263
1153,149
1154,490
1155,272
1156,1279
1157,503
1158,1856
1159,399
1160,109
1161,166
1162,111
1163,202
1164,253
1165,98
1166,202
1167,383
1168,480
1169,71
1170,83
1171,1611
1172,61
1173,348
1174,20
1175,115
1176,143
1177,91
1178,733
1179,455
1180,189
1181,41
1182,110
1183,268
1184,2509
1185,1512
1186,77
1187,155
1188,785
1189,213
1190,527
1191,94
1192,2036
1193,18
1194,1155
1195,2034
1196,36
1197,473
1198,318
1199,1238
1200,226
1201,509
1202,87
1203,181
1204,297
1205,68
1206,289
1207,1199
1208,147
1209,39
1210,129
1211,106
1212,134
1213,183
1214,109
1215,3180
1216,684
1217,251
1218,89
1219,930
1220,225
1221,155
1222,261
1223,390
1224,308
1225,142
1226,256
1227,61
1228,579
1229,93
1230,74
1231,121
1232,344
1233,435
1234,35
1235,224
1236,153
1237,290
1238,1231
1239,482
1240,78
1241,155
1242,89
1243,1916
1244,184
1245,48
1246,707
1247,1313
1248,49
1249,105
1250,121
1251,379
1252,281
1253,62
1254,171
1255,200
1256,162
1257,3635
1258,65
1259,2398
1260,1873
1261,178
1262,124
1263,181
1264,1062
1265,36
1266,201
1267,274
1268,980
1269,90
1270,104
1271,364
1272,186
1273,213
1274,539
1275,1326
1276,463
1277,380
1278,308
1279,12
1280,325
1281,527
1282,2590
1283,1312
1284,76
1285,296
1286,268
1287,38
1288,104
1289,145
1290,2261
1291,323
1292,456
1293,221
1294,679
1295,195
1296,222
1297,130
1298,172
1299,132
1300,109
1301,87
1302,163
1303,99
1304,112
1305,37
1306,100
1307,87
1308,78
1309,68
1310,109
1311,527
1312,182
1313,89
1314,1603
1315,80
1316,116
1317,910
1318,221
1319,128
1320,123
1321,234
1322,2707
1323,115
1324,112
1325,221
1326,218
1327,96
1328,151
1329,97
1330,323
1331,34
1332,1997
1333,1852
1334,55
1335,803
1336,75
1337,329
1338,279
1339,142
1340,1126
1341,249
1342,462
1343,216
1344,59
1345,92
1346,316
1347,629
1348,254
1349,60
1350,413
1351,92
1352,79
1353,175
1354,21
1355,899
1356,1286
1357,194
1358,123
1359,74
1360,279
1361,797
1362,254
1363,150
1364,529
1365,2619
1366,1478
1367,145
1368,29
1369,211
1370,248
1371,92
1372,32
1373,89
1374,462
1375,36
1376,315
1377,78
1378,934
1379,757
1380,191
1381,292
1382,308
1383,112
1384,97
1385,561
1386,144
1387,261
1388,669
1389,89
1390,66
1391,153
1392,374
1393,60
1394,381
1395,268
1396,174
1397,2640
1398,1402
1399,122
1400,27
1401,17
1402,360
1403,98
1404,272
1405,431
1406,153
1407,52
1408,272
1409,198
1410,118
1411,910
1412,201
1413,3308
1414,343
1415,402
1416,764
1417,241
1418,60
1419,433
1420,413
1421,70
1422,191
1423,441
1424,800
1425,400
1426,53
1427,110
1428,628
1429,158
1430,64
1431,246
1432,531
1433,174
1434,32
1435,96
1436,589
1437,46
1438,27
1439,7741
1440,80
1441,120
1442,1026
1443,308
1444,1648
1445,48
1446,249
1447,122
1448,4596
1449,83
1450,759
1451,167
1452,447
1453,33
1454,571
1455,165
1456,105
1457,716
1458,148
1459,1818
1460,233
1461,264
1462,658
1463,205
1464,115
1465,250
1466,37
1467,192
1468,27
1469,164
1470,185
1471,45
1472,356
1473,187
1474,2282
1475,24
1476,248
1477,150
1478,445
1479,2178
1480,248
1481,85
1482,51
1483,310
1484,390
1485,242
1486,238
1487,144
1488,176
1489,165
1490,1284
1491,1431
1492,3356
1493,60
1494,168
1495,50
1496,720
1497,300
1498,54
1499,198
1500,269
1501,346
1502,621
1503,112
1504,202
1505,1017
1506,472
1507,826
1508,4102
1509,175
1510,88
1511,55
1512,440
1513,89
1514,181
1515,51
1516,20
1517,812
1518,212
1519,927
1520,271
1521,121
1522,142
1523,1011
1524,67
1525,112
1526,97
1527,233
1528,124
1529,85
1530,90
1531,313
1532,281
1533,82
1534,272
1535,59
1536,134
1537,187
1538,225
1539,39
1540,43
1541,266
1542,48
1543,239
1544,620
1545,200
1546,647
1547,94
1548,822
1549,206
1550,100
1551,94
1552,148
1553,617
1554,339
1555,14
1556,36
1557,414
1558,4485
1559,185
1560,69
1561,213
1562,48
1563,34
1564,75
1565,199
1566,102
1567,163
1568,309
1569,294
1570,340
1571,307
1572,456
1573,359
1574,246
1575,481
1576,3292
1577,6077
1578,5371
1579,101
1580,1128
1581,64
1582,328
1583,202
1584,786
1585,60
1586,33
1587,1230
1588,1184
1589,587
1590,278
1591,34
1592,2421
1593,98
1594,70
1595,52
1596,77
1597,90
1598,368
1599,58
1600,353
1601,82
1602,278
1603,163
1604,78
1605,35
1606,59
1607,99
1608,140
1609,562
1610,55
1611,616
1612,56
1613,174
1614,164
1615,389
1616,105
1617,100
1618,170
1619,903
1620,51
1621,599
1622,422
1623,113
1624,471
1625,15
1626,80
1627,116
1628,611
1629,116
1630,112
1631,365
1632,96
1633,294
1634,67
1635,176
1636,2443
1637,591
1638,258
1639,3330
1640,266
1641,296
1642,305
1643,452
1644,423
1645,26
1646,1611
1647,183
1648,1021
1649,535
1650,446
1651,277
1652,309
1653,614
1654,1260
1655,122
1656,111
1657,89
1658,67
1659,18
1660,215
1661,291
1662,66
1663,53
1664,123
1665,8004
1666,44
1667,406
1668,270
1669,36
1670,141
1671,939
1672,224
1673,928
1674,59
1675,197
1676,309
1677,86
1678,173
1679,1920
1680,114
1681,153
1682,148
1683,283
1684,122
1685,122
1686,303
1687,382
1688,660
1689,9376
1690,107
1691,61
1692,180
1693,77
1694,178
1695,56
1696,333
1697,199
1698,233
1699,681
1700,207
1701,779
1702,291
1703,580
1704,153
1705,140
1706,75
1707,179
1708,42
1709,262
1710,680
1711,59
1712,4877
1713,183
1714,401
1715,283
1716,183
1717,1888
1718,525
1719,729
1720,228
1721,209
1722,3280
1723,406
1724,119
1725,44
1726,64
1727,566
1728,125
1729,10291
1730,508
1731,115
1732,332
1733,461
1734,229
1735,241
1736,332
1737,81
1738,398
1739,43
1740,693
1741,109
1742,107
1743,3024
1744,46
1745,797
1746,541
1747,75
1748,83
1749,2644
1750,1203
1751,628
1752,127
1753,3228
1754,403
1755,32
1756,298
1757,84
1758,532
1759,247
1760,436
1761,599
1762,99
1763,172
1764,957
1765,2444
1766,71
1767,169
1768,60
1769,122
1770,997
1771,55
1772,95
1773,77
1774,115
1775,236
1776,352
1777,465
1778,312
1779,165
1780,134
1781,286
1782,243
1783,906
1784,51
1785,307
1786,109
1787,53
1788,700
1789,250
1790,1176
1791,301
1792,931
1793,139
1794,137
1795,162
1796,455
1797,365
1798,710
1799,183
1800,296
1801,95
1802,47
1803,610
1804,542
1805,51
1806,634
1807,85
1808,60
1809,147
1810,108
1811,933
1812,48
1813,39
1814,141
1815,378
1816,1076
1817,145
1818,287
1819,424
1820,67
1821,159
1822,483
1823,86
1824,252
1825,190
1826,56
1827,2437
1828,498
1829,119
1830,215
1831,61
1832,62
1833,110
1834,100
1835,124
1836,191
1837,49
1838,466
1839,322
1840,314
1841,280
1842,7295
1843,193
1844,36
1845,524
1846,240
1847,15
1848,40
1849,382
1850,1890
1851,167
1852,4441
1853,3173
1854,672
1855,105
1856,304
1857,45
1858,100
1859,378
1860,592
1861,1791
1862,164
1863,820
1864,5345
1865,23
1866,209
1867,190
1868,400
1869,34
1870,77
1871,210
1872,1945
1873,163
1874,111
1875,77
1876,485
1877,287
1878,166
1879,219
1880,167
1881,663
1882,1724
1883,416
1884,15
1885,1769
1886,163
1887,518
1888,222
1889,5298
1890,301
1891,426
1892,159
1893,456
1894,174
1895,137
1896,243
1897,183
1898,54
1899,158
1900,542
1901,41
1902,171
1903,1444
1904,182
1905,19
1906,565
1907,89
1908,180
1909,868
1910,363
1911,3398
1912,16
1913,947
1914,329
1915,3411
1916,289
1917,165
1918,261
1919,873
1920,113
1921,176
1922,261
1923,36
1924,509
1925,208
1926,258
1927,115
1928,144
1929,228
1930,322
1931,45
1932,380
1933,110
1934,115
1935,993
1936,277
1937,870
1938,1242
1939,451
1940,1019
1941,141
1942,37
1943,149
1944,409
1945,117
1946,2096
1947,1811
1948,336
1949,214
1950,38
1951,1111
1952,38
1953,185
1954,70
1955,267
1956,210
1957,38
1958,927
1959,162
1960,112
1961,210
1962,99
1963,193
1964,108
1965,633
1966,253
1967,146
1968,206
1969,86
1970,49
1971,159
1972,655
1973,67
1974,291
1975,703
1976,1189
1977,279
1978,192
1979,84
1980,549
1981,378
1982,193
1983,90
1984,29
1985,143
1986,67
1987,49
1988,72
1989,102
1990,177
1991,52
1992,46
1993,46
1994,217
1995,158
1996,114
1997,3239
1998,202
1999,155
2000,207
2001,530
2002,636
2003,68
2004,318
2005,472
2006,85
2007,98
2008,463
2009,442
2010,393
2011,401
2012,4934
2013,318
2014,161
2015,294
2016,64
2017,306
2018,576
2019,651
2020,54
2021,1307
2022,142
2023,128
2024,154
2025,61
2026,47
2027,337
2028,81
2029,225
2030,109
2031,256
2032,325
2033,181
2034,129
2035,1058
2036,446
2037,171
2038,402
2039,213
2040,118
2041,1560
2042,503
2043,317
2044,517
2045,6302
2046,135
2047,75
2048,40
2049,168
2050,55
2051,58
2052,146
2053,213
2054,47
2055,46
2056,5201
2057,105
2058,51
2059,391
2060,78
2061,488
2062,71
2063,478
2064,1010
2065,675
2066,2638
2067,210
2068,468
2069,161
2070,1933
2071,109
2072,172
2073,338
2074,62
2075,341
2076,909
2077,97
2078,349
2079,2951
2080,245
2081,547
2082,87
2083,43
2084,156
2085,32
2086,407
2087,1892
2088,65
2089,154
2090,404
2091,798
2092,71
2093,128
2094,1223
2095,134
2096,34
2097,160
2098,302
2099,209
2100,75
2101,725
2102,115
2103,90
2104,559
2105,567
2106,598
2107,126
2108,259
2109,342
2110,224
2111,85
2112,749
2113,293
2114,1395
2115,331
2116,302
2117,260
2118,320
2119,39
2120,55
2121,218
2122,222
2123,171
2124,231
2125,114
2126,84
2127,2905
2128,110
2129,117
2130,103
2131,94
2132,447
2133,700
2134,487
2135,32
2136,155
2137,359
2138,82
2139,114
2140,373
2141,153
2142,239
2143,76
2144,1197
2145,258
2146,1404
2147,573
2148,566
2149,145
2150,247
2151,2951
2152,830
2153,681
2154,35
2155,159
2156,221
2157,71
2158,349
2159,4323
2160,178
2161,701
2162,669
2163,102
2164,57
2165,3245
2166,45
2167,104
2168,1006
2169,771
2170,113
2171,221
2172,570
2173,125
2174,1892
2175,48
2176,2588
2177,1891
2178,1527
2179,174
2180,89
2181,144
2182,122
2183,55
2184,76
2185,410
2186,122
2187,91
2188,1037
2189,1233
2190,389
2191,194
2192,135
2193,126
2194,1282
2195,176
2196,62
2197,84
2198,112
2199,267
2200,84
2201,702
2202,175
2203,338
2204,499
2205,65
2206,502
2207,441
2208,200
2209,86
2210,89
2211,120
2212,2957
2213,628
2214,592
2215,33
2216,239
2217,95
2218,126
2219,529
2220,2274
2221,210
2222,229
2223,211
2224,1719
2225,306
2226,186
2227,911
2228,340
2229,243
2230,262
2231,62
2232,131
2233,225
2234,2031
2235,312
2236,344
2237,109
2238,343
2239,1853
2240,209
2241,210
2242,67
2243,30
2244,69
2245,790
2246,339
2247,471
2248,35
2249,75
2250,299
2251,60
2252,988
2253,300
2254,98
2255,52
2256,257
2257,273
2258,177
2259,158
2260,3066
2261,1155
2262,325
2263,260
2264,1333
2265,7444
2266,200
2267,67
2268,2034
2269,179
2270,154
2271,446
2272,204
2273,184
2274,277
2275,199
2276,23
2277,718
2278,106
2279,365
2280,334
2281,187
2282,621
2283,112
2284,2485
2285,553
2286,165
2287,150
2288,633
2289,283
2290,290
2291,790
2292,118
2293,432
2294,250
2295,151
2296,308
2297,687
2298,625
2299,47
2300,58
2301,137
2302,5221
2303,69
2304,340
2305,61
2306,39
2307,64
2308,1656
2309,29
2310,396
2311,107
2312,764
2313,350
2314,245
2315,469
2316,85
2317,132
2318,983
2319,43
2320,221
2321,177
2322,87
2323,161
2324,85
2325,79
2326,25
2327,188
2328,208
2329,445
2330,277
2331,53
2332,74
2333,315
2334,316
2335,243
2336,995
2337,470
2338,103
2339,303
2340,60
2341,628
2342,149
2343,30
2344,328
2345,71
2346,308
2347,68
2348,474
2349,217
2350,1616
2351,850
2352,575
2353,64
2354,66
2355,138
2356,26
2357,889
2358,385
2359,64
2360,90
2361,908
2362,335
2363,42
2364,225
2365,228
2366,352
2367,116
2368,46
2369,425
2370,126
2371,47
2372,168
2373,835
2374,194
2375,61
2376,62
2377,284
2378,837
2379,109
2380,812
2381,276
2382,317
2383,941
2384,2077
2385,131
2386,175
2387,47
2388,5154
2389,276
2390,666
2391,110
2392,123
2393,355
2394,251
2395,409
2396,120
2397,523
2398,44
2399,700
2400,272
2401,141
2402,460
2403,3582
2404,84
2405,132
2406,112
2407,287
2408,40
2409,49
2410,886
2411,358
2412,484
2413,339
2414,62
2415,282
2416,595
2417,78
2418,1706
2419,162
2420,229
2421,614
2422,993
2423,444
2424,465
2425,42
2426,121
2427,99
2428,64
2429,1086
2430,266
2431,18
2432,125
2433,322
2434,141
2435,736
2436,328
2437,1111
2438,84
2439,707
2440,61
2441,206
2442,150
2443,103
2444,415
2445,505
2446,706
2447,61
2448,1112
2449,155
2450,92
2451,243
2452,339
2453,267
2454,51
2455,51
2456,110
2457,53
2458,2673
2459,1128
2460,632
2461,1095
2462,202
2463,225
2464,62
2465,106
2466,104
2467,63
2468,344
2469,483
2470,1976
2471,68
2472,16
2473,242
2474,48
2475,108
2476,329
2477,200
2478,539
2479,1774
2480,606
2481,16
2482,122
2483,56
2484,307
2485,1212
2486,342
2487,920
2488,13
2489,76
2490,39
2491,838
2492,170
2493,95
2494,115
2495,43
2496,244
2497,2332
2498,169
2499,419
2500,388
2501,15
2502,115
2503,69
2504,133
2505,81
2506,148
2507,924
2508,278
2509,19
2510,371
2511,1222
2512,97
2513,444
2514,602
2515,585
2516,76
2517,72
2518,100
2519,443
2520,114
2521,95
2522,580
2523,98
2524,81
2525,241
2526,397
2527,149
2528,450
2529,698
2530,473
2531,506
2532,172
2533,197
2534,66
2535,258
2536,188
2537,303
2538,106
2539,119
2540,487
2541,71035
2542,499
2543,127
2544,727
2545,303
2546,1056
2547,1256
2548,82
2549,615
2550,521
2551,264
2552,470
2553,112
2554,649
2555,910
2556,39
2557,364
2558,118
2559,186
2560,608
2561,360
2562,1613
2563,172
2564,44
2565,358
2566,85
2567,450
2568,105
2569,30
2570,133
2571,492
2572,70
2573,321
2574,224
2575,111
2576,118
2577,134
2578,175
2579,173
2580,36
2581,39
2582,125
2583,953
2584,847
2585,239
2586,356
2587,137
2588,484
2589,366
2590,86
2591,267
2592,152
2593,167
2594,219
2595,55
2596,669
2597,64
2598,657
2599,223
2600,237
2601,158
2602,243
2603,136
2604,759
2605,3867
2606,96
2607,2526
2608,694
2609,431
2610,365
2611,621
2612,41
2613,48
2614,4813
2615,26
2616,83
2617,192
2618,105
2619,2202
2620,114
2621,87
2622,172
2623,144
2624,109
2625,45
2626,60
2627,91
2628,104
2629,484
2630,1290
2631,115
2632,45
2633,285
2634,1173
2635,138
2636,1023
2637,1101
2638,382
2639,264
2640,186
2641,519
2642,468
2643,804
2644,164
2645,1906
2646,36
2647,694
2648,97
2649,2327
2650,17
2651,230
2652,433
2653,242
2654,232
2655,294
2656,1217
2657,651
2658,296
2659,1649
2660,45
2661,391
2662,243
2663,139
2664,159
2665,2651
2666,119
2667,173
2668,214
2669,2235
2670,221
2671,229
2672,132
2673,228
2674,134
2675,184
2676,113
2677,92
2678,4047
2679,178
2680,191
2681,120
2682,1972
2683,89
2684,98
2685,46
2686,170
2687,156
2688,440
2689,214
2690,224
2691,36
2692,152
2693,75
2694,3150
2695,45
2696,130
2697,90
2698,622
2699,911
2700,265
2701,130
2702,2129
2703,188
2704,2933
2705,231
2706,128
2707,195
2708,264
2709,81
2710,117
2711,307
2712,17
2713,1448
2714,286
2715,38
2716,1377
2717,1589
2718,916
2719,277
2720,200
2721,169
2722,94
2723,79
2724,957
2725,428
2726,361
2727,59
2728,1409
2729,83
2730,81
2731,262
2732,123
2733,352
2734,50
2735,645
2736,70
2737,577
2738,70
2739,70
2740,159
2741,354
2742,110
2743,68
2744,2946
2745,369
2746,2039
2747,195
2748,115
2749,79
2750,102
2751,270
2752,69
2753,82
2754,94
2755,115
2756,218
2757,113
2758,36
2759,37
2760,37
2761,703
2762,105
2763,444
2764,826
2765,2115
2766,179
2767,55
2768,396
2769,155
2770,421
2771,63
2772,1386
2773,376
2774,82
2775,933
2776,267
2777,3906
2778,1155
2779,181
2780,24
2781,204
2782,3094
2783,891
2784,543
2785,484
2786,60
2787,118
2788,130
2789,1126
2790,628
2791,502
2792,92
2793,6274
2794,306
2795,493
2796,53
2797,417
2798,85
2799,126
2800,7169
2801,1291
2802,205
2803,46
2804,127
2805,409
2806,242
2807,152
2808,544
2809,183
2810,924
2811,106
2812,1211
2813,230
2814,48
2815,446
2816,973
2817,50
2818,97
2819,61
2820,2509
2821,184
2822,121
2823,183
2824,84
2825,290
2826,34
2827,64
2828,594
2829,375
2830,1512
2831,659
2832,86
2833,104
2834,81
2835,358
2836,320
2837,519
2838,172
2839,115
2840,997
2841,4405
2842,460
2843,2399
2844,444
2845,1821
2846,131
2847,128
2848,223
2849,95
2850,409
2851,258
2852,160
2853,50
2854,1035
2855,329
2856,402
2857,310
2858,517
2859,30
2860,19
2861,176
2862,141
2863,219
2864,78
2865,750
2866,476
2867,1449
2868,953
2869,1386
2870,194
2871,225
2872,15
2873,93
2874,52
2875,369
2876,345
2877,132
2878,42
2879,133
2880,39
2881,143
2882,406
2883,182
2884,579
2885,330
2886,151
2887,351
2888,620
2889,1578
2890,259
2891,77
2892,625
2893,75
2894,6430
2895,379
2896,41
2897,341
2898,201
2899,549
2900,162
2901,466
2902,101
2903,63
2904,27
2905,936
2906,92
2907,141
2908,247
2909,165
2910,1474
2911,1130
2912,100
2913,93
2914,665
2915,146
2916,28
2917,35
2918,407
2919,65
2920,2919
2921,484
2922,21
2923,133
2924,171
2925,43
2926,36
2927,337
2928,76
2929,1291
2930,165
2931,112
2932,162
2933,1603
2934,62
2935,1245
2936,816
2937,25
2938,197
2939,322
2940,120
2941,1516
2942,794
2943,508
2944,91
2945,136
2946,1258
2947,84
2948,17
2949,239
2950,75
2951,438
2952,52
2953,107
2954,74
2955,3236
2956,270
2957,250
2958,527
2959,175
2960,209
2961,100
2962,121
2963,937
2964,692
2965,202
2966,1845
2967,59
2968,826
2969,5829
2970,372
2971,1549
2972,968
2973,665
2974,5373
2975,537
2976,589
2977,60
2978,42
2979,3213
2980,120
2981,474
2982,555
2983,45
2984,263
2985,379
2986,859
2987,489
2988,91
2989,29
2990,1952
2991,416
2992,542
2993,27
2994,39
2995,398
2996,12955
2997,1269
2998,1195
2999,46
3000,425
3001,94
3002,300
3003,2458
3004,785
3005,169
3006,11510
3007,418
3008,6019
3009,805
3010,674
3011,549
3012,168
3013,129
3014,666
3015,151
3016,383
3017,75
3018,98
3019,514
3020,739
3021,64
3022,392
3023,291
3024,711
3025,1301
3026,428
3027,59
3028,55
3029,5486
3030,344
3031,496
3032,106
3033,1250
3034,45
3035,47
3036,122
3037,294
3038,2241
3039,103
3040,484
3041,160
3042,197
3043,330
3044,26
3045,329
3046,320
3047,35
3048,1083
3049,106
3050,158
3051,272
3052,268
3053,456
3054,1063
3055,109
3056,57
3057,44
3058,675
3059,181
3060,129
3061,138
3062,536
3063,179
3064,119
3065,121
3066,176
3067,399
3068,452
3069,153
3070,224
3071,1428
3072,493
3073,840
3074,258
3075,526
3076,3746
3077,383
3078,45
3079,559
3080,139
3081,388
3082,135
3083,338
3084,1431
3085,417
3086,91
3087,76
3088,195
3089,120
3090,72
3091,240
3092,698
3093,662
3094,122
3095,282
3096,232
3097,56
3098,87
3099,152
3100,124
3101,605
3102,1488
3103,190
3104,50
3105,153
3106,864
3107,141
3108,125
3109,109
3110,76
3111,632
3112,1926
3113,51
3114,58
3115,129
3116,133
3117,138
3118,98
3119,2013
3120,64
3121,82
3122,580
3123,354
3124,22
3125,268
3126,127
3127,670
3128,79
3129,141
3130,114
3131,394
3132,49
3133,13899
3134,221
3135,51
3136,153
3137,3362
3138,292
3139,145
3140,54
3141,82
3142,556
3143,192
3144,217
3145,248
3146,1081
3147,86
3148,51
3149,105
3150,378
3151,74
3152,33
3153,231
3154,178
3155,112
3156,126
3157,4103
3158,146
3159,136
3160,134
3161,130
3162,67
3163,118
3164,1669
3165,288
3166,113
3167,252
3168,200
3169,655
3170,66
3171,115
3172,565
3173,75
3174,121
3175,187
3176,113
3177,134
3178,277
3179,88
3180,273
3181,159
3182,1054
3183,48
3184,205
3185,35
3186,425
3187,232
3188,60
3189,550
3190,425
3191,1807
3192,70
3193,550
3194,66
3195,1311
3196,244
3197,101
3198,373
3199,735
3200,121
3201,481
3202,235
3203,173
3204,162
3205,49
3206,120
3207,79
3208,962
3209,113
3210,3287
3211,35
3212,569
3213,56
3214,142
3215,125
3216,22
3217,296
3218,84
3219,90
3220,369
3221,276
3222,186
3223,668
3224,176
3225,112
3226,861
3227,245
3228,545
3229,473
3230,141
3231,660
3232,116
3233,194
3234,797
3235,1801
3236,292
3237,32
3238,352
3239,19255
3240,41
3241,951
3242,128
3243,651
3244,78
3245,62
3246,114
3247,157
3248,63
3249,75
3250,526
3251,129
3252,655
3253,143
3254,272
3255,132
3256,45
3257,1463
3258,24
3259,157
3260,455
3261,100
3262,134
3263,62
3264,561
3265,32
3266,318
3267,707
3268,3285
3269,905
3270,6178
3271,606
3272,69
3273,289
3274,87
3275,3373
3276,18
3277,273
3278,70
3279,185
3280,140
3281,111
3282,826
3283,83
3284,145
3285,133
3286,500
3287,907
3288,139
3289,452
3290,9860
3291,337
3292,190
3293,597
3294,547
3295,344
3296,70
3297,188
3298,393
3299,73
3300,327
3301,330
3302,447
3303,3582
3304,40
3305,198
3306,135
3307,26
3308,176
3309,38
3310,1817
3311,77
3312,382
3313,89
3314,118
3315,782
3316,1677
3317,682
3318,507
3319,47
3320,230
3321,184
3322,253
3323,962
3324,51
3325,87
3326,1849
3327,204
3328,73
3329,120
3330,131
3331,191
3332,635
3333,111
3334,721
3335,796
3336,289
3337,680
3338,258
3339,189
3340,132
3341,154
3342,92
3343,82
3344,232
3345,262
3346,57
3347,268
3348,164
3349,106
3350,170
3351,4800
3352,714
3353,50
3354,12863
3355,137
3356,250
3357,333
3358,885
3359,169
3360,341
3361,27
3362,142
3363,176
3364,91
3365,35
3366,332
3367,1121
3368,473
3369,192
3370,234
3371,511
3372,70
3373,63
3374,402
3375,801
3376,93
3377,262
3378,207
3379,863
3380,243
3381,65436
3382,327
3383,163
3384,96
3385,71
3386,193
3387,3509
3388,120
3389,686
3390,138
3391,4532
3392,369
3393,101
3394,373
3395,49
3396,77
3397,209
3398,130
3399,109
3400,181
3401,42
3402,1319
3403,366
3404,310
3405,1228
3406,116
3407,75
3408,772
3409,766
3410,602
3411,913
3412,579
3413,107
3414,569
3415,155
3416,70
3417,2085
3418,56
3419,172
3420,432
3421,136
3422,531
3423,6449
3424,290
3425,318
3426,40
3427,78
3428,1855
3429,222
3430,94
3431,199
3432,29
3433,315
3434,147
3435,793
3436,320
3437,257
3438,884
3439,231
3440,2912
3441,794
3442,55
3443,372
3444,252
3445,51
3446,128
3447,652
3448,79
3449,227
3450,722
3451,24
3452,324
3453,149
3454,209
3455,132
3456,192
3457,308
3458,565
3459,1004
3460,158
3461,72
3462,625
3463,92
3464,201
3465,338
3466,111
3467,1215
3468,216
3469,145
3470,880
3471,148
3472,92
3473,80
3474,759
3475,1393
3476,189
3477,545
3478,651
3479,166
3480,35
3481,77
3482,3828
3483,871
3484,132
3485,429
3486,563
3487,154
3488,981
3489,65
3490,130
3491,245
3492,221
3493,24
3494,172
3495,241
3496,7917
3497,184
3498,97
3499,59
3500,273
3501,275
3502,430
3503,139
3504,239
3505,74
3506,369
3507,1549
3508,346
3509,948
3510,42
3511,1291
3512,8540
3513,1251
3514,141
3515,71
3516,66
3517,443
3518,220
3519,570
3520,187
3521,132
3522,397
3523,302
3524,262
3525,39
3526,50
3527,148
3528,95
3529,572
3530,1011
3531,284
3532,740
3533,115
3534,292
3535,41
3536,346
3537,253
3538,167
3539,61
3540,135
3541,579
3542,324
3543,112
3544,1168
3545,843
3546,96
3547,109
3548,552
3549,36
3550,302
3551,24
3552,238
3553,1302
3554,84
3555,229
3556,406
3557,700
3558,297
3559,311
3560,73
3561,176
3562,103
3563,83
3564,2566
3565,254
3566,122
3567,588
3568,555
3569,312
3570,917
3571,255
3572,357
3573,560
3574,88
3575,473
3576,3188
3577,147
3578,329
3579,109
3580,217
3581,383
3582,102
3583,35
3584,563
3585,489
3586,407
3587,279
3588,145
3589,582
3590,188
3591,217
3592,324
3593,614
3594,105
3595,788
3596,227
3597,32
3598,103
3599,381
3600,70
3601,122
3602,139
3603,757
3604,86
3605,3381
3606,366
3607,919
3608,1661
3609,713
3610,1153
3611,45
3612,202
3613,342
3614,179
3615,27
3616,613
3617,1608
3618,177
3619,450
3620,230
3621,7279
3622,336
3623,367
3624,643
3625,348
3626,347
3627,122
3628,66
3629,208
3630,652
3631,72
3632,217
3633,122
3634,62
3635,189
3636,418
3637,259
3638,144
3639,1017
3640,734
3641,230
3642,220
3643,230
3644,274
3645,2137
3646,35
3647,703
3648,1701
3649,1035
3650,967
3651,351
3652,198
3653,191
3654,146
3655,155
3656,211
3657,705
3658,78
3659,392
3660,88
3661,1525
3662,616
3663,1228
3664,143
3665,27
3666,5551
3667,165
3668,184
3669,55
3670,107
3671,33
3672,191
3673,180
3674,429
3675,1100
3676,1730
3677,687
3678,294
3679,119
3680,66
3681,95
3682,415
3683,671
3684,103
3685,2611
3686,241
3687,123
3688,213
3689,299
3690,36
3691,9208
3692,24
3693,313
3694,593
3695,1168
3696,322
3697,513
3698,169
3699,384
3700,90
3701,171
3702,1288
3703,1450
3704,46
3705,77
3706,2988
3707,162
3708,89
3709,131
3710,94
3711,476
3712,1713
3713,530
3714,495
3715,88
3716,37
3717,48
3718,640
3719,445
3720,104
3721,1979
3722,266
3723,204
3724,196
3725,79
3726,869
3727,53
3728,254
3729,42
3730,24
3731,180
3732,3009
3733,218
3734,110
3735,390
3736,211
3737,268
3738,818
3739,67
3740,253
3741,738
3742,427
3743,164
3744,337
3745,142
3746,536
3747,27
3748,22
3749,574
3750,162
3751,9853
3752,687
3753,271
3754,795
3755,120
3756,312
3757,37
3758,116
3759,162
3760,94
3761,535
3762,36
3763,75
3764,150
3765,607
3766,22
3767,287
3768,316
3769,622
3770,50
3771,457
3772,1822
3773,28
3774,75
3775,143
3776,4180
3777,164
3778,4989
3779,2308
3780,254
3781,452
3782,503
3783,100
3784,2843
3785,130
3786,765
3787,343
3788,110
3789,148
3790,98
3791,212
3792,649
3793,211
3794,703
3795,124
3796,104
3797,249
3798,78
3799,46
3800,41
3801,546
3802,1915
3803,109
3804,156
3805,435
3806,136
3807,159
3808,346
3809,498
3810,900
3811,143
3812,10
3813,310
3814,102
3815,2893
3816,217
3817,869
3818,40
3819,346
3820,195
3821,268
3822,254
3823,512
3824,61
3825,138
3826,3816
3827,33
3828,9723
3829,56
3830,230
3831,41
3832,462
3833,147
3834,80
3835,58
3836,214
3837,1545
3838,176
3839,450
3840,25
3841,63
3842,268
3843,516
3844,66
3845,634
3846,47
3847,252
3848,300
3849,1559
3850,1984
3851,1056
3852,102
3853,24
3854,195
3855,1066
3856,124
3857,227
3858,2851
3859,126
3860,105
3861,465
3862,454
3863,5858
3864,102
3865,217
3866,90
3867,102
3868,190
3869,31
3870,214
3871,134
3872,8265
3873,128
3874,62
3875,411
3876,214
3877,102
3878,38
3879,176
3880,80
3881,271
3882,181
3883,130
3884,320
3885,591
3886,44
3887,14
3888,51
3889,2113
3890,58
3891,1739
3892,498
3893,42
3894,315
3895,921
3896,565
3897,91
3898,426
3899,6192
3900,143
3901,82
3902,241
3903,324
3904,630
3905,901
3906,1058
3907,280
3908,151
3909,471
3910,185
3911,566
3912,4420
3913,764
3914,313
3915,50
3916,2174
3917,888
3918,129
3919,211
3920,42
3921,64
3922,275
3923,68
3924,3127
3925,68
3926,241
3927,246
3928,314
3929,290
3930,187
3931,111
3932,245
3933,500
3934,180
3935,575
3936,169
3937,493
3938,39
3939,168
3940,82
3941,740
3942,73
3943,127
3944,67
3945,5266
3946,94
3947,838
3948,92
3949,510
3950,39
3951,272
3952,26
3953,134
3954,265
3955,203
3956,137
3957,254
3958,24
3959,4804
3960,82
3961,533
3962,123
3963,132
3964,87
3965,153
3966,79
3967,1259
3968,210
3969,293
3970,211
3971,30
3972,170
3973,2185
3974,850
3975,131
3976,235
3977,3266
3978,540
3979,254
3980,48
3981,65
3982,608
3983,217
3984,5682
3985,353
3986,469
3987,587
3988,957
3989,143
3990,603
3991,67
3992,265
3993,79
3994,248
3995,69
3996,90
3997,94
3998,286
3999,357
4000,1386
4001,25
4002,500
4003,1872
4004,395
4005,126
4006,100
4007,362
4008,102
4009,502
4010,25
4011,762
4012,109
4013,367
4014,1850
4015,390
4016,3512
4017,243
4018,37
4019,602
4020,232
4021,2173
4022,135
4023,237
4024,164
4025,958
4026,239
4027,1103
4028,103
4029,203
4030,42
4031,972
4032,316
4033,434
4034,64
4035,123
4036,38
4037,2196
4038,1007
4039,135
4040,44
4041,175
4042,56
4043,434
4044,68
4045,130
4046,448
4047,222
4048,1848
4049,484
4050,118
4051,138
4052,210
4053,18
4054,476
4055,163
4056,398
4057,57
4058,1575
4059,94
4060,135
4061,58
4062,197
4063,79
4064,63
4065,165
4066,288
4067,228
4068,5101
4069,1243
4070,150
4071,146
4072,158
4073,205
4074,146
4075,388
4076,123
4077,68
4078,231
4079,192
4080,851
4081,142
4082,176
4083,93
4084,32
4085,1407
4086,641
4087,177
4088,145
4089,564
4090,140
4091,154
4092,1330
4093,395
4094,178
4095,126
