0,304
1,577
2,299
3,89
4,201
5,210
6,218
7,110
8,155
9,116
10,219
11,325
12,109
13,408
14,157
15,108
16,347
17,171
18,167
19,131
20,62
21,127
22,238
23,100
24,104
25,227
26,419
27,428
28,128
29,307
30,232
31,79
32,239
33,398
34,125
35,182
36,500
37,447
38,322
39,280
40,494
41,68
42,96
43,271
44,253
45,231
46,331
47,311
48,313
49,82
50,76
51,316
52,234
53,103
54,60
55,287
56,127
57,428
58,278
59,191
60,235
61,180
62,736
63,131
64,488
65,271
66,172
67,359
68,325
69,337
70,163
71,153
72,658
73,145
74,288
75,82
76,178
77,391
78,345
79,211
80,607
81,118
82,255
83,258
84,458
85,229
86,199
87,470
88,61
89,869
90,109
91,122
92,209
93,357
94,84
95,320
96,221
97,145
98,187
99,97
100,275
101,357
102,238
103,141
104,197
105,303
106,141
107,265
108,142
109,243
110,285
111,393
112,98
113,372
114,224
115,773
116,187
117,160
118,472
119,126
120,117
121,139
122,232
123,684
124,278
125,83
126,89
127,244
128,69
129,337
130,140
131,276
132,282
133,207
134,283
135,411
136,204
137,464
138,260
139,546
140,272
141,160
142,300
143,491
144,534
145,287
146,734
147,459
148,499
149,239
150,155
151,547
152,435
153,278
154,364
155,85
156,266
157,136
158,616
159,177
160,71
161,175
162,224
163,530
164,577
165,283
166,142
167,485
168,174
169,162
170,440
171,252
172,306
173,212
174,212
175,64
176,290
177,326
178,141
179,113
180,421
181,132
182,318
183,345
184,219
185,244
186,471
187,97
188,211
189,402
190,217
191,502
192,377
193,132
194,192
195,318
196,198
197,111
198,267
199,124
200,411
201,169
202,237
203,303
204,220
205,583
206,103
207,313
208,229
209,280
210,174
211,501
212,444
213,103
214,325
215,162
216,107
217,398
218,91
219,429
220,133
221,163
222,90
223,260
224,408
225,253
226,168
227,231
228,174
229,530
230,259
231,428
232,599
233,90
234,187
235,337
236,118
237,304
238,334
239,184
240,75
241,139
242,120
243,302
244,234
245,492
246,329
247,333
248,172
249,258
250,253
251,217
252,159
253,364
254,314
255,314
256,296
257,224
258,275
259,317
260,341
261,408
262,179
263,211
264,312
265,156
266,193
267,456
268,96
269,237
270,125
271,103
272,277
273,75
274,124
275,300
276,518
277,202
278,450
279,155
280,617
281,235
282,291
283,190
284,409
285,131
286,247
287,460
288,146
289,299
290,139
291,149
292,93
293,325
294,253
295,655
296,519
297,273
298,134
299,309
300,355
301,656
302,271
303,177
304,290
305,270
306,262
307,262
308,244
309,385
310,278
311,195
312,613
313,97
314,176
315,354
316,477
317,474
318,63
319,285
320,79
321,185
322,299
323,178
324,192
325,363
326,260
327,233
328,65
329,347
330,568
331,323
332,89
333,387
334,323
335,310
336,481
337,283
338,166
339,504
340,269
341,412
342,254
343,175
344,82
345,78
346,261
347,355
348,268
349,299
350,283
351,240
352,480
353,95
354,328
355,174
356,103
357,260
358,117
359,117
360,156
361,315
362,219
363,292
364,137
365,301
366,150
367,627
368,194
369,116
370,145
371,335
372,139
373,828
374,524
375,181
376,252
377,235
378,166
379,334
380,197
381,387
382,267
383,107
384,128
385,420
386,146
387,316
388,240
389,165
390,144
391,257
392,107
393,123
394,176
395,863
396,98
397,247
398,204
399,372
400,302
401,177
402,67
403,109
404,494
405,424
406,168
407,202
408,210
409,89
410,468
411,153
412,152
413,267
414,148
415,300
416,94
417,717
418,132
419,80
420,116
421,309
422,471
423,603
424,257
425,619
426,106
427,280
428,199
429,319
430,98
431,86
432,348
433,247
434,332
435,143
436,143
437,104
438,439
439,319
440,296
441,157
442,228
443,162
444,544
445,360
446,917
447,179
448,315
449,521
450,181
451,248
452,324
453,184
454,121
455,68
456,106
457,114
458,145
459,232
460,176
461,428
462,143
463,180
464,338
465,132
466,153
467,602
468,200
469,195
470,89
471,313
472,233
473,163
474,207
475,445
476,333
477,303
478,169
479,142
480,260
481,324
482,463
483,338
484,367
485,170
486,85
487,488
488,187
489,93
490,296
491,262
492,465
493,234
494,669
495,99
496,176
497,310
498,264
499,236
500,355
501,92
502,254
503,261
504,516
505,103
506,395
507,268
508,500
509,262
510,118
511,335
512,72
513,77
514,354
515,908
516,168
517,257
518,372
519,142
520,365
521,368
522,71
523,71
524,166
525,250
526,84
527,153
528,611
529,1206
530,55
531,614
532,293
533,251
534,675
535,481
536,198
537,131
538,444
539,97
540,1251
541,153
542,346
543,132
544,104
545,55
546,183
547,270
548,279
549,548
550,302
551,229
552,81
553,641
554,254
555,501
556,308
557,255
558,197
559,165
560,372
561,280
562,438
563,236
564,104
565,453
566,146
567,216
568,148
569,251
570,119
571,161
572,445
573,93
574,184
575,241
576,219
577,232
578,201
579,347
580,260
581,319
582,230
583,309
584,189
585,367
586,367
587,237
588,448
589,284
590,1714
591,390
592,684
593,89
594,221
595,250
596,140
597,243
598,217
599,150
600,156
601,147
602,70
603,81
604,816
605,250
606,232
607,126
608,265
609,310
610,135
611,423
612,284
613,122
614,211
615,75
616,204
617,250
618,479
619,245
620,159
621,498
622,121
623,196
624,209
625,136
626,341
627,188
628,450
629,367
630,557
631,176
632,81
633,358
634,291
635,251
636,137
637,257
638,113
639,77
640,146
641,221
642,93
643,237
644,247
645,349
646,397
647,60
648,196
649,266
650,166
651,156
652,219
653,397
654,191
655,231
656,360
657,208
658,202
659,68
660,635
661,335
662,161
663,255
664,394
665,316
666,341
667,539
668,105
669,160
670,512
671,366
672,354
673,413
674,187
675,94
676,410
677,186
678,521
679,483
680,170
681,441
682,214
683,272
684,111
685,255
686,211
687,195
688,256
689,169
690,216
691,224
692,273
693,405
694,384
695,470
696,389
697,308
698,218
699,220
700,176
701,283
702,106
703,221
704,166
705,269
706,223
707,112
708,211
709,217
710,169
711,381
712,236
713,425
714,95
715,374
716,327
717,216
718,279
719,299
720,317
721,337
722,315
723,158
724,205
725,606
726,168
727,257
728,289
729,241
730,331
731,624
732,145
733,388
734,152
735,284
736,170
737,238
738,518
739,444
740,131
741,131
742,186
743,269
744,74
745,293
746,124
747,176
748,141
749,278
750,366
751,209
752,358
753,210
754,71
755,245
756,177
757,200
758,176
759,255
760,164
761,381
762,298
763,107
764,322
765,577
766,261
767,255
768,232
769,415
770,190
771,342
772,285
773,134
774,141
775,237
776,109
777,639
778,200
779,187
780,332
781,200
782,204
783,290
784,330
785,317
786,426
787,135
788,233
789,184
790,507
791,106
792,226
793,130
794,206
795,232
796,295
797,372
798,277
799,315
800,73
801,207
802,214
803,77
804,720
805,141
806,153
807,263
808,212
809,238
810,166
811,200
812,123
813,350
814,394
815,330
816,195
817,706
818,353
819,283
820,382
821,78
822,872
823,250
824,574
825,155
826,66
827,365
828,181
829,151
830,284
831,228
832,80
833,654
834,392
835,372
836,324
837,134
838,199
839,183
840,259
841,184
842,418
843,207
844,388
845,374
846,250
847,253
848,145
849,186
850,694
851,271
852,107
853,228
854,409
855,418
856,225
857,153
858,269
859,221
860,222
861,215
862,383
863,172
864,132
865,208
866,115
867,68
868,737
869,294
870,151
871,150
872,184
873,228
874,500
875,168
876,232
877,103
878,281
879,223
880,179
881,238
882,901
883,287
884,209
885,399
886,149
887,122
888,515
889,95
890,280
891,202
892,555
893,240
894,149
895,183
896,290
897,143
898,267
899,137
900,202
901,303
902,372
903,357
904,56
905,147
906,239
907,120
908,103
909,149
910,1408
911,229
912,908
913,325
914,247
915,155
916,167
917,173
918,358
919,174
920,228
921,95
922,341
923,462
924,234
925,431
926,142
927,440
928,152
929,112
930,80
931,385
932,517
933,91
934,157
935,119
936,435
937,138
938,311
939,277
940,249
941,429
942,363
943,906
944,300
945,420
946,206
947,195
948,210
949,372
950,254
951,193
952,182
953,476
954,92
955,645
956,99
957,222
958,647
959,252
960,84
961,474
962,315
963,81
964,424
965,197
966,293
967,251
968,181
969,464
970,283
971,158
972,196
973,252
974,376
975,347
976,186
977,307
978,92
979,156
980,265
981,174
982,146
983,242
984,428
985,336
986,170
987,60
988,86
989,188
990,232
991,272
992,222
993,338
994,317
995,312
996,773
997,330
998,93
999,134
1000,97
1001,461
1002,284
1003,107
1004,473
1005,381
1006,1359
1007,638
1008,224
1009,128
1010,901
1011,349
1012,141
1013,321
1014,125
1015,293
1016,211
1017,245
1018,130
1019,359
1020,150
1021,129
1022,446
1023,148
1024,116
1025,276
1026,240
1027,156
1028,194
1029,157
1030,355
1031,178
1032,339
1033,439
1034,444
1035,254
1036,578
1037,236
1038,494
1039,349
1040,94
1041,361
1042,447
1043,214
1044,355
1045,218
1046,223
1047,245
1048,209
1049,326
1050,59
1051,486
1052,204
1053,115
1054,477
1055,468
1056,205
1057,339
1058,244
1059,317
1060,324
1061,141
1062,315
1063,201
1064,173
1065,368
1066,69
1067,264
1068,116
1069,96
1070,72
1071,328
1072,209
1073,275
1074,335
1075,229
1076,337
1077,72
1078,175
1079,361
1080,265
1081,143
1082,136
1083,101
1084,230
1085,260
1086,169
1087,158
1088,364
1089,299
1090,428
1091,157
1092,188
1093,213
1094,101
1095,68
1096,312
1097,254
1098,399
1099,253
1100,358
1101,471
1102,812
1103,257
1104,68
1105,109
1106,107
1107,818
1108,449
1109,87
1110,159
1111,109
1112,785
1113,296
1114,510
1115,128
1116,634
1117,307
1118,904
1119,216
1120,936
1121,268
1122,424
1123,91
1124,400
1125,214
1126,236
1127,297
1128,66
1129,709
1130,177
1131,245
1132,78
1133,128
1134,233
1135,105
1136,90
1137,257
1138,207
1139,180
1140,385
1141,199
1142,372
1143,708
1144,382
1145,160
1146,146
1147,247
1148,141
1149,95
1150,230
1151,229
1152,170
1153,215
1154,175
1155,431
1156,65
1157,201
1158,134
1159,375
1160,270
1161,309
1162,102
1163,506
1164,144
1165,276
1166,63
1167,175
1168,527
1169,82
1170,334
1171,331
1172,218
1173,207
1174,200
1175,173
1176,278
1177,387
1178,91
1179,224
1180,232
1181,287
1182,363
1183,147
1184,461
1185,238
1186,360
1187,359
1188,92
1189,273
1190,230
1191,142
1192,325
1193,116
1194,265
1195,262
1196,104
1197,150
1198,148
1199,302
1200,173
1201,255
1202,139
1203,187
1204,159
1205,113
1206,291
1207,561
1208,111
1209,225
1210,285
1211,459
1212,175
1213,150
1214,222
1215,166
1216,301
1217,141
1218,447
1219,250
1220,52
1221,96
1222,166
1223,314
1224,196
1225,381
1226,219
1227,378
1228,129
1229,216
1230,178
1231,261
1232,206
1233,203
1234,249
1235,250
1236,250
1237,551
1238,272
1239,338
1240,371
1241,537
1242,205
1243,112
1244,206
1245,124
1246,387
1247,379
1248,137
1249,161
1250,257
1251,335
1252,280
1253,78
1254,158
1255,515
1256,350
1257,900
1258,190
1259,160
1260,391
1261,374
1262,334
1263,306
1264,280
1265,416
1266,143
1267,211
1268,117
1269,388
1270,197
1271,416
1272,214
1273,849
1274,101
1275,373
1276,217
1277,447
1278,202
1279,95
1280,268
1281,182
1282,168
1283,406
1284,611
1285,253
1286,370
1287,331
1288,358
1289,192
1290,338
1291,87
1292,122
1293,98
1294,100
1295,283
1296,364
1297,358
1298,152
1299,218
1300,346
1301,310
1302,312
1303,939
1304,361
1305,359
1306,129
1307,264
1308,190
1309,236
1310,123
1311,311
1312,149
1313,291
1314,261
1315,168
1316,344
1317,1673
1318,188
1319,145
1320,144
1321,496
1322,107
1323,159
1324,287
1325,138
1326,159
1327,222
1328,232
1329,203
1330,91
1331,311
1332,243
1333,203
1334,559
1335,82
1336,206
1337,205
1338,299
1339,347
1340,153
1341,295
1342,88
1343,159
1344,390
1345,280
1346,356
1347,244
1348,195
1349,390
1350,380
1351,385
1352,269
1353,354
1354,279
1355,156
1356,199
1357,187
1358,432
1359,115
1360,120
1361,738
1362,94
1363,189
1364,362
1365,354
1366,199
1367,353
1368,285
1369,203
1370,281
1371,91
1372,480
1373,694
1374,257
1375,373
1376,220
1377,310
1378,131
1379,92
1380,209
1381,105
1382,158
1383,271
1384,318
1385,215
1386,374
1387,304
1388,127
1389,81
1390,263
1391,318
1392,406
1393,446
1394,195
1395,355
1396,233
1397,100
1398,274
1399,218
1400,206
1401,139
1402,596
1403,610
1404,237
1405,771
1406,291
1407,156
1408,443
1409,159
1410,228
1411,509
1412,350
1413,66
1414,392
1415,204
1416,287
1417,115
1418,82
1419,387
1420,597
1421,428
1422,269
1423,513
1424,117
1425,455
1426,190
1427,118
1428,429
1429,95
1430,689
1431,325
1432,585
1433,221
1434,175
1435,258
1436,224
1437,476
1438,153
1439,193
1440,337
1441,203
1442,173
1443,435
1444,425
1445,443
1446,49
1447,462
1448,120
1449,393
1450,109
1451,71
1452,182
1453,139
1454,389
1455,75
1456,412
1457,184
1458,104
1459,356
1460,236
1461,294
1462,73
1463,162
1464,299
1465,285
1466,223
1467,371
1468,214
1469,152
1470,120
1471,86
1472,95
1473,239
1474,141
1475,408
1476,615
1477,325
1478,102
1479,337
1480,113
1481,273
1482,242
1483,112
1484,211
1485,86
1486,226
1487,235
1488,255
1489,316
1490,469
1491,273
1492,158
1493,96
1494,94
1495,224
1496,240
1497,210
1498,237
1499,129
1500,281
1501,486
1502,716
1503,365
1504,158
1505,295
1506,115
1507,1075
1508,81
1509,248
1510,257
1511,262
1512,134
1513,632
1514,485
1515,88
1516,609
1517,533
1518,138
1519,234
1520,113
1521,211
1522,137
1523,283
1524,226
1525,424
1526,110
1527,191
1528,296
1529,598
1530,231
1531,71
1532,189
1533,337
1534,405
1535,299
1536,127
1537,249
1538,212
1539,266
1540,363
1541,355
1542,258
1543,294
1544,99
1545,150
1546,240
1547,504
1548,145
1549,404
1550,300
1551,367
1552,306
1553,229
1554,135
1555,220
1556,168
1557,198
1558,81
1559,406
1560,249
1561,392
1562,248
1563,251
1564,330
1565,77
1566,443
1567,210
1568,329
1569,260
1570,123
1571,427
1572,370
1573,93
1574,152
1575,255
1576,156
1577,383
1578,176
1579,332
1580,241
1581,336
1582,387
1583,200
1584,644
1585,392
1586,286
1587,130
1588,163
1589,325
1590,492
1591,233
1592,177
1593,573
1594,235
1595,92
1596,230
1597,82
1598,292
1599,568
1600,128
1601,113
1602,125
1603,105
1604,232
1605,116
1606,207
1607,212
1608,334
1609,207
1610,123
1611,891
1612,69
1613,420
1614,362
1615,197
1616,641
1617,246
1618,160
1619,336
1620,291
1621,1002
1622,191
1623,171
1624,350
1625,188
1626,282
1627,128
1628,139
1629,129
1630,173
1631,108
1632,332
1633,202
1634,194
1635,303
1636,251
1637,238
1638,434
1639,110
1640,131
1641,96
1642,123
1643,344
1644,493
1645,272
1646,176
1647,281
1648,225
1649,301
1650,358
1651,269
1652,146
1653,265
1654,102
1655,185
1656,426
1657,443
1658,131
1659,191
1660,157
1661,72
1662,261
1663,486
1664,96
1665,130
1666,535
1667,169
1668,102
1669,90
1670,211
1671,229
1672,105
1673,193
1674,354
1675,436
1676,246
1677,252
1678,430
1679,72
1680,519
1681,241
1682,482
1683,182
1684,375
1685,185
1686,278
1687,116
1688,177
1689,280
1690,204
1691,121
1692,149
1693,119
1694,313
1695,114
1696,273
1697,194
1698,312
1699,301
1700,255
1701,231
1702,254
1703,269
1704,429
1705,269
1706,374
1707,107
1708,281
1709,346
1710,87
1711,94
1712,296
1713,222
1714,374
1715,245
1716,414
1717,458
1718,284
1719,351
1720,266
1721,187
1722,190
1723,447
1724,140
1725,151
1726,313
1727,348
1728,275
1729,197
1730,855
1731,544
1732,84
1733,256
1734,204
1735,283
1736,211
1737,169
1738,101
1739,286
1740,310
1741,170
1742,482
1743,227
1744,755
1745,274
1746,134
1747,440
1748,574
1749,227
1750,556
1751,258
1752,333
1753,264
1754,178
1755,309
1756,108
1757,204
1758,311
1759,315
1760,585
1761,215
1762,266
1763,296
1764,372
1765,220
1766,136
1767,176
1768,632
1769,91
1770,664
1771,267
1772,118
1773,338
1774,188
1775,102
1776,134
1777,184
1778,228
1779,123
1780,233
1781,188
1782,191
1783,138
1784,218
1785,73
1786,361
1787,120
1788,98
1789,244
1790,101
1791,231
1792,395
1793,159
1794,247
1795,114
1796,186
1797,150
1798,112
1799,413
1800,94
1801,361
1802,280
1803,490
1804,157
1805,978
1806,100
1807,981
1808,321
1809,238
1810,210
1811,658
1812,232
1813,335
1814,100
1815,254
1816,192
1817,342
1818,168
1819,269
1820,130
1821,180
1822,459
1823,249
1824,302
1825,150
1826,195
1827,136
1828,434
1829,172
1830,553
1831,230
1832,201
1833,170
1834,382
1835,328
1836,181
1837,109
1838,340
1839,218
1840,104
1841,247
1842,436
1843,459
1844,220
1845,153
1846,98
1847,225
1848,97
1849,262
1850,169
1851,108
1852,412
1853,337
1854,288
1855,199
1856,257
1857,371
1858,427
1859,280
1860,259
1861,198
1862,340
1863,425
1864,344
1865,210
1866,420
1867,194
1868,159
1869,96
1870,331
1871,218
1872,250
1873,170
1874,574
1875,194
1876,196
1877,147
1878,149
1879,106
1880,197
1881,110
1882,432
1883,332
1884,133
1885,188
1886,211
1887,322
1888,79
1889,987
1890,206
1891,293
1892,344
1893,139
1894,424
1895,128
1896,338
1897,209
1898,168
1899,226
1900,307
1901,176
1902,107
1903,367
1904,173
1905,565
1906,231
1907,226
1908,289
1909,379
1910,171
1911,825
1912,62
1913,299
1914,384
1915,505
1916,166
1917,468
1918,98
1919,118
1920,338
1921,130
1922,163
1923,106
1924,369
1925,408
1926,133
1927,327
1928,618
1929,444
1930,99
1931,229
1932,264
1933,204
1934,219
1935,89
1936,515
1937,113
1938,610
1939,244
1940,285
1941,109
1942,139
1943,403
1944,351
1945,125
1946,402
1947,364
1948,541
1949,367
1950,171
1951,89
1952,108
1953,127
1954,467
1955,90
1956,199
1957,205
1958,488
1959,404
1960,249
1961,171
1962,169
1963,167
1964,274
1965,203
1966,693
1967,845
1968,303
1969,568
1970,184
1971,161
1972,219
1973,64
1974,375
1975,269
1976,111
1977,256
1978,316
1979,328
1980,198
1981,279
1982,136
1983,247
1984,230
1985,284
1986,167
1987,299
1988,88
1989,224
1990,355
1991,205
1992,166
1993,190
1994,142
1995,227
1996,129
1997,106
1998,186
1999,113
2000,114
2001,346
2002,270
2003,243
2004,114
2005,80
2006,741
2007,170
2008,220
2009,221
2010,310
2011,87
2012,197
2013,124
2014,361
2015,75
2016,193
2017,532
2018,285
2019,262
2020,219
2021,146
2022,576
2023,195
2024,317
2025,167
2026,162
2027,218
2028,116
2029,513
2030,146
2031,93
2032,120
2033,251
2034,148
2035,269
2036,305
2037,252
2038,237
2039,182
2040,269
2041,274
2042,286
2043,314
2044,189
2045,715
2046,227
2047,356
2048,177
2049,81
2050,226
2051,193
2052,329
2053,287
2054,333
2055,197
2056,478
2057,64
2058,310
2059,107
2060,182
2061,570
2062,222
2063,89
2064,370
2065,221
2066,67
2067,323
2068,107
2069,213
2070,445
2071,237
2072,108
2073,577
2074,131
2075,75
2076,562
2077,748
2078,406
2079,221
2080,254
2081,501
2082,611
2083,259
2084,346
2085,261
2086,112
2087,580
2088,92
2089,117
2090,483
2091,182
2092,262
2093,170
2094,183
2095,444
2096,212
2097,306
2098,146
2099,203
2100,145
2101,263
2102,394
2103,215
2104,85
2105,332
2106,298
2107,179
2108,387
2109,203
2110,167
2111,218
2112,317
2113,181
2114,315
2115,224
2116,109
2117,205
2118,203
2119,182
2120,427
2121,85
2122,207
2123,253
2124,501
2125,270
2126,91
2127,165
2128,313
2129,404
2130,274
2131,109
2132,742
2133,186
2134,309
2135,174
2136,262
2137,181
2138,157
2139,315
2140,483
2141,106
2142,730
2143,161
2144,699
2145,285
2146,95
2147,307
2148,492
2149,377
2150,300
2151,667
2152,110
2153,274
2154,130
2155,311
2156,203
2157,326
2158,425
2159,280
2160,315
2161,329
2162,214
2163,136
2164,88
2165,437
2166,438
2167,483
2168,201
2169,323
2170,257
2171,301
2172,268
2173,196
2174,420
2175,296
2176,69
2177,305
2178,281
2179,278
2180,223
2181,337
2182,412
2183,327
2184,211
2185,499
2186,242
2187,197
2188,256
2189,404
2190,345
2191,469
2192,223
2193,186
2194,207
2195,278
2196,193
2197,419
2198,291
2199,587
2200,114
2201,675
2202,354
2203,67
2204,190
2205,169
2206,253
2207,458
2208,198
2209,357
2210,237
2211,136
2212,392
2213,246
2214,220
2215,145
2216,433
2217,479
2218,152
2219,337
2220,234
2221,529
2222,345
2223,137
2224,159
2225,587
2226,303
2227,216
2228,554
2229,556
2230,119
2231,318
2232,284
2233,140
2234,240
2235,527
2236,410
2237,195
2238,200
2239,340
2240,290
2241,115
2242,289
2243,116
2244,195
2245,326
2246,254
2247,236
2248,229
2249,327
2250,349
2251,77
2252,135
2253,434
2254,217
2255,210
2256,363
2257,273
2258,282
2259,133
2260,271
2261,350
2262,395
2263,147
2264,440
2265,222
2266,132
2267,190
2268,432
2269,56
2270,326
2271,230
2272,161
2273,317
2274,159
2275,312
2276,146
2277,408
2278,215
2279,190
2280,449
2281,324
2282,200
2283,117
2284,178
2285,378
2286,649
2287,242
2288,206
2289,548
2290,144
2291,615
2292,171
2293,107
2294,131
2295,206
2296,330
2297,447
2298,240
2299,349
2300,131
2301,800
2302,148
2303,111
2304,278
2305,247
2306,527
2307,309
2308,372
2309,122
2310,149
2311,84
2312,420
2313,286
2314,103
2315,447
2316,225
2317,240
2318,149
2319,101
2320,737
2321,179
2322,273
2323,497
2324,279
2325,903
2326,130
2327,154
2328,96
2329,389
2330,89
2331,238
2332,146
2333,134
2334,312
2335,105
2336,206
2337,262
2338,381
2339,191
2340,154
2341,270
2342,220
2343,110
2344,282
2345,107
2346,231
2347,267
2348,421
2349,272
2350,391
2351,143
2352,240
2353,595
2354,282
2355,183
2356,97
2357,213
2358,296
2359,63
2360,948
2361,828
2362,135
2363,200
2364,179
2365,102
2366,154
2367,389
2368,206
2369,164
2370,131
2371,373
2372,247
2373,163
2374,167
2375,217
2376,208
2377,289
2378,434
2379,352
2380,307
2381,92
2382,291
2383,146
2384,263
2385,77
2386,784
2387,289
2388,179
2389,259
2390,92
2391,415
2392,212
2393,670
2394,208
2395,327
2396,140
2397,258
2398,322
2399,120
2400,135
2401,448
2402,119
2403,181
2404,626
2405,790
2406,226
2407,1402
2408,115
2409,133
2410,209
2411,350
2412,384
2413,73
2414,169
2415,221
2416,231
2417,296
2418,231
2419,206
2420,517
2421,378
2422,197
2423,292
2424,443
2425,103
2426,308
2427,199
2428,190
2429,199
2430,136
2431,247
2432,64
2433,134
2434,316
2435,275
2436,298
2437,83
2438,387
2439,301
2440,432
2441,106
2442,73
2443,486
2444,207
2445,184
2446,175
2447,184
2448,95
2449,439
2450,133
2451,314
2452,545
2453,266
2454,284
2455,208
2456,74
2457,425
2458,149
2459,221
2460,312
2461,73
2462,128
2463,219
2464,304
2465,197
2466,599
2467,160
2468,221
2469,288
2470,380
2471,240
2472,217
2473,297
2474,411
2475,328
2476,143
2477,451
2478,196
2479,330
2480,379
2481,266
2482,467
2483,152
2484,453
2485,596
2486,125
2487,205
2488,448
2489,62
2490,361
2491,310
2492,330
2493,442
2494,89
2495,829
2496,617
2497,98
2498,303
2499,208
2500,91
2501,419
2502,391
2503,285
2504,326
2505,267
2506,400
2507,353
2508,230
2509,141
2510,278
2511,460
2512,296
2513,102
2514,136
2515,265
2516,177
2517,167
2518,252
2519,686
2520,426
2521,200
2522,271
2523,182
2524,205
2525,520
2526,242
2527,527
2528,425
2529,798
2530,583
2531,262
2532,445
2533,106
2534,203
2535,285
2536,159
2537,276
2538,92
2539,963
2540,49
2541,291
2542,234
2543,292
2544,301
2545,359
2546,260
2547,298
2548,429
2549,160
2550,185
2551,277
2552,186
2553,272
2554,150
2555,138
2556,441
2557,180
2558,308
2559,137
2560,284
2561,256
2562,265
2563,278
2564,470
2565,344
2566,116
2567,166
2568,409
2569,182
2570,233
2571,248
2572,100
2573,76
2574,257
2575,289
2576,340
2577,226
2578,291
2579,356
2580,692
2581,123
2582,161
2583,667
2584,129
2585,397
2586,637
2587,289
2588,379
2589,145
2590,295
2591,286
2592,917
2593,103
2594,294
2595,184
2596,201
2597,298
2598,128
2599,267
2600,437
2601,95
2602,206
2603,183
2604,221
2605,131
2606,117
2607,61
2608,88
2609,106
2610,498
2611,70
2612,273
2613,164
2614,330
2615,85
2616,605
2617,376
2618,308
2619,321
2620,989
2621,301
2622,142
2623,246
2624,283
2625,383
2626,124
2627,164
2628,223
2629,151
2630,428
2631,500
2632,388
2633,64
2634,165
2635,318
2636,172
2637,403
2638,2997
2639,100
2640,57
2641,348
2642,119
2643,111
2644,224
2645,351
2646,558
2647,299
2648,247
2649,420
2650,542
2651,411
2652,86
2653,258
2654,305
2655,208
2656,59
2657,119
2658,178
2659,278
2660,139
2661,255
2662,239
2663,103
2664,245
2665,122
2666,308
2667,103
2668,473
2669,949
2670,250
2671,172
2672,828
2673,217
2674,205
2675,70
2676,328
2677,201
2678,301
2679,420
2680,263
2681,103
2682,442
2683,137
2684,728
2685,306
2686,105
2687,198
2688,166
2689,907
2690,225
2691,245
2692,76
2693,542
2694,193
2695,357
2696,203
2697,147
2698,216
2699,397
2700,101
2701,394
2702,174
2703,92
2704,191
2705,412
2706,113
2707,202
2708,364
2709,62
2710,156
2711,186
2712,389
2713,212
2714,112
2715,253
2716,273
2717,209
2718,252
2719,363
2720,258
2721,269
2722,85
2723,140
2724,518
2725,345
2726,183
2727,275
2728,171
2729,76
2730,108
2731,203
2732,120
2733,201
2734,405
2735,163
2736,77
2737,56
2738,77
2739,422
2740,121
2741,300
2742,475
2743,403
2744,84
2745,478
2746,268
2747,262
2748,304
2749,508
2750,274
2751,195
2752,119
2753,129
2754,122
2755,199
2756,118
2757,264
2758,215
2759,257
2760,160
2761,332
2762,232
2763,288
2764,513
2765,232
2766,138
2767,207
2768,630
2769,381
2770,439
2771,220
2772,327
2773,301
2774,391
2775,230
2776,97
2777,284
2778,200
2779,157
2780,286
2781,354
2782,691
2783,242
2784,288
2785,183
2786,259
2787,557
2788,174
2789,47
2790,129
2791,163
2792,463
2793,137
2794,508
2795,233
2796,168
2797,204
2798,93
2799,270
2800,532
2801,218
2802,314
2803,296
2804,276
2805,145
2806,139
2807,232
2808,177
2809,313
2810,206
2811,324
2812,210
2813,97
2814,170
2815,174
2816,315
2817,174
2818,122
2819,73
2820,724
2821,338
2822,388
2823,275
2824,414
2825,213
2826,188
2827,205
2828,140
2829,277
2830,208
2831,236
2832,90
2833,203
2834,134
2835,520
2836,156
2837,579
2838,281
2839,369
2840,183
2841,207
2842,347
2843,78
2844,511
2845,395
2846,250
2847,568
2848,323
2849,400
2850,211
2851,223
2852,308
2853,351
2854,379
2855,310
2856,225
2857,100
2858,378
2859,289
2860,420
2861,136
2862,219
2863,345
2864,284
2865,413
2866,117
2867,136
2868,407
2869,181
2870,278
2871,165
2872,159
2873,304
2874,92
2875,217
2876,370
2877,178
2878,260
2879,238
2880,60
2881,235
2882,164
2883,203
2884,332
2885,101
2886,336
2887,312
2888,248
2889,174
2890,224
2891,198
2892,223
2893,182
2894,111
2895,211
2896,367
2897,353
2898,91
2899,272
2900,249
2901,296
2902,287
2903,250
2904,235
2905,185
2906,121
2907,108
2908,513
2909,116
2910,147
2911,315
2912,421
2913,524
2914,724
2915,88
2916,644
2917,449
2918,62
2919,87
2920,233
2921,238
2922,591
2923,333
2924,191
2925,170
2926,346
2927,348
2928,106
2929,616
2930,254
2931,109
2932,264
2933,154
2934,303
2935,110
2936,101
2937,258
2938,521
2939,207
2940,94
2941,195
2942,102
2943,374
2944,412
2945,88
2946,325
2947,285
2948,310
2949,275
2950,1388
2951,158
2952,485
2953,178
2954,455
2955,214
2956,207
2957,68
2958,195
2959,512
2960,164
2961,278
2962,330
2963,94
2964,279
2965,311
2966,166
2967,362
2968,260
2969,245
2970,138
2971,213
2972,623
2973,240
2974,92
2975,158
2976,331
2977,159
2978,120
2979,274
2980,502
2981,404
2982,464
2983,220
2984,288
2985,154
2986,543
2987,234
2988,336
2989,104
2990,173
2991,612
2992,431
2993,269
2994,269
2995,113
2996,402
2997,166
2998,132
2999,230
3000,178
3001,220
3002,244
3003,579
3004,138
3005,134
3006,334
3007,200
3008,313
3009,331
3010,255
3011,90
3012,129
3013,286
3014,190
3015,363
3016,312
3017,306
3018,566
3019,112
3020,135
3021,210
3022,123
3023,407
3024,257
3025,903
3026,237
3027,541
3028,397
3029,148
3030,380
3031,164
3032,161
3033,87
3034,243
3035,131
3036,153
3037,243
3038,108
3039,122
3040,207
3041,226
3042,87
3043,296
3044,91
3045,315
3046,297
3047,427
3048,280
3049,294
3050,301
3051,387
3052,228
3053,146
3054,200
3055,506
3056,369
3057,155
3058,154
3059,170
3060,400
3061,203
3062,382
3063,113
3064,105
3065,145
3066,327
3067,174
3068,191
3069,227
3070,255
3071,156
3072,196
3073,374
3074,391
3075,342
3076,240
3077,214
3078,151
3079,260
3080,87
3081,578
3082,217
3083,156
3084,383
3085,297
3086,163
3087,211
3088,760
3089,168
3090,427
3091,319
3092,179
3093,83
3094,134
3095,307
3096,283
3097,280
3098,786
3099,74
3100,343
3101,621
3102,144
3103,707
3104,135
3105,149
3106,284
3107,240
3108,70
3109,183
3110,483
3111,193
3112,252
3113,398
3114,208
3115,116
3116,160
3117,250
3118,252
3119,201
3120,124
3121,391
3122,114
3123,144
3124,163
3125,92
3126,597
3127,175
3128,257
3129,298
3130,104
3131,69
3132,210
3133,640
3134,144
3135,379
3136,112
3137,340
3138,143
3139,341
3140,164
3141,166
3142,357
3143,130
3144,186
3145,207
3146,309
3147,307
3148,377
3149,227
3150,234
3151,211
3152,81
3153,674
3154,81
3155,153
3156,124
3157,292
3158,175
3159,335
3160,138
3161,300
3162,245
3163,191
3164,82
3165,138
3166,193
3167,201
3168,152
3169,339
3170,206
3171,334
3172,482
3173,344
3174,550
3175,280
3176,236
3177,478
3178,288
3179,141
3180,333
3181,247
3182,362
3183,499
3184,227
3185,179
3186,89
3187,218
3188,127
3189,71
3190,99
3191,356
3192,199
3193,129
3194,273
3195,202
3196,248
3197,104
3198,243
3199,61
3200,222
3201,286
3202,515
3203,57
3204,214
3205,258
3206,985
3207,408
3208,224
3209,183
3210,192
3211,289
3212,147
3213,241
3214,213
3215,243
3216,223
3217,112
3218,97
3219,121
3220,220
3221,334
3222,269
3223,204
3224,179
3225,299
3226,247
3227,348
3228,731
3229,243
3230,255
3231,124
3232,246
3233,111
3234,232
3235,216
3236,223
3237,100
3238,386
3239,308
3240,195
3241,102
3242,294
3243,180
3244,148
3245,325
3246,187
3247,213
3248,354
3249,404
3250,303
3251,453
3252,134
3253,160
3254,567
3255,626
3256,160
3257,111
3258,452
3259,139
3260,569
3261,354
3262,101
3263,282
3264,101
3265,282
3266,158
3267,799
3268,173
3269,192
3270,114
3271,138
3272,115
3273,491
3274,86
3275,304
3276,92
3277,237
3278,99
3279,348
3280,112
3281,335
3282,381
3283,182
3284,240
3285,344
3286,87
3287,376
3288,154
3289,236
3290,199
3291,394
3292,269
3293,99
3294,437
3295,88
3296,150
3297,402
3298,320
3299,158
3300,283
3301,264
3302,292
3303,274
3304,252
3305,304
3306,120
3307,176
3308,225
3309,244
3310,389
3311,431
3312,167
3313,220
3314,212
3315,171
3316,383
3317,334
3318,269
3319,107
3320,173
3321,324
3322,69
3323,477
3324,241
3325,213
3326,410
3327,243
3328,109
3329,91
3330,384
3331,176
3332,319
3333,130
3334,289
3335,151
3336,384
3337,277
3338,334
3339,214
3340,383
3341,128
3342,245
3343,562
3344,235
3345,193
3346,160
3347,304
3348,1024
3349,153
3350,244
3351,93
3352,82
3353,94
3354,243
3355,111
3356,106
3357,268
3358,279
3359,147
3360,151
3361,560
3362,493
3363,137
3364,770
3365,321
3366,145
3367,304
3368,194
3369,320
3370,264
3371,95
3372,262
3373,757
3374,169
3375,307
3376,380
3377,229
3378,190
3379,284
3380,240
3381,163
3382,228
3383,204
3384,302
3385,277
3386,208
3387,301
3388,520
3389,87
3390,414
3391,144
3392,138
3393,78
3394,761
3395,352
3396,209
3397,146
3398,383
3399,133
3400,439
3401,67
3402,428
3403,400
3404,209
3405,242
3406,238
3407,101
3408,373
3409,323
3410,167
3411,278
3412,371
3413,223
3414,286
3415,355
3416,277
3417,60
3418,211
3419,388
3420,256
3421,102
3422,224
3423,254
3424,552
3425,179
3426,216
3427,268
3428,506
3429,176
3430,126
3431,253
3432,307
3433,158
3434,617
3435,123
3436,123
3437,159
3438,234
3439,329
3440,170
3441,372
3442,232
3443,129
3444,410
3445,363
3446,199
3447,100
3448,278
3449,518
3450,1637
3451,194
3452,155
3453,135
3454,286
3455,219
3456,85
3457,251
3458,198
3459,81
3460,225
3461,247
3462,218
3463,384
3464,348
3465,69
3466,116
3467,273
3468,879
3469,410
3470,101
3471,574
3472,292
3473,293
3474,356
3475,319
3476,343
3477,95
3478,503
3479,473
3480,123
3481,210
3482,200
3483,150
3484,400
3485,336
3486,226
3487,71
3488,200
3489,209
3490,723
3491,160
3492,373
3493,346
3494,282
3495,220
3496,411
3497,207
3498,175
3499,168
3500,258
3501,216
3502,282
3503,216
3504,467
3505,179
3506,545
3507,136
3508,244
3509,202
3510,70
3511,104
3512,402
3513,54
3514,192
3515,298
3516,139
3517,127
3518,426
3519,260
3520,189
3521,182
3522,145
3523,259
3524,171
3525,237
3526,724
3527,323
3528,115
3529,72
3530,243
3531,311
3532,394
3533,228
3534,177
3535,103
3536,192
3537,122
3538,263
3539,212
3540,354
3541,209
3542,500
3543,105
3544,462
3545,102
3546,173
3547,204
3548,158
3549,449
3550,216
3551,114
3552,285
3553,384
3554,282
3555,351
3556,388
3557,236
3558,330
3559,188
3560,347
3561,284
3562,298
3563,430
3564,303
3565,237
3566,262
3567,292
3568,140
3569,426
3570,165
3571,193
3572,348
3573,308
3574,373
3575,255
3576,61
3577,295
3578,285
3579,188
3580,132
3581,148
3582,389
3583,69
3584,62
3585,215
3586,207
3587,128
3588,276
3589,184
3590,57
3591,191
3592,261
3593,172
3594,335
3595,298
3596,205
3597,382
3598,181
3599,157
3600,162
3601,132
3602,253
3603,284
3604,284
3605,86
3606,320
3607,158
3608,259
3609,330
3610,94
3611,143
3612,460
3613,460
3614,308
3615,140
3616,100
3617,258
3618,251
3619,200
3620,130
3621,254
3622,517
3623,387
3624,465
3625,146
3626,147
3627,278
3628,316
3629,157
3630,253
3631,71
3632,192
3633,239
3634,184
3635,219
3636,170
3637,99
3638,252
3639,86
3640,215
3641,598
3642,225
3643,184
3644,265
3645,302
3646,257
3647,206
3648,241
3649,88
3650,258
3651,251
3652,291
3653,118
3654,317
3655,133
3656,107
3657,169
3658,760
3659,132
3660,224
3661,190
3662,128
3663,433
3664,204
3665,92
3666,209
3667,123
3668,478
3669,163
3670,203
3671,258
3672,114
3673,289
3674,407
3675,211
3676,188
3677,479
3678,254
3679,220
3680,236
3681,329
3682,922
3683,103
3684,248
3685,133
3686,214
3687,481
3688,269
3689,310
3690,223
3691,122
3692,329
3693,271
3694,138
3695,419
3696,136
3697,92
3698,162
3699,145
3700,375
3701,386
3702,230
3703,159
3704,416
3705,245
3706,363
3707,200
3708,106
3709,319
3710,331
3711,246
3712,610
3713,309
3714,266
3715,446
3716,285
3717,217
3718,469
3719,194
3720,217
3721,159
3722,160
3723,197
3724,247
3725,412
3726,229
3727,289
3728,225
3729,556
3730,305
3731,194
3732,158
3733,327
3734,293
3735,283
3736,92
3737,291
3738,168
3739,182
3740,111
3741,168
3742,416
3743,246
3744,223
3745,283
3746,97
3747,261
3748,456
3749,309
3750,292
3751,84
3752,208
3753,265
3754,287
3755,171
3756,191
3757,826
3758,224
3759,321
3760,148
3761,315
3762,145
3763,155
3764,582
3765,271
3766,236
3767,733
3768,261
3769,276
3770,196
3771,518
3772,421
3773,649
3774,152
3775,122
3776,638
3777,372
3778,323
3779,353
3780,258
3781,769
3782,168
3783,399
3784,412
3785,271
3786,455
3787,319
3788,174
3789,242
3790,172
3791,271
3792,190
3793,322
3794,136
3795,158
3796,174
3797,335
3798,262
3799,183
3800,594
3801,112
3802,426
3803,221
3804,174
3805,268
3806,199
3807,268
3808,165
3809,130
3810,331
3811,347
3812,360
3813,385
3814,635
3815,264
3816,210
3817,203
3818,119
3819,263
3820,202
3821,394
3822,307
3823,140
3824,427
3825,346
3826,224
3827,337
3828,264
3829,329
3830,254
3831,160
3832,749
3833,82
3834,134
3835,252
3836,280
3837,269
3838,86
3839,218
3840,159
3841,118
3842,234
3843,69
3844,202
3845,255
3846,400
3847,266
3848,235
3849,179
3850,446
3851,373
3852,163
3853,212
3854,493
3855,147
3856,232
3857,286
3858,198
3859,167
3860,262
3861,88
3862,65
3863,88
3864,183
3865,709
3866,131
3867,724
3868,125
3869,122
3870,293
3871,187
3872,240
3873,282
3874,65
3875,120
3876,245
3877,201
3878,154
3879,215
3880,276
3881,172
3882,105
3883,352
3884,335
3885,230
3886,394
3887,245
3888,233
3889,713
3890,62
3891,285
3892,141
3893,260
3894,230
3895,207
3896,163
3897,275
3898,246
3899,512
3900,243
3901,316
3902,244
3903,189
3904,324
3905,126
3906,89
3907,147
3908,194
3909,222
3910,185
3911,280
3912,981
3913,178
3914,215
3915,160
3916,377
3917,66
3918,212
3919,188
3920,114
3921,105
3922,478
3923,239
3924,137
3925,547
3926,252
3927,333
3928,249
3929,200
3930,422
3931,313
3932,219
3933,341
3934,149
3935,633
3936,177
3937,62
3938,152
3939,120
3940,485
3941,722
3942,89
3943,138
3944,82
3945,222
3946,252
3947,381
3948,296
3949,73
3950,117
3951,103
3952,244
3953,255
3954,101
3955,397
3956,123
3957,220
3958,240
3959,697
3960,583
3961,107
3962,400
3963,338
3964,83
3965,234
3966,125
3967,216
3968,74
3969,134
3970,221
3971,143
3972,289
3973,73
3974,303
3975,69
3976,193
3977,131
3978,484
3979,710
3980,547
3981,128
3982,106
3983,301
3984,414
3985,532
3986,554
3987,167
3988,212
3989,201
3990,130
3991,169
3992,389
3993,349
3994,332
3995,178
3996,303
3997,268
3998,109
3999,116
4000,206
4001,203
4002,74
4003,366
4004,334
4005,488
4006,95
4007,388
4008,297
4009,259
4010,350
4011,423
4012,518
4013,427
4014,195
4015,47
4016,206
4017,314
4018,190
4019,271
4020,79
4021,295
4022,106
4023,292
4024,336
4025,147
4026,150
4027,375
4028,465
4029,271
4030,175
4031,195
4032,281
4033,122
4034,135
4035,240
4036,176
4037,384
4038,323
4039,164
4040,305
4041,276
4042,596
4043,604
4044,103
4045,143
4046,293
4047,253
4048,331
4049,293
4050,212
4051,543
4052,126
4053,399
4054,153
4055,102
4056,126
4057,333
4058,481
4059,139
4060,181
4061,293
4062,125
4063,715
4064,210
4065,271
4066,414
4067,515
4068,98
4069,256
4070,606
4071,425
4072,168
4073,283
4074,860
4075,86
4076,172
4077,421
4078,357
4079,122
4080,568
4081,112
4082,189
4083,72
4084,167
4085,148
4086,189
4087,120
4088,631
4089,425
4090,136
4091,180
4092,423
4093,163
4094,176
4095,305
