0,2116
1,2401
2,1828
3,1404
4,1224
5,1642
6,1826
7,1698
8,1527
9,1864
10,1836
11,1632
12,1702
13,1867
14,1722
15,1702
16,2142
17,1751
18,1968
19,1494
20,1225
21,1418
22,1509
23,1216
24,1630
25,1418
26,1746
27,2213
28,1589
29,1952
30,2654
31,1765
32,1919
33,1627
34,1584
35,1220
36,2399
37,1467
38,1822
39,2273
40,1556
41,1320
42,1695
43,1614
44,1417
45,1668
46,2096
47,2019
48,2191
49,1877
50,1315
51,2348
52,1852
53,1208
54,1082
55,2076
56,1616
57,1924
58,1379
59,2097
60,2009
61,1443
62,2408
63,1672
64,1960
65,1364
66,2007
67,1451
68,1272
69,2141
70,1314
71,1687
72,1461
73,2086
74,1585
75,1520
76,1519
77,1748
78,1615
79,1936
80,1929
81,1494
82,1522
83,2714
84,2406
85,1402
86,1220
87,1794
88,1808
89,1945
90,1442
91,1845
92,1674
93,2353
94,1593
95,2107
96,1785
97,1496
98,1395
99,1403
100,1989
101,1978
102,1979
103,1689
104,1805
105,1690
106,1701
107,1336
108,1635
109,1617
110,1775
111,1837
112,1580
113,2144
114,1200
115,2292
116,1417
117,1746
118,2139
119,1311
120,1404
121,1437
122,1646
123,1536
124,1649
125,1881
126,1498
127,1703
128,1839
129,1749
130,1661
131,1664
132,2020
133,2142
134,1529
135,1490
136,1416
137,2166
138,1616
139,1427
140,1236
141,2023
142,1746
143,1922
144,2168
145,2033
146,1512
147,1191
148,2165
149,1278
150,1463
151,1870
152,1995
153,1507
154,1746
155,1193
156,2132
157,1406
158,1727
159,1874
160,1413
161,1483
162,1943
163,1670
164,1901
165,1803
166,1784
167,2185
168,1977
169,1649
170,1659
171,1621
172,1764
173,1810
174,1691
175,1268
176,1343
177,1585
178,1734
179,1116
180,2142
181,1996
182,1503
183,2397
184,1914
185,1560
186,1639
187,1526
188,1938
189,1405
190,1458
191,1794
192,1807
193,1981
194,2582
195,2012
196,1774
197,1774
198,2150
199,1850
200,1866
201,1747
202,1607
203,1367
204,1976
205,2313
206,1611
207,1521
208,2136
209,1686
210,1973
211,1632
212,1747
213,2107
214,1200
215,1714
216,1741
217,2016
218,1843
219,2200
220,1597
221,1726
222,1650
223,1614
224,2005
225,1788
226,1488
227,1077
228,1815
229,1635
230,1688
231,2136
232,1669
233,1247
234,2138
235,1817
236,1496
237,1673
238,1830
239,1459
240,1716
241,1822
242,1594
243,1524
244,1923
245,1801
246,1486
247,2130
248,1356
249,1594
250,1820
251,1878
252,1851
253,1370
254,1489
255,1453
256,2015
257,1747
258,2264
259,1364
260,1687
261,1461
262,1876
263,1679
264,1653
265,1784
266,1658
267,2285
268,1474
269,1366
270,1047
271,1347
272,2029
273,1417
274,1592
275,1561
276,1784
277,1946
278,2100
279,1642
280,1473
281,1846
282,2626
283,1726
284,1750
285,1375
286,2245
287,1149
288,1584
289,2154
290,1356
291,1670
292,1695
293,1845
294,1900
295,1875
296,1631
297,1930
298,1831
299,2008
300,1407
301,1674
302,1711
303,1580
304,1269
305,1536
306,1315
307,1570
308,1266
309,1965
310,1799
311,2563
312,2131
313,1385
314,2030
315,2345
316,1787
317,1733
318,1373
319,2029
320,1370
321,1678
322,1931
323,1894
324,2105
325,1944
326,1512
327,1828
328,1415
329,1762
330,1627
331,2003
332,1711
333,1799
334,2041
335,1943
336,2647
337,1501
338,1750
339,1483
340,1544
341,1748
342,1801
343,1427
344,1469
345,1672
346,1976
347,1652
348,1943
349,1813
350,1394
351,1764
352,2028
353,1015
354,2099
355,1747
356,1716
357,2396
358,1621
359,1753
360,1623
361,1676
362,1652
363,2058
364,1374
365,1651
366,1536
367,2021
368,2011
369,1940
370,1422
371,2025
372,1413
373,1956
374,1951
375,1633
376,1265
377,2308
378,1363
379,2356
380,1613
381,2153
382,2018
383,1679
384,1618
385,1460
386,1431
387,1470
388,1985
389,2040
390,1700
391,1741
392,1509
393,1838
394,1837
395,1320
396,1144
397,1562
398,1511
399,1782
400,2293
401,1282
402,1132
403,1293
404,1641
405,1687
406,1695
407,1726
408,2082
409,1429
410,2155
411,1389
412,1776
413,1722
414,1849
415,1414
416,1683
417,2160
418,1175
419,1499
420,1843
421,1780
422,1633
423,1781
424,1799
425,1711
426,1987
427,1417
428,1769
429,2147
430,1311
431,1429
432,1551
433,1500
434,1627
435,1872
436,1668
437,1690
438,1803
439,2264
440,1569
441,1387
442,1467
443,1414
444,2605
445,1944
446,2485
447,1582
448,1147
449,2023
450,1852
451,1557
452,1978
453,1726
454,1341
455,1735
456,1558
457,1389
458,2245
459,1235
460,1815
461,1911
462,1828
463,1541
464,1460
465,1717
466,1456
467,2240
468,2349
469,2246
470,1877
471,2106
472,1613
473,2092
474,2028
475,2128
476,1640
477,2082
478,2092
479,1370
480,1703
481,2421
482,2127
483,1800
484,1845
485,1489
486,1398
487,2296
488,1998
489,1247
490,2580
491,1833
492,2150
493,1890
494,1467
495,1444
496,1845
497,2591
498,1563
499,1846
500,2046
501,1628
502,1445
503,1389
504,2309
505,2052
506,1255
507,1641
508,2269
509,1807
510,1303
511,1921
512,1081
513,1504
514,1857
515,1931
516,1548
517,1357
518,1704
519,1240
520,1610
521,2087
522,1758
523,2014
524,1535
525,1612
526,1223
527,2020
528,1943
529,2410
530,1539
531,1864
532,1951
533,1329
534,2591
535,1717
536,1899
537,2179
538,2499
539,1324
540,1812
541,1460
542,1804
543,1329
544,1134
545,1600
546,1669
547,1958
548,1959
549,1920
550,2044
551,1345
552,1527
553,1405
554,1653
555,2053
556,1699
557,1650
558,1664
559,1699
560,2162
561,2178
562,1877
563,2002
564,1470
565,1811
566,1848
567,1763
568,1792
569,1434
570,1439
571,1968
572,2328
573,1528
574,2065
575,1728
576,1977
577,1670
578,1399
579,1636
580,1588
581,2242
582,2051
583,1797
584,1682
585,2063
586,2003
587,1889
588,2744
589,1498
590,1347
591,1985
592,2193
593,1179
594,1994
595,1683
596,1225
597,1759
598,1761
599,1313
600,1773
601,1391
602,1403
603,1570
604,2100
605,1912
606,2002
607,1512
608,1730
609,1832
610,1748
611,1882
612,2254
613,1368
614,1607
615,1363
616,1051
617,1650
618,1834
619,1986
620,1664
621,1329
622,1346
623,1215
624,1337
625,1391
626,2285
627,1532
628,2238
629,1603
630,1767
631,1331
632,1565
633,1678
634,1761
635,1683
636,1751
637,1639
638,1902
639,1523
640,1467
641,1733
642,1651
643,1786
644,2162
645,1860
646,2981
647,1520
648,1679
649,2237
650,1727
651,1849
652,1317
653,1737
654,1457
655,1558
656,2040
657,2068
658,2202
659,1737
660,1900
661,2234
662,1610
663,1808
664,1776
665,1872
666,1616
667,1799
668,1708
669,1783
670,1886
671,1507
672,1558
673,2694
674,2161
675,1856
676,1971
677,2180
678,1769
679,2157
680,1472
681,2212
682,1526
683,1927
684,1355
685,1681
686,1212
687,1716
688,2075
689,1386
690,1422
691,2314
692,1391
693,1797
694,1406
695,1993
696,1810
697,1940
698,1865
699,1895
700,1476
701,1229
702,1297
703,1549
704,1947
705,1682
706,1248
707,1661
708,1723
709,1341
710,1543
711,2517
712,1363
713,1295
714,1453
715,1754
716,1974
717,1781
718,1997
719,2175
720,1990
721,2239
722,1770
723,2017
724,1506
725,1647
726,1078
727,1694
728,1705
729,1766
730,1712
731,1811
732,2262
733,2123
734,1972
735,1400
736,1933
737,1713
738,1546
739,2295
740,1673
741,1487
742,1792
743,1812
744,1375
745,1767
746,1623
747,1679
748,1701
749,1733
750,1704
751,1393
752,1770
753,1220
754,1348
755,1604
756,2053
757,1704
758,1447
759,1891
760,1640
761,1815
762,1839
763,1385
764,1404
765,1867
766,1580
767,1792
768,2462
769,2622
770,2063
771,1470
772,1735
773,1918
774,1670
775,2044
776,1931
777,2484
778,1692
779,1710
780,1565
781,2080
782,1864
783,1918
784,1928
785,2921
786,1505
787,1641
788,2016
789,1426
790,1941
791,1385
792,1987
793,1693
794,1819
795,1353
796,1831
797,1452
798,1873
799,2109
800,1876
801,1716
802,2060
803,1588
804,1849
805,1674
806,1443
807,1748
808,1500
809,1583
810,1867
811,1410
812,1263
813,2215
814,1991
815,1901
816,1804
817,1602
818,1556
819,2272
820,1781
821,1384
822,1438
823,2205
824,2030
825,1147
826,1353
827,1600
828,1472
829,1786
830,2035
831,2356
832,1232
833,2285
834,1733
835,1494
836,1905
837,1584
838,1775
839,1741
840,1925
841,1415
842,2413
843,1217
844,2158
845,1960
846,2027
847,1941
848,1515
849,1963
850,1720
851,1779
852,1413
853,1035
854,1687
855,1892
856,1699
857,1472
858,1949
859,1356
860,1710
861,1246
862,2013
863,2111
864,1431
865,1511
866,1731
867,1774
868,2129
869,1546
870,1313
871,2023
872,1255
873,1842
874,1991
875,1238
876,1381
877,1520
878,1179
879,1985
880,1569
881,1772
882,1682
883,1911
884,1742
885,1269
886,1708
887,1546
888,2012
889,2020
890,2159
891,1803
892,2158
893,1816
894,1406
895,1103
896,2544
897,1437
898,2232
899,1408
900,1390
901,1644
902,1879
903,1547
904,1761
905,1876
906,1755
907,998
908,1078
909,1622
910,2486
911,1677
912,1920
913,1741
914,1956
915,1813
916,1859
917,1544
918,2320
919,1637
920,1554
921,1689
922,2188
923,2417
924,1813
925,2217
926,1462
927,1893
928,1822
929,1206
930,1810
931,2146
932,2091
933,1492
934,2260
935,1495
936,1745
937,1929
938,1467
939,2203
940,1756
941,2318
942,1641
943,2233
944,1369
945,1879
946,2160
947,1998
948,2001
949,2194
950,1607
951,2036
952,1736
953,2269
954,1467
955,1991
956,1345
957,1624
958,1515
959,1544
960,1470
961,1969
962,1697
963,1625
964,1561
965,1831
966,1907
967,1859
968,1614
969,1626
970,2223
971,1840
972,1725
973,2035
974,2070
975,1671
976,1785
977,1869
978,1408
979,1379
980,1997
981,1287
982,1737
983,2133
984,1748
985,1670
986,1806
987,1539
988,1626
989,1648
990,1610
991,1488
992,1595
993,1726
994,1888
995,1498
996,2569
997,1736
998,1844
999,1579
1000,1146
1001,1713
1002,1696
1003,1431
1004,2388
1005,1622
1006,2075
1007,1456
1008,1994
1009,1521
1010,3207
1011,1702
1012,1371
1013,1552
1014,1505
1015,1952
1016,1417
1017,2385
1018,1407
1019,1459
1020,1365
1021,1313
1022,1756
1023,1553
1024,1691
1025,1414
1026,1817
1027,1920
1028,1244
1029,1693
1030,1703
1031,1373
1032,1972
1033,2076
1034,2164
1035,1897
1036,2401
1037,2043
1038,2209
1039,1749
1040,1783
1041,1865
1042,1699
1043,1961
1044,1796
1045,1822
1046,1415
1047,1579
1048,1105
1049,1829
1050,1546
1051,1851
1052,2067
1053,1457
1054,1505
1055,1411
1056,1819
1057,1580
1058,1605
1059,1898
1060,1703
1061,1695
1062,2251
1063,1649
1064,1489
1065,1857
1066,1234
1067,2139
1068,1527
1069,1073
1070,1198
1071,1690
1072,1912
1073,1363
1074,1248
1075,1506
1076,1610
1077,1582
1078,1926
1079,1900
1080,1746
1081,1322
1082,1841
1083,1147
1084,1833
1085,2074
1086,1953
1087,1524
1088,1882
1089,1724
1090,1489
1091,1438
1092,1501
1093,1347
1094,1601
1095,1536
1096,2278
1097,1639
1098,2094
1099,1938
1100,2708
1101,1940
1102,1531
1103,1477
1104,1484
1105,1400
1106,1406
1107,1768
1108,1742
1109,1200
1110,1900
1111,1396
1112,2068
1113,1829
1114,2144
1115,1425
1116,1613
1117,1674
1118,1551
1119,1944
1120,1595
1121,1614
1122,1667
1123,1271
1124,2177
1125,1532
1126,2319
1127,1633
1128,1250
1129,2053
1130,1959
1131,1630
1132,1431
1133,1546
1134,1921
1135,1852
1136,1482
1137,1728
1138,1559
1139,1439
1140,1766
1141,1575
1142,2062
1143,1904
1144,2304
1145,1472
1146,1467
1147,1916
1148,1967
1149,1745
1150,1448
1151,1997
1152,1799
1153,1252
1154,1572
1155,1708
1156,1412
1157,1526
1158,2310
1159,1822
1160,1481
1161,2952
1162,1225
1163,2011
1164,1514
1165,1595
1166,1914
1167,2192
1168,2023
1169,1193
1170,2078
1171,1728
1172,1657
1173,1572
1174,1732
1175,1883
1176,2292
1177,2287
1178,1597
1179,1647
1180,1675
1181,1914
1182,1399
1183,1792
1184,1782
1185,2013
1186,1525
1187,1792
1188,1382
1189,1744
1190,1981
1191,1719
1192,1851
1193,1645
1194,1965
1195,1186
1196,1854
1197,1572
1198,1516
1199,1901
1200,2831
1201,1764
1202,1524
1203,1420
1204,1782
1205,1950
1206,1630
1207,2005
1208,1114
1209,1924
1210,1565
1211,2283
1212,1225
1213,1393
1214,1876
1215,2164
1216,3161
1217,1609
1218,2094
1219,1520
1220,1581
1221,1486
1222,1891
1223,1552
1224,1833
1225,1941
1226,1510
1227,2435
1228,1700
1229,1462
1230,1484
1231,1905
1232,1705
1233,2297
1234,2596
1235,1650
1236,1581
1237,2144
1238,1902
1239,1907
1240,1884
1241,1500
1242,1190
1243,1429
1244,1632
1245,2014
1246,2059
1247,1917
1248,1771
1249,1568
1250,1685
1251,2137
1252,1785
1253,1424
1254,1985
1255,1971
1256,1130
1257,2097
1258,1422
1259,1786
1260,1710
1261,1732
1262,1116
1263,1675
1264,2106
1265,1833
1266,1045
1267,1912
1268,2391
1269,2687
1270,1613
1271,2092
1272,1539
1273,1902
1274,1471
1275,2011
1276,1474
1277,2130
1278,1841
1279,755
1280,2091
1281,1513
1282,1586
1283,1745
1284,1498
1285,1886
1286,2009
1287,1469
1288,1638
1289,2127
1290,1406
1291,1667
1292,2234
1293,1458
1294,1525
1295,1646
1296,1920
1297,1457
1298,1382
1299,1811
1300,2042
1301,1848
1302,1783
1303,1582
1304,2331
1305,2410
1306,1582
1307,1861
1308,3215
1309,1636
1310,1305
1311,1759
1312,1635
1313,1999
1314,1253
1315,1508
1316,1968
1317,2013
1318,1893
1319,2036
1320,1338
1321,1655
1322,1785
1323,1831
1324,1542
1325,1324
1326,1705
1327,1606
1328,1612
1329,2540
1330,2131
1331,1335
1332,1324
1333,1299
1334,1476
1335,1921
1336,1754
1337,1641
1338,1804
1339,2395
1340,1487
1341,1478
1342,899
1343,1408
1344,2168
1345,1958
1346,1701
1347,1736
1348,1274
1349,1776
1350,2425
1351,2148
1352,1912
1353,1757
1354,1939
1355,1697
1356,1383
1357,2247
1358,2156
1359,1223
1360,1783
1361,1773
1362,1338
1363,1650
1364,1363
1365,1491
1366,1059
1367,1577
1368,1343
1369,1301
1370,2086
1371,1819
1372,1381
1373,1636
1374,1744
1375,1986
1376,1844
1377,1690
1378,1638
1379,1086
1380,1785
1381,2054
1382,1929
1383,2367
1384,1711
1385,1670
1386,1275
1387,1748
1388,1567
1389,1619
1390,1695
1391,1985
1392,1861
1393,1525
1394,1190
1395,2380
1396,1900
1397,1650
1398,1828
1399,1678
1400,1754
1401,1740
1402,2312
1403,1721
1404,2073
1405,2205
1406,1832
1407,1673
1408,2431
1409,1542
1410,1976
1411,1670
1412,2467
1413,1421
1414,1819
1415,1512
1416,1581
1417,1436
1418,1449
1419,1743
1420,2562
1421,1769
1422,1662
1423,2004
1424,1559
1425,1519
1426,1518
1427,1644
1428,1891
1429,1550
1430,2149
1431,1340
1432,1614
1433,1725
1434,1707
1435,1576
1436,1349
1437,1574
1438,1852
1439,1541
1440,1496
1441,1922
1442,2150
1443,1497
1444,1571
1445,1545
1446,1027
1447,1671
1448,2298
1449,1987
1450,1567
1451,1311
1452,1974
1453,2060
1454,1982
1455,1700
1456,1652
1457,1353
1458,1404
1459,1726
1460,2352
1461,1818
1462,1251
1463,1702
1464,2176
1465,1708
1466,2103
1467,2172
1468,1794
1469,2123
1470,1721
1471,1546
1472,1546
1473,1817
1474,1167
1475,2057
1476,1382
1477,1954
1478,1524
1479,1761
1480,1405
1481,2046
1482,1852
1483,1878
1484,1808
1485,1515
1486,2053
1487,1822
1488,1981
1489,1809
1490,2054
1491,1853
1492,1401
1493,1576
1494,1403
1495,1751
1496,2194
1497,1638
1498,2150
1499,1152
1500,1588
1501,2016
1502,1866
1503,2270
1504,1470
1505,2257
1506,1327
1507,1967
1508,1453
1509,1952
1510,1485
1511,1763
1512,2061
1513,1560
1514,1831
1515,1885
1516,2349
1517,2185
1518,1543
1519,1999
1520,2090
1521,2319
1522,1771
1523,1717
1524,1450
1525,2073
1526,1315
1527,1645
1528,1962
1529,1849
1530,1628
1531,1578
1532,1286
1533,2337
1534,2025
1535,1793
1536,1715
1537,1969
1538,1611
1539,1372
1540,2440
1541,2305
1542,1973
1543,1684
1544,1747
1545,1888
1546,2392
1547,1790
1548,1921
1549,1547
1550,1932
1551,1821
1552,1392
1553,2116
1554,1915
1555,1771
1556,1799
1557,1645
1558,1507
1559,1787
1560,2498
1561,1465
1562,1724
1563,1653
1564,1693
1565,1657
1566,1846
1567,1556
1568,1788
1569,1915
1570,1678
1571,1663
1572,2060
1573,1562
1574,1712
1575,1286
1576,1444
1577,1862
1578,1395
1579,1360
1580,1629
1581,1794
1582,2287
1583,1701
1584,2242
1585,2321
1586,1281
1587,1251
1588,1568
1589,1744
1590,1791
1591,1700
1592,1465
1593,1893
1594,1993
1595,2239
1596,1915
1597,1345
1598,1977
1599,1713
1600,1368
1601,1340
1602,1760
1603,1859
1604,1791
1605,1377
1606,1426
1607,1467
1608,1831
1609,2004
1610,1777
1611,1791
1612,1792
1613,1564
1614,1638
1615,1915
1616,1568
1617,1753
1618,1896
1619,1811
1620,1610
1621,1627
1622,2033
1623,1793
1624,1619
1625,1724
1626,1758
1627,2425
1628,1153
1629,1689
1630,1967
1631,1941
1632,1750
1633,1582
1634,2002
1635,2453
1636,1612
1637,1754
1638,1439
1639,1665
1640,2125
1641,1314
1642,1820
1643,1931
1644,1726
1645,1842
1646,1450
1647,1727
1648,1870
1649,1868
1650,1884
1651,1916
1652,1556
1653,1727
1654,1592
1655,1403
1656,1630
1657,2195
1658,1572
1659,1867
1660,1636
1661,1822
1662,1787
1663,1592
1664,1693
1665,1647
1666,1911
1667,1140
1668,1652
1669,1269
1670,1664
1671,1823
1672,1847
1673,1890
1674,2178
1675,1762
1676,1508
1677,1804
1678,1820
1679,1330
1680,1675
1681,1418
1682,1734
1683,1737
1684,1566
1685,1763
1686,1654
1687,1900
1688,1341
1689,1883
1690,1583
1691,1474
1692,2027
1693,1731
1694,2151
1695,1806
1696,1599
1697,1700
1698,1622
1699,1962
1700,2018
1701,1427
1702,1709
1703,1561
1704,2012
1705,1885
1706,2554
1707,2070
1708,1809
1709,2491
1710,1464
1711,1937
1712,2174
1713,1532
1714,1921
1715,1832
1716,1860
1717,2002
1718,1679
1719,1556
1720,2053
1721,1464
1722,1298
1723,1838
1724,1542
1725,1811
1726,2773
1727,2123
1728,1777
1729,2887
1730,1903
1731,2088
1732,1266
1733,1488
1734,1875
1735,2006
1736,2037
1737,1359
1738,1616
1739,1529
1740,1841
1741,1551
1742,1986
1743,1938
1744,1963
1745,1740
1746,1559
1747,1998
1748,1236
1749,1762
1750,1971
1751,1637
1752,2090
1753,2073
1754,1539
1755,1622
1756,1616
1757,1365
1758,1799
1759,1952
1760,1891
1761,1681
1762,1445
1763,2254
1764,1759
1765,1622
1766,1311
1767,1607
1768,2216
1769,1223
1770,1428
1771,2075
1772,1749
1773,1962
1774,1801
1775,1546
1776,1126
1777,1497
1778,1851
1779,1450
1780,1697
1781,1741
1782,1672
1783,1530
1784,1197
1785,1202
1786,2178
1787,1466
1788,2048
1789,2109
1790,1651
1791,2894
1792,1977
1793,1449
1794,1508
1795,1550
1796,2261
1797,1468
1798,1631
1799,1584
1800,1917
1801,1621
1802,1577
1803,1935
1804,1283
1805,1900
1806,1707
1807,2303
1808,1498
1809,1582
1810,2623
1811,1960
1812,1954
1813,1471
1814,1658
1815,1499
1816,1419
1817,1688
1818,1386
1819,1422
1820,1740
1821,1690
1822,1782
1823,2070
1824,1690
1825,1658
1826,1882
1827,1545
1828,2355
1829,1238
1830,2133
1831,1695
1832,1764
1833,1263
1834,1752
1835,1576
1836,2020
1837,1717
1838,1781
1839,1525
1840,1660
1841,1723
1842,2045
1843,1047
1844,1551
1845,1581
1846,1901
1847,1603
1848,1352
1849,2182
1850,1632
1851,1595
1852,1222
1853,2285
1854,1809
1855,1030
1856,1914
1857,2100
1858,2227
1859,2444
1860,2284
1861,1908
1862,1395
1863,1905
1864,1987
1865,2228
1866,1331
1867,2143
1868,1869
1869,1582
1870,2375
1871,1808
1872,2051
1873,1652
1874,1621
1875,2131
1876,1725
1877,1442
1878,2047
1879,1360
1880,1879
1881,1777
1882,1573
1883,1433
1884,1480
1885,1529
1886,1710
1887,1440
1888,1541
1889,1930
1890,1557
1891,2121
1892,1557
1893,1292
1894,1863
1895,1592
1896,1531
1897,1637
1898,1987
1899,1813
1900,1775
1901,1682
1902,1689
1903,1596
1904,1560
1905,2229
1906,1677
1907,2032
1908,1691
1909,1911
1910,1392
1911,1750
1912,1388
1913,2104
1914,1364
1915,1905
1916,1290
1917,1906
1918,1618
1919,1299
1920,2064
1921,1507
1922,1936
1923,1395
1924,1879
1925,1752
1926,1486
1927,1770
1928,1509
1929,2727
1930,1694
1931,2517
1932,2042
1933,1833
1934,1599
1935,1342
1936,2289
1937,1225
1938,1705
1939,1735
1940,1461
1941,1137
1942,1795
1943,1754
1944,1575
1945,1869
1946,1633
1947,1642
1948,1639
1949,1871
1950,1455
1951,1391
1952,1568
1953,1365
1954,1722
1955,1513
1956,1756
1957,1747
1958,1480
1959,2013
1960,1287
1961,2298
1962,1603
1963,1609
1964,2172
1965,1706
1966,1301
1967,1776
1968,2041
1969,2314
1970,1419
1971,1512
1972,1498
1973,1556
1974,1367
1975,1545
1976,1747
1977,2415
1978,2464
1979,2024
1980,1922
1981,1398
1982,1926
1983,2036
1984,1887
1985,1888
1986,1521
1987,1541
1988,1209
1989,1984
1990,2219
1991,1467
1992,1791
1993,1942
1994,1770
1995,1742
1996,1350
1997,1374
1998,1696
1999,1336
2000,1959
2001,1731
2002,1361
2003,1592
2004,1437
2005,1276
2006,2019
2007,1855
2008,1935
2009,1814
2010,1327
2011,1303
2012,1688
2013,1217
2014,2367
2015,1308
2016,1555
2017,1593
2018,1865
2019,1825
2020,1630
2021,1263
2022,1654
2023,1446
2024,1798
2025,1509
2026,1806
2027,1661
2028,1156
2029,2186
2030,2081
2031,1310
2032,1114
2033,1726
2034,1898
2035,1916
2036,2044
2037,1449
2038,1896
2039,1896
2040,2374
2041,1693
2042,2071
2043,1480
2044,1570
2045,2260
2046,1725
2047,2101
2048,1953
2049,1539
2050,2405
2051,1902
2052,1353
2053,1737
2054,1905
2055,1843
2056,1936
2057,1051
2058,1353
2059,1356
2060,1311
2061,1703
2062,1479
2063,1288
2064,1660
2065,2073
2066,1458
2067,2231
2068,1589
2069,1833
2070,1544
2071,1339
2072,1384
2073,1548
2074,1725
2075,1386
2076,1865
2077,1987
2078,2450
2079,1996
2080,2143
2081,1893
2082,1854
2083,1925
2084,2138
2085,2309
2086,1350
2087,1588
2088,1661
2089,1735
2090,1831
2091,1456
2092,1552
2093,2450
2094,1256
2095,2266
2096,1708
2097,1389
2098,1878
2099,1180
2100,1435
2101,2047
2102,2044
2103,2227
2104,1233
2105,1457
2106,1259
2107,1539
2108,1636
2109,1502
2110,1579
2111,1496
2112,1747
2113,1732
2114,2169
2115,1986
2116,1676
2117,1790
2118,1679
2119,2026
2120,1927
2121,1292
2122,2425
2123,1586
2124,1664
2125,1657
2126,1480
2127,1597
2128,1482
2129,2284
2130,1869
2131,1331
2132,1780
2133,1609
2134,2280
2135,2077
2136,1751
2137,1787
2138,1576
2139,1496
2140,1991
2141,1280
2142,1816
2143,1424
2144,1750
2145,1418
2146,1505
2147,1761
2148,2200
2149,1384
2150,2156
2151,1842
2152,1952
2153,1386
2154,1663
2155,1939
2156,1446
2157,1972
2158,1873
2159,1976
2160,1421
2161,1978
2162,1674
2163,1288
2164,1850
2165,1911
2166,1926
2167,1103
2168,1665
2169,1939
2170,2102
2171,1481
2172,2208
2173,1415
2174,2578
2175,1859
2176,1453
2177,1401
2178,1526
2179,2080
2180,1658
2181,1702
2182,1638
2183,2205
2184,1791
2185,1826
2186,1417
2187,1334
2188,2596
2189,1875
2190,1589
2191,2418
2192,1262
2193,1613
2194,1611
2195,1769
2196,1434
2197,1950
2198,1567
2199,1857
2200,1542
2201,1943
2202,2119
2203,1203
2204,1901
2205,1923
2206,1913
2207,1934
2208,2311
2209,1743
2210,2219
2211,1566
2212,2055
2213,1648
2214,2073
2215,1517
2216,1297
2217,2020
2218,1064
2219,1501
2220,1823
2221,1780
2222,1925
2223,1741
2224,1854
2225,1246
2226,2206
2227,1927
2228,1535
2229,1744
2230,1556
2231,1883
2232,2409
2233,1274
2234,1794
2235,1347
2236,1882
2237,1612
2238,1748
2239,2237
2240,1849
2241,1312
2242,1568
2243,1687
2244,1670
2245,1849
2246,1804
2247,2208
2248,1361
2249,1988
2250,1511
2251,1399
2252,1959
2253,2484
2254,1680
2255,1940
2256,1389
2257,1312
2258,1592
2259,1455
2260,2076
2261,2415
2262,1862
2263,1671
2264,1796
2265,1742
2266,1503
2267,1670
2268,2320
2269,1493
2270,1894
2271,1404
2272,1526
2273,1480
2274,1544
2275,1495
2276,1407
2277,1785
2278,1762
2279,1189
2280,2124
2281,1817
2282,1355
2283,1636
2284,1804
2285,1647
2286,2331
2287,2107
2288,2112
2289,1919
2290,1764
2291,1914
2292,1696
2293,1552
2294,1448
2295,1384
2296,1662
2297,1796
2298,1441
2299,2247
2300,1123
2301,1894
2302,1410
2303,1050
2304,1378
2305,1509
2306,1810
2307,1764
2308,2441
2309,1610
2310,1585
2311,1587
2312,1848
2313,1650
2314,1804
2315,1544
2316,2049
2317,1651
2318,2032
2319,1895
2320,1762
2321,1556
2322,2391
2323,1352
2324,1768
2325,1490
2326,1708
2327,1548
2328,1315
2329,1475
2330,1705
2331,2259
2332,1750
2333,1672
2334,1489
2335,1626
2336,2334
2337,1878
2338,1694
2339,1657
2340,1714
2341,2144
2342,1761
2343,1623
2344,1624
2345,1518
2346,1959
2347,1779
2348,1510
2349,1802
2350,1909
2351,1590
2352,2801
2353,1760
2354,1456
2355,1741
2356,1823
2357,1377
2358,1758
2359,1576
2360,1866
2361,1847
2362,1755
2363,1630
2364,1878
2365,2087
2366,1815
2367,1543
2368,1443
2369,1911
2370,1364
2371,1491
2372,2119
2373,1695
2374,1620
2375,1766
2376,2055
2377,1655
2378,2011
2379,1587
2380,2145
2381,1233
2382,1552
2383,1783
2384,1078
2385,1703
2386,1461
2387,1705
2388,1867
2389,1595
2390,1354
2391,2544
2392,1657
2393,1389
2394,2020
2395,1638
2396,1771
2397,1289
2398,1950
2399,1681
2400,1365
2401,2097
2402,1544
2403,2091
2404,2409
2405,1979
2406,2101
2407,1061
2408,1881
2409,1555
2410,2568
2411,1797
2412,1515
2413,1445
2414,1844
2415,2068
2416,1507
2417,1772
2418,1798
2419,2478
2420,1424
2421,1813
2422,1795
2423,1861
2424,2355
2425,1798
2426,1456
2427,1795
2428,1640
2429,1522
2430,1544
2431,1509
2432,1223
2433,1578
2434,2088
2435,1625
2436,1726
2437,1231
2438,1589
2439,2095
2440,2006
2441,1575
2442,1208
2443,2010
2444,1863
2445,2339
2446,1613
2447,1507
2448,1386
2449,1627
2450,1693
2451,2336
2452,2080
2453,2112
2454,1315
2455,1584
2456,1292
2457,1861
2458,1843
2459,1671
2460,1739
2461,1265
2462,1596
2463,1862
2464,1875
2465,2000
2466,1996
2467,1790
2468,1773
2469,1936
2470,1788
2471,1726
2472,2336
2473,1539
2474,2212
2475,2321
2476,1902
2477,1956
2478,1590
2479,1894
2480,2093
2481,1668
2482,2451
2483,1386
2484,1886
2485,2900
2486,1596
2487,1843
2488,1584
2489,1196
2490,1808
2491,1585
2492,1894
2493,1451
2494,1526
2495,1770
2496,1790
2497,1350
2498,1452
2499,1818
2500,1627
2501,1515
2502,1824
2503,1524
2504,1528
2505,2275
2506,2048
2507,1287
2508,1756
2509,2220
2510,1545
2511,1536
2512,1726
2513,1218
2514,1058
2515,1611
2516,1863
2517,1519
2518,1536
2519,2311
2520,1371
2521,2131
2522,2753
2523,1344
2524,1643
2525,2658
2526,2040
2527,2178
2528,2295
2529,2867
2530,1573
2531,2044
2532,1926
2533,1892
2534,1650
2535,2414
2536,1365
2537,1968
2538,1560
2539,2007
2540,1737
2541,1649
2542,1757
2543,1800
2544,1290
2545,1911
2546,1875
2547,2170
2548,1903
2549,1889
2550,2049
2551,1444
2552,1555
2553,1612
2554,1594
2555,1690
2556,1377
2557,1818
2558,2414
2559,1419
2560,1676
2561,2029
2562,2321
2563,2303
2564,1763
2565,1990
2566,1471
2567,1205
2568,1256
2569,1441
2570,1681
2571,1526
2572,1678
2573,1309
2574,1522
2575,1745
2576,2043
2577,2140
2578,1676
2579,1672
2580,1525
2581,1503
2582,1655
2583,1955
2584,1279
2585,1924
2586,2379
2587,1331
2588,1893
2589,1113
2590,1697
2591,1786
2592,2302
2593,1201
2594,1951
2595,1383
2596,1403
2597,1721
2598,1862
2599,2237
2600,2096
2601,1472
2602,2275
2603,1897
2604,2084
2605,2189
2606,1782
2607,1314
2608,1746
2609,1204
2610,2265
2611,1298
2612,1828
2613,1669
2614,1764
2615,1124
2616,2409
2617,2198
2618,1677
2619,1483
2620,2068
2621,2034
2622,1662
2623,1594
2624,2517
2625,1621
2626,1647
2627,1917
2628,1775
2629,1537
2630,2301
2631,2110
2632,2150
2633,1122
2634,1815
2635,1513
2636,1939
2637,2452
2638,1579
2639,1210
2640,1430
2641,1917
2642,1703
2643,1899
2644,1913
2645,1862
2646,1736
2647,1558
2648,1876
2649,2076
2650,2256
2651,2201
2652,1283
2653,1779
2654,1663
2655,2377
2656,1606
2657,1227
2658,1604
2659,2112
2660,1926
2661,1565
2662,1808
2663,1777
2664,1726
2665,1319
2666,1884
2667,1389
2668,2057
2669,1899
2670,1846
2671,1895
2672,2724
2673,1910
2674,1850
2675,1480
2676,1619
2677,1804
2678,1551
2679,2001
2680,1918
2681,1449
2682,2130
2683,1511
2684,1667
2685,1471
2686,1960
2687,1476
2688,1844
2689,1870
2690,1389
2691,1831
2692,1592
2693,1772
2694,1674
2695,2248
2696,1680
2697,1850
2698,2129
2699,2164
2700,1506
2701,1810
2702,1256
2703,1787
2704,1561
2705,1799
2706,2121
2707,1233
2708,1707
2709,1143
2710,1173
2711,2053
2712,1661
2713,2264
2714,1629
2715,2523
2716,1891
2717,1918
2718,1508
2719,1460
2720,1971
2721,1853
2722,1591
2723,1086
2724,2188
2725,2384
2726,1748
2727,1748
2728,1681
2729,1451
2730,1934
2731,2134
2732,1639
2733,1433
2734,1587
2735,1393
2736,1674
2737,1392
2738,1483
2739,2232
2740,1424
2741,2359
2742,2144
2743,2314
2744,1730
2745,2171
2746,1617
2747,1988
2748,2196
2749,1750
2750,1211
2751,2271
2752,1606
2753,1769
2754,2243
2755,1997
2756,1704
2757,1561
2758,1563
2759,2118
2760,1921
2761,1655
2762,1719
2763,1729
2764,2107
2765,1162
2766,1425
2767,1608
2768,2114
2769,1791
2770,1877
2771,1958
2772,1614
2773,1908
2774,1659
2775,1809
2776,1654
2777,1591
2778,2267
2779,1601
2780,1620
2781,1380
2782,2267
2783,1593
2784,2170
2785,1597
2786,1745
2787,1608
2788,1876
2789,1300
2790,1558
2791,1513
2792,2319
2793,1444
2794,2312
2795,2054
2796,2251
2797,1304
2798,1612
2799,1700
2800,1816
2801,1665
2802,2114
2803,1920
2804,1566
2805,1450
2806,1374
2807,1433
2808,1518
2809,1967
2810,1607
2811,1619
2812,1873
2813,1502
2814,1702
2815,1425
2816,1398
2817,1764
2818,1662
2819,1761
2820,2127
2821,1936
2822,1916
2823,1745
2824,2021
2825,1529
2826,1487
2827,1614
2828,1908
2829,1854
2830,1506
2831,2093
2832,1284
2833,1501
2834,1300
2835,2550
2836,1388
2837,1487
2838,1721
2839,1905
2840,2025
2841,1558
2842,1770
2843,1504
2844,2355
2845,1938
2846,1808
2847,1807
2848,1720
2849,1827
2850,1520
2851,1919
2852,1987
2853,1406
2854,1958
2855,1358
2856,1316
2857,2109
2858,1976
2859,2056
2860,2208
2861,1398
2862,1812
2863,2462
2864,1637
2865,2440
2866,1580
2867,1320
2868,1621
2869,1552
2870,1839
2871,1795
2872,1534
2873,1991
2874,1643
2875,2007
2876,1551
2877,1996
2878,2295
2879,1568
2880,1402
2881,1795
2882,1546
2883,1591
2884,1866
2885,1691
2886,1972
2887,1616
2888,1736
2889,1475
2890,2013
2891,1586
2892,1502
2893,1554
2894,1743
2895,1640
2896,1626
2897,2141
2898,1696
2899,2346
2900,2220
2901,1365
2902,1208
2903,1415
2904,1530
2905,1465
2906,1628
2907,2022
2908,1792
2909,1493
2910,1422
2911,1814
2912,1891
2913,1899
2914,2142
2915,1978
2916,1789
2917,2108
2918,1423
2919,1278
2920,1338
2921,1441
2922,1775
2923,1978
2924,1913
2925,1584
2926,1727
2927,1742
2928,1852
2929,2472
2930,1684
2931,1520
2932,2025
2933,1649
2934,1309
2935,1733
2936,1596
2937,1898
2938,2190
2939,2018
2940,1290
2941,1559
2942,1662
2943,1828
2944,1965
2945,1730
2946,1537
2947,1755
2948,1873
2949,1961
2950,2439
2951,1754
2952,2394
2953,1618
2954,1448
2955,1258
2956,1696
2957,1146
2958,1450
2959,2069
2960,1819
2961,1911
2962,1590
2963,1505
2964,1874
2965,1748
2966,1241
2967,1968
2968,1312
2969,1945
2970,1426
2971,1786
2972,1863
2973,1836
2974,1736
2975,1728
2976,1131
2977,1564
2978,1655
2979,1866
2980,1658
2981,1803
2982,1815
2983,1665
2984,1997
2985,1406
2986,1788
2987,1560
2988,1859
2989,1196
2990,1484
2991,2111
2992,2394
2993,1504
2994,1810
2995,1522
2996,1683
2997,1096
2998,1642
2999,1761
3000,1453
3001,1304
3002,1446
3003,1629
3004,1610
3005,1740
3006,1047
3007,1469
3008,1727
3009,1862
3010,1673
3011,1382
3012,2015
3013,1708
3014,1406
3015,1890
3016,2845
3017,2337
3018,1994
3019,1406
3020,1985
3021,1986
3022,1413
3023,1828
3024,1574
3025,2032
3026,1456
3027,2167
3028,2097
3029,1255
3030,1985
3031,1603
3032,1336
3033,1143
3034,1430
3035,1338
3036,1498
3037,2360
3038,1361
3039,1288
3040,2265
3041,2090
3042,1293
3043,1903
3044,1658
3045,2042
3046,1627
3047,2330
3048,1840
3049,2025
3050,1954
3051,2172
3052,1744
3053,1580
3054,1840
3055,1687
3056,1858
3057,2008
3058,1500
3059,1585
3060,1975
3061,1606
3062,2464
3063,1778
3064,1383
3065,1431
3066,1671
3067,1772
3068,1447
3069,1503
3070,2199
3071,1826
3072,2600
3073,1711
3074,1298
3075,2424
3076,1386
3077,2180
3078,1862
3079,1406
3080,1385
3081,2651
3082,1528
3083,1666
3084,1605
3085,1965
3086,1714
3087,1914
3088,1907
3089,2207
3090,2258
3091,1278
3092,1984
3093,1519
3094,1352
3095,1836
3096,1534
3097,1600
3098,2041
3099,1155
3100,2076
3101,1860
3102,1446
3103,2448
3104,1608
3105,1847
3106,1551
3107,1575
3108,1729
3109,1935
3110,2222
3111,1843
3112,1702
3113,1557
3114,1869
3115,1479
3116,1910
3117,1766
3118,1725
3119,1676
3120,1949
3121,2121
3122,1340
3123,1506
3124,1763
3125,1290
3126,2527
3127,1386
3128,1822
3129,1505
3130,1338
3131,1604
3132,2224
3133,2020
3134,1751
3135,1432
3136,1725
3137,2163
3138,1579
3139,1866
3140,1380
3141,1551
3142,1917
3143,1498
3144,1213
3145,1965
3146,1283
3147,2467
3148,1634
3149,1828
3150,1573
3151,1161
3152,1204
3153,2137
3154,1388
3155,1463
3156,1323
3157,1988
3158,1534
3159,2320
3160,1323
3161,2046
3162,1843
3163,1847
3164,2018
3165,1296
3166,1817
3167,1421
3168,1942
3169,1966
3170,2215
3171,1703
3172,1937
3173,1850
3174,1352
3175,1581
3176,1566
3177,1664
3178,1863
3179,1426
3180,1791
3181,2010
3182,1973
3183,2375
3184,1969
3185,2358
3186,1739
3187,1844
3188,1961
3189,1212
3190,1389
3191,1797
3192,1667
3193,1428
3194,1936
3195,1573
3196,1446
3197,1752
3198,2047
3199,1249
3200,1506
3201,1603
3202,1715
3203,1644
3204,1199
3205,1955
3206,1255
3207,2190
3208,1672
3209,2007
3210,1429
3211,2213
3212,1855
3213,1509
3214,1382
3215,1758
3216,2179
3217,1611
3218,1272
3219,1633
3220,1186
3221,1732
3222,1581
3223,1664
3224,2263
3225,1579
3226,1436
3227,1328
3228,1357
3229,1020
3230,1813
3231,2058
3232,1772
3233,1425
3234,1553
3235,2248
3236,1999
3237,1521
3238,1562
3239,1563
3240,1869
3241,1806
3242,1846
3243,1772
3244,2017
3245,1710
3246,1691
3247,1595
3248,2524
3249,1890
3250,1320
3251,2076
3252,1677
3253,1815
3254,2105
3255,1903
3256,1587
3257,1639
3258,1945
3259,1469
3260,1950
3261,1855
3262,1428
3263,1481
3264,1810
3265,1249
3266,2529
3267,2414
3268,1372
3269,1213
3270,2010
3271,1383
3272,1866
3273,1678
3274,1643
3275,2217
3276,1439
3277,1628
3278,1369
3279,1685
3280,2035
3281,1454
3282,1657
3283,1593
3284,1582
3285,2181
3286,1985
3287,1765
3288,1658
3289,1656
3290,1513
3291,2103
3292,2030
3293,2323
3294,2226
3295,1355
3296,1519
3297,1838
3298,1684
3299,1641
3300,1800
3301,1597
3302,2275
3303,2218
3304,1584
3305,1530
3306,1551
3307,1727
3308,1958
3309,2200
3310,1957
3311,1799
3312,1995
3313,2160
3314,1880
3315,1648
3316,2251
3317,2485
3318,1823
3319,2076
3320,2032
3321,1741
3322,1202
3323,2055
3324,1424
3325,1900
3326,1770
3327,1629
3328,1304
3329,1255
3330,2162
3331,1603
3332,1826
3333,1617
3334,1822
3335,1551
3336,2238
3337,2060
3338,1566
3339,1791
3340,1968
3341,1550
3342,1851
3343,2015
3344,1452
3345,1939
3346,2000
3347,2126
3348,2689
3349,1559
3350,1811
3351,1716
3352,1676
3353,1418
3354,1448
3355,1393
3356,1421
3357,1721
3358,1695
3359,1724
3360,1571
3361,2236
3362,2076
3363,1417
3364,2353
3365,2017
3366,1530
3367,2395
3368,1767
3369,1936
3370,1827
3371,1493
3372,1202
3373,1416
3374,1945
3375,1796
3376,1745
3377,1600
3378,1402
3379,1609
3380,1328
3381,1335
3382,1452
3383,1420
3384,1932
3385,1803
3386,1608
3387,1781
3388,1562
3389,1241
3390,2149
3391,1231
3392,1772
3393,1530
3394,1832
3395,2344
3396,1844
3397,1161
3398,1750
3399,1413
3400,2516
3401,1240
3402,1415
3403,2835
3404,1694
3405,1875
3406,1730
3407,1354
3408,2284
3409,2740
3410,1498
3411,1993
3412,1514
3413,1698
3414,1791
3415,1669
3416,2340
3417,1274
3418,1691
3419,1831
3420,1874
3421,1621
3422,1410
3423,2511
3424,1351
3425,1360
3426,1395
3427,2951
3428,2005
3429,2357
3430,1735
3431,1805
3432,1865
3433,1388
3434,1834
3435,1468
3436,1438
3437,1735
3438,1285
3439,2039
3440,1088
3441,1847
3442,1620
3443,1728
3444,1817
3445,2096
3446,1776
3447,1286
3448,2223
3449,1380
3450,2203
3451,1701
3452,1851
3453,1642
3454,1952
3455,1454
3456,1746
3457,2003
3458,2056
3459,1183
3460,2032
3461,1479
3462,2089
3463,1264
3464,1840
3465,1296
3466,1443
3467,1871
3468,1543
3469,1995
3470,1511
3471,1604
3472,1849
3473,1288
3474,1593
3475,1577
3476,2252
3477,1379
3478,1788
3479,2028
3480,1582
3481,1502
3482,1848
3483,1481
3484,2240
3485,2109
3486,1792
3487,1528
3488,1774
3489,2364
3490,898
3491,1911
3492,2161
3493,1472
3494,2046
3495,1420
3496,2062
3497,1578
3498,1732
3499,1416
3500,1622
3501,1461
3502,1563
3503,1534
3504,2321
3505,1626
3506,2889
3507,1565
3508,2560
3509,1816
3510,1338
3511,2043
3512,1869
3513,1976
3514,1927
3515,2146
3516,2200
3517,1595
3518,1792
3519,1543
3520,1945
3521,1646
3522,1545
3523,1610
3524,1524
3525,1520
3526,2321
3527,1648
3528,1747
3529,1674
3530,1797
3531,2386
3532,2432
3533,1971
3534,1361
3535,1958
3536,2666
3537,1591
3538,1542
3539,1537
3540,2592
3541,2046
3542,2522
3543,1662
3544,1841
3545,1501
3546,1706
3547,2028
3548,1667
3549,1757
3550,1884
3551,1444
3552,1380
3553,1765
3554,2114
3555,2085
3556,1894
3557,1517
3558,1605
3559,1374
3560,2246
3561,1891
3562,1121
3563,1568
3564,1823
3565,1858
3566,1445
3567,1776
3568,1786
3569,2038
3570,1639
3571,1621
3572,2396
3573,2122
3574,1651
3575,2237
3576,1474
3577,1339
3578,2472
3579,1854
3580,2012
3581,1253
3582,1937
3583,1169
3584,1651
3585,1971
3586,1628
3587,1562
3588,1508
3589,1464
3590,1276
3591,1568
3592,1774
3593,2037
3594,1740
3595,1493
3596,2066
3597,1887
3598,1496
3599,1708
3600,1925
3601,1775
3602,1623
3603,1867
3604,1524
3605,1574
3606,1546
3607,1574
3608,1901
3609,1759
3610,1260
3611,1827
3612,1351
3613,1486
3614,2319
3615,1462
3616,1559
3617,1507
3618,1983
3619,1280
3620,1554
3621,1749
3622,2123
3623,1906
3624,2486
3625,1670
3626,1392
3627,2276
3628,2100
3629,1717
3630,1947
3631,1200
3632,1578
3633,1510
3634,2056
3635,2702
3636,1982
3637,1311
3638,2223
3639,1513
3640,1197
3641,2737
3642,2379
3643,1773
3644,1519
3645,1801
3646,1457
3647,1914
3648,1312
3649,1097
3650,1336
3651,1851
3652,1705
3653,1223
3654,1327
3655,1268
3656,1421
3657,2005
3658,2122
3659,1599
3660,1462
3661,2191
3662,1618
3663,1515
3664,1774
3665,1467
3666,2004
3667,2124
3668,1589
3669,1727
3670,1801
3671,2329
3672,1595
3673,2137
3674,1425
3675,1767
3676,1857
3677,2082
3678,1327
3679,2149
3680,1399
3681,1710
3682,1552
3683,1420
3684,1824
3685,1545
3686,1767
3687,1663
3688,1402
3689,1906
3690,1785
3691,1746
3692,1891
3693,1200
3694,1413
3695,2243
3696,1286
3697,2227
3698,1703
3699,1880
3700,2142
3701,1634
3702,1943
3703,1397
3704,2374
3705,1473
3706,2501
3707,1780
3708,1697
3709,2146
3710,1728
3711,1914
3712,2376
3713,2133
3714,1918
3715,2465
3716,1793
3717,1661
3718,1393
3719,1714
3720,1778
3721,1769
3722,1912
3723,1311
3724,1365
3725,1435
3726,1534
3727,1714
3728,2250
3729,1927
3730,1844
3731,1765
3732,1540
3733,1748
3734,1540
3735,1538
3736,1070
3737,1941
3738,1980
3739,1667
3740,1569
3741,1841
3742,1405
3743,1734
3744,1939
3745,2138
3746,1553
3747,1661
3748,1749
3749,1685
3750,1986
3751,1431
3752,1686
3753,2054
3754,1634
3755,1573
3756,1788
3757,1954
3758,1833
3759,2136
3760,1699
3761,1827
3762,1653
3763,1700
3764,1478
3765,1251
3766,1640
3767,1697
3768,1639
3769,1482
3770,1457
3771,2010
3772,2660
3773,1850
3774,2064
3775,1540
3776,1799
3777,1965
3778,2064
3779,1348
3780,2013
3781,2064
3782,1772
3783,1670
3784,1522
3785,1686
3786,1929
3787,1976
3788,1541
3789,2082
3790,1461
3791,1808
3792,1781
3793,3041
3794,1354
3795,1610
3796,1943
3797,1402
3798,2077
3799,1508
3800,1958
3801,1171
3802,1709
3803,1310
3804,1842
3805,1683
3806,1776
3807,2061
3808,1527
3809,1711
3810,1548
3811,2106
3812,1660
3813,1423
3814,1462
3815,1526
3816,1242
3817,1908
3818,1527
3819,1986
3820,1946
3821,2033
3822,1421
3823,1328
3824,1481
3825,2296
3826,1754
3827,1233
3828,1642
3829,1969
3830,1661
3831,2166
3832,2350
3833,1365
3834,1814
3835,1859
3836,2633
3837,1741
3838,1291
3839,1613
3840,1520
3841,1711
3842,1950
3843,1896
3844,1771
3845,2190
3846,1832
3847,1653
3848,1688
3849,1898
3850,1520
3851,1451
3852,1674
3853,1798
3854,1562
3855,1420
3856,2046
3857,1970
3858,1487
3859,1730
3860,1703
3861,1300
3862,1638
3863,1633
3864,1315
3865,1354
3866,1262
3867,1820
3868,1506
3869,1722
3870,1545
3871,1870
3872,1395
3873,1648
3874,1389
3875,1700
3876,1366
3877,1628
3878,1884
3879,1235
3880,1613
3881,1702
3882,1483
3883,1672
3884,1575
3885,1611
3886,1889
3887,1997
3888,1775
3889,3267
3890,1445
3891,1983
3892,2052
3893,1969
3894,1890
3895,1566
3896,1821
3897,1393
3898,2172
3899,1957
3900,1977
3901,1664
3902,1549
3903,1516
3904,1799
3905,1326
3906,1346
3907,2025
3908,1864
3909,1417
3910,1529
3911,1747
3912,2446
3913,1572
3914,2040
3915,1341
3916,1828
3917,1432
3918,1953
3919,1649
3920,1858
3921,1774
3922,2546
3923,1538
3924,2040
3925,2171
3926,2445
3927,1681
3928,2296
3929,1927
3930,1519
3931,1702
3932,1608
3933,1689
3934,1731
3935,1673
3936,1432
3937,1314
3938,1529
3939,1225
3940,2267
3941,1587
3942,1364
3943,1416
3944,1354
3945,1826
3946,1401
3947,1547
3948,2385
3949,1677
3950,1365
3951,1562
3952,1890
3953,1587
3954,1462
3955,2238
3956,1343
3957,1735
3958,2246
3959,2195
3960,1915
3961,1943
3962,2253
3963,1869
3964,1428
3965,1898
3966,1809
3967,1718
3968,1185
3969,2692
3970,1415
3971,1670
3972,2572
3973,1881
3974,2177
3975,1508
3976,2308
3977,1610
3978,2154
3979,1595
3980,2292
3981,1606
3982,1346
3983,1615
3984,2011
3985,2120
3986,2277
3987,1653
3988,1513
3989,2344
3990,1676
3991,1827
3992,1610
3993,1978
3994,1505
3995,1664
3996,2040
3997,1448
3998,1187
3999,1351
4000,1552
4001,1790
4002,1594
4003,2004
4004,1467
4005,2117
4006,1676
4007,1782
4008,1832
4009,2054
4010,1203
4011,2089
4012,2600
4013,1956
4014,2218
4015,1190
4016,1848
4017,1598
4018,1892
4019,1493
4020,1454
4021,2357
4022,1072
4023,1989
4024,1866
4025,1717
4026,1614
4027,1767
4028,1921
4029,1452
4030,2019
4031,1359
4032,1290
4033,1358
4034,1548
4035,1902
4036,1438
4037,2297
4038,1865
4039,1538
4040,1711
4041,1693
4042,1574
4043,2466
4044,1347
4045,1248
4046,1919
4047,1918
4048,2401
4049,1541
4050,2095
4051,1738
4052,1496
4053,1725
4054,1405
4055,1517
4056,1691
4057,1529
4058,1355
4059,1714
4060,1724
4061,1608
4062,1743
4063,2457
4064,1462
4065,2066
4066,2316
4067,2366
4068,2052
4069,2194
4070,2072
4071,2024
4072,2150
4073,1608
4074,2202
4075,1372
4076,2368
4077,2055
4078,1800
4079,1332
4080,1669
4081,1758
4082,1696
4083,1445
4084,2066
4085,953
4086,2060
4087,1175
4088,1898
4089,1575
4090,1347
4091,1667
4092,1807
4093,1578
4094,1640
4095,2168
