0,584
1,1522
2,505
3,464
4,424
5,573
6,679
7,533
8,556
9,708
10,1006
11,686
12,845
13,541
14,634
15,710
16,738
17,601
18,577
19,458
20,362
21,546
22,442
23,304
24,518
25,839
26,665
27,635
28,691
29,369
30,887
31,383
32,1287
33,403
34,368
35,346
36,1176
37,592
38,936
39,758
40,1090
41,560
42,463
43,487
44,379
45,501
46,459
47,657
48,574
49,585
50,345
51,727
52,440
53,594
54,316
55,586
56,326
57,754
58,678
59,704
60,343
61,506
62,1008
63,583
64,912
65,510
66,810
67,618
68,478
69,871
70,503
71,416
72,608
73,301
74,588
75,590
76,442
77,796
78,524
79,513
80,731
81,701
82,864
83,633
84,946
85,450
86,490
87,1172
88,632
89,1097
90,493
91,302
92,421
93,517
94,397
95,722
96,791
97,741
98,516
99,289
100,468
101,783
102,438
103,559
104,474
105,485
106,678
107,443
108,571
109,576
110,675
111,407
112,388
113,333
114,545
115,611
116,389
117,376
118,584
119,418
120,426
121,506
122,657
123,920
124,482
125,343
126,529
127,1680
128,485
129,456
130,634
131,505
132,787
133,772
134,428
135,613
136,609
137,411
138,403
139,413
140,845
141,615
142,450
143,655
144,591
145,707
146,1582
147,609
148,542
149,379
150,586
151,518
152,947
153,440
154,966
155,374
156,665
157,451
158,1894
159,500
160,597
161,469
162,742
163,685
164,1288
165,564
166,403
167,810
168,645
169,645
170,1155
171,315
172,418
173,704
174,924
175,441
176,336
177,500
178,610
179,306
180,600
181,491
182,477
183,718
184,698
185,479
186,1422
187,307
188,552
189,561
190,365
191,941
192,636
193,503
194,620
195,359
196,689
197,612
198,723
199,263
200,585
201,524
202,565
203,417
204,378
205,853
206,502
207,578
208,532
209,470
210,377
211,423
212,582
213,548
214,700
215,553
216,698
217,808
218,487
219,921
220,382
221,524
222,469
223,1094
224,527
225,410
226,727
227,642
228,449
229,897
230,778
231,829
232,950
233,456
234,546
235,448
236,788
237,477
238,523
239,476
240,795
241,656
242,373
243,327
244,377
245,568
246,625
247,455
248,364
249,630
250,576
251,635
252,357
253,391
254,435
255,594
256,709
257,928
258,393
259,413
260,682
261,483
262,199
263,350
264,591
265,619
266,515
267,612
268,492
269,816
270,831
271,289
272,505
273,545
274,598
275,515
276,780
277,526
278,433
279,692
280,792
281,556
282,846
283,376
284,1013
285,504
286,718
287,622
288,592
289,626
290,398
291,473
292,467
293,357
294,601
295,1067
296,494
297,494
298,352
299,476
300,686
301,660
302,420
303,327
304,483
305,469
306,675
307,412
308,704
309,506
310,562
311,685
312,644
313,443
314,814
315,941
316,813
317,480
318,365
319,440
320,567
321,551
322,683
323,524
324,832
325,408
326,443
327,563
328,708
329,467
330,960
331,706
332,535
333,720
334,611
335,558
336,745
337,604
338,521
339,608
340,482
341,549
342,512
343,408
344,501
345,370
346,488
347,389
348,480
349,518
350,400
351,670
352,1207
353,467
354,848
355,508
356,438
357,426
358,493
359,437
360,383
361,736
362,711
363,440
364,619
365,611
366,861
367,744
368,612
369,587
370,492
371,846
372,365
373,1429
374,558
375,696
376,766
377,421
378,546
379,513
380,749
381,505
382,438
383,438
384,352
385,519
386,367
387,541
388,359
389,769
390,557
391,482
392,526
393,380
394,542
395,840
396,781
397,638
398,537
399,848
400,662
401,761
402,293
403,448
404,745
405,620
406,559
407,637
408,481
409,345
410,401
411,583
412,449
413,421
414,557
415,689
416,601
417,1109
418,673
419,576
420,755
421,366
422,941
423,751
424,907
425,659
426,329
427,602
428,433
429,673
430,462
431,326
432,292
433,641
434,507
435,801
436,556
437,327
438,422
439,750
440,610
441,737
442,427
443,553
444,570
445,434
446,2023
447,457
448,454
449,747
450,671
451,720
452,586
453,434
454,610
455,791
456,469
457,568
458,520
459,437
460,514
461,995
462,451
463,618
464,524
465,717
466,322
467,681
468,521
469,958
470,462
471,589
472,495
473,636
474,705
475,906
476,873
477,433
478,512
479,274
480,572
481,609
482,831
483,701
484,731
485,710
486,567
487,544
488,551
489,431
490,510
491,669
492,758
493,337
494,871
495,451
496,706
497,705
498,413
499,584
500,712
501,254
502,579
503,442
504,1329
505,481
506,580
507,433
508,787
509,633
510,291
511,738
512,269
513,305
514,1204
515,851
516,432
517,649
518,501
519,426
520,527
521,690
522,376
523,429
524,371
525,533
526,304
527,444
528,1026
529,1206
530,415
531,509
532,753
533,630
534,918
535,794
536,714
537,505
538,734
539,358
540,777
541,756
542,479
543,432
544,480
545,593
546,492
547,534
548,666
549,681
550,426
551,461
552,538
553,624
554,456
555,715
556,839
557,427
558,660
559,662
560,904
561,758
562,651
563,954
564,708
565,527
566,463
567,562
568,549
569,578
570,611
571,399
572,944
573,427
574,563
575,889
576,748
577,654
578,231
579,433
580,639
581,511
582,532
583,380
584,584
585,484
586,556
587,513
588,961
589,673
590,2973
591,613
592,1697
593,423
594,675
595,612
596,262
597,330
598,586
599,332
600,575
601,354
602,458
603,596
604,1299
605,432
606,1602
607,546
608,407
609,620
610,568
611,667
612,707
613,530
614,377
615,438
616,361
617,523
618,1202
619,390
620,585
621,968
622,770
623,430
624,364
625,420
626,859
627,721
628,579
629,486
630,556
631,716
632,309
633,487
634,661
635,1213
636,545
637,778
638,570
639,594
640,384
641,631
642,394
643,338
644,462
645,748
646,1204
647,338
648,243
649,454
650,626
651,335
652,701
653,694
654,417
655,797
656,474
657,801
658,514
659,524
660,1816
661,406
662,958
663,990
664,423
665,671
666,370
667,1356
668,470
669,914
670,873
671,836
672,413
673,579
674,831
675,441
676,1062
677,822
678,727
679,786
680,447
681,631
682,312
683,628
684,482
685,330
686,625
687,640
688,708
689,364
690,403
691,538
692,688
693,787
694,459
695,736
696,672
697,592
698,551
699,618
700,343
701,451
702,549
703,564
704,428
705,444
706,448
707,491
708,589
709,791
710,469
711,1072
712,377
713,948
714,489
715,669
716,724
717,611
718,523
719,559
720,801
721,485
722,516
723,646
724,386
725,645
726,371
727,608
728,370
729,524
730,425
731,581
732,294
733,750
734,351
735,656
736,403
737,561
738,455
739,1060
740,230
741,422
742,993
743,423
744,508
745,667
746,422
747,726
748,357
749,500
750,1083
751,277
752,551
753,361
754,355
755,680
756,686
757,495
758,406
759,500
760,715
761,644
762,878
763,694
764,840
765,957
766,1258
767,753
768,765
769,650
770,582
771,365
772,252
773,559
774,561
775,601
776,390
777,758
778,506
779,405
780,609
781,389
782,691
783,1076
784,719
785,900
786,577
787,557
788,447
789,964
790,792
791,454
792,484
793,565
794,522
795,485
796,546
797,599
798,748
799,567
800,358
801,365
802,534
803,329
804,1068
805,509
806,507
807,591
808,564
809,463
810,545
811,567
812,422
813,752
814,1096
815,825
816,607
817,1138
818,458
819,527
820,620
821,487
822,301
823,372
824,649
825,540
826,243
827,825
828,573
829,639
830,354
831,615
832,764
833,849
834,472
835,748
836,534
837,323
838,460
839,564
840,1081
841,462
842,1018
843,354
844,688
845,605
846,786
847,422
848,693
849,696
850,566
851,443
852,369
853,501
854,893
855,535
856,370
857,798
858,721
859,471
860,476
861,470
862,792
863,463
864,416
865,610
866,608
867,596
868,1077
869,330
870,588
871,1170
872,667
873,460
874,727
875,466
876,672
877,379
878,519
879,599
880,368
881,582
882,1534
883,512
884,743
885,827
886,608
887,353
888,957
889,749
890,466
891,477
892,880
893,554
894,368
895,334
896,583
897,874
898,854
899,653
900,531
901,1031
902,579
903,418
904,483
905,340
906,527
907,441
908,556
909,436
910,1376
911,435
912,951
913,551
914,866
915,474
916,597
917,817
918,668
919,538
920,770
921,879
922,536
923,689
924,651
925,596
926,271
927,783
928,397
929,907
930,419
931,760
932,639
933,461
934,620
935,529
936,468
937,461
938,644
939,822
940,1014
941,600
942,707
943,775
944,974
945,540
946,781
947,882
948,600
949,797
950,416
951,508
952,624
953,618
954,685
955,823
956,552
957,442
958,562
959,479
960,621
961,826
962,677
963,384
964,812
965,557
966,528
967,556
968,432
969,1002
970,690
971,568
972,496
973,596
974,586
975,448
976,724
977,554
978,409
979,522
980,610
981,299
982,497
983,375
984,1013
985,420
986,498
987,591
988,566
989,337
990,451
991,578
992,439
993,665
994,667
995,534
996,897
997,736
998,340
999,633
1000,384
1001,575
1002,501
1003,763
1004,694
1005,396
1006,1394
1007,1026
1008,585
1009,436
1010,1952
1011,594
1012,472
1013,1033
1014,575
1015,527
1016,729
1017,599
1018,837
1019,780
1020,642
1021,508
1022,1432
1023,679
1024,318
1025,701
1026,390
1027,671
1028,332
1029,622
1030,1485
1031,303
1032,593
1033,1023
1034,1030
1035,495
1036,1246
1037,612
1038,697
1039,965
1040,848
1041,538
1042,475
1043,666
1044,459
1045,651
1046,479
1047,371
1048,789
1049,489
1050,600
1051,607
1052,487
1053,301
1054,1560
1055,755
1056,981
1057,671
1058,559
1059,800
1060,447
1061,389
1062,1151
1063,534
1064,456
1065,474
1066,319
1067,644
1068,640
1069,570
1070,219
1071,482
1072,440
1073,494
1074,346
1075,800
1076,328
1077,612
1078,794
1079,599
1080,582
1081,337
1082,1284
1083,388
1084,814
1085,669
1086,969
1087,498
1088,829
1089,649
1090,954
1091,646
1092,491
1093,677
1094,427
1095,341
1096,691
1097,395
1098,431
1099,380
1100,704
1101,475
1102,1894
1103,416
1104,451
1105,467
1106,466
1107,838
1108,634
1109,447
1110,384
1111,509
1112,1083
1113,945
1114,920
1115,736
1116,619
1117,470
1118,1286
1119,427
1120,1412
1121,489
1122,864
1123,379
1124,589
1125,680
1126,429
1127,642
1128,433
1129,1342
1130,478
1131,439
1132,746
1133,610
1134,485
1135,483
1136,402
1137,397
1138,618
1139,750
1140,488
1141,794
1142,543
1143,1014
1144,446
1145,780
1146,1375
1147,729
1148,705
1149,279
1150,403
1151,534
1152,408
1153,417
1154,443
1155,869
1156,347
1157,365
1158,854
1159,431
1160,405
1161,664
1162,485
1163,680
1164,545
1165,770
1166,808
1167,446
1168,361
1169,339
1170,535
1171,914
1172,435
1173,511
1174,599
1175,652
1176,389
1177,594
1178,491
1179,411
1180,491
1181,582
1182,527
1183,1143
1184,822
1185,433
1186,382
1187,604
1188,766
1189,680
1190,946
1191,387
1192,831
1193,338
1194,657
1195,294
1196,285
1197,744
1198,306
1199,417
1200,840
1201,586
1202,399
1203,313
1204,350
1205,581
1206,466
1207,983
1208,532
1209,496
1210,624
1211,831
1212,617
1213,647
1214,624
1215,717
1216,939
1217,483
1218,918
1219,374
1220,474
1221,428
1222,901
1223,664
1224,703
1225,671
1226,299
1227,804
1228,435
1229,386
1230,582
1231,661
1232,415
1233,757
1234,589
1235,605
1236,563
1237,930
1238,771
1239,898
1240,768
1241,1057
1242,414
1243,223
1244,415
1245,584
1246,448
1247,705
1248,690
1249,424
1250,491
1251,737
1252,675
1253,547
1254,527
1255,404
1256,771
1257,774
1258,325
1259,632
1260,931
1261,859
1262,546
1263,476
1264,375
1265,780
1266,686
1267,709
1268,991
1269,577
1270,579
1271,479
1272,583
1273,778
1274,259
1275,1094
1276,535
1277,1229
1278,543
1279,431
1280,514
1281,341
1282,528
1283,430
1284,739
1285,562
1286,601
1287,745
1288,778
1289,559
1290,665
1291,765
1292,706
1293,541
1294,798
1295,352
1296,381
1297,575
1298,500
1299,467
1300,539
1301,498
1302,783
1303,1119
1304,699
1305,426
1306,440
1307,514
1308,657
1309,433
1310,549
1311,725
1312,475
1313,492
1314,353
1315,535
1316,1113
1317,2032
1318,685
1319,440
1320,692
1321,533
1322,499
1323,491
1324,451
1325,527
1326,527
1327,606
1328,1094
1329,599
1330,269
1331,496
1332,406
1333,364
1334,1049
1335,522
1336,616
1337,532
1338,389
1339,1051
1340,539
1341,759
1342,353
1343,272
1344,536
1345,838
1346,575
1347,659
1348,866
1349,778
1350,1028
1351,916
1352,541
1353,671
1354,932
1355,477
1356,432
1357,707
1358,1492
1359,287
1360,590
1361,925
1362,456
1363,666
1364,628
1365,506
1366,422
1367,607
1368,549
1369,836
1370,450
1371,322
1372,901
1373,740
1374,724
1375,406
1376,308
1377,352
1378,351
1379,320
1380,624
1381,615
1382,265
1383,490
1384,623
1385,1036
1386,503
1387,468
1388,804
1389,350
1390,600
1391,836
1392,508
1393,595
1394,843
1395,444
1396,733
1397,445
1398,555
1399,582
1400,483
1401,524
1402,1211
1403,783
1404,582
1405,894
1406,433
1407,498
1408,671
1409,855
1410,602
1411,705
1412,324
1413,495
1414,459
1415,257
1416,494
1417,478
1418,440
1419,791
1420,660
1421,562
1422,543
1423,599
1424,685
1425,779
1426,783
1427,405
1428,965
1429,799
1430,827
1431,388
1432,678
1433,774
1434,524
1435,401
1436,356
1437,677
1438,574
1439,513
1440,457
1441,372
1442,821
1443,407
1444,635
1445,619
1446,327
1447,754
1448,895
1449,449
1450,593
1451,732
1452,486
1453,745
1454,482
1455,295
1456,732
1457,613
1458,658
1459,657
1460,901
1461,722
1462,784
1463,491
1464,540
1465,342
1466,655
1467,524
1468,385
1469,553
1470,896
1471,477
1472,454
1473,515
1474,281
1475,817
1476,1395
1477,445
1478,479
1479,474
1480,424
1481,555
1482,387
1483,290
1484,499
1485,441
1486,413
1487,475
1488,583
1489,724
1490,353
1491,637
1492,568
1493,360
1494,426
1495,343
1496,627
1497,388
1498,644
1499,277
1500,565
1501,618
1502,909
1503,881
1504,414
1505,343
1506,315
1507,553
1508,501
1509,698
1510,565
1511,510
1512,271
1513,452
1514,812
1515,392
1516,762
1517,1006
1518,420
1519,601
1520,493
1521,599
1522,722
1523,601
1524,242
1525,772
1526,284
1527,509
1528,500
1529,1133
1530,544
1531,415
1532,656
1533,505
1534,984
1535,462
1536,457
1537,485
1538,291
1539,424
1540,719
1541,710
1542,647
1543,594
1544,563
1545,491
1546,695
1547,694
1548,372
1549,828
1550,1034
1551,448
1552,442
1553,476
1554,572
1555,629
1556,633
1557,694
1558,555
1559,677
1560,423
1561,608
1562,554
1563,442
1564,419
1565,450
1566,967
1567,392
1568,558
1569,583
1570,711
1571,649
1572,435
1573,315
1574,932
1575,474
1576,370
1577,562
1578,343
1579,634
1580,507
1581,633
1582,926
1583,431
1584,672
1585,837
1586,324
1587,491
1588,674
1589,725
1590,493
1591,399
1592,277
1593,698
1594,564
1595,762
1596,710
1597,414
1598,808
1599,692
1600,339
1601,608
1602,561
1603,634
1604,568
1605,265
1606,475
1607,456
1608,606
1609,473
1610,302
1611,1023
1612,396
1613,614
1614,408
1615,1243
1616,542
1617,553
1618,432
1619,400
1620,764
1621,2249
1622,641
1623,691
1624,453
1625,857
1626,370
1627,1010
1628,722
1629,592
1630,569
1631,652
1632,430
1633,599
1634,580
1635,407
1636,609
1637,679
1638,685
1639,374
1640,324
1641,450
1642,539
1643,662
1644,976
1645,594
1646,551
1647,468
1648,415
1649,399
1650,485
1651,502
1652,636
1653,714
1654,596
1655,668
1656,313
1657,677
1658,571
1659,466
1660,455
1661,506
1662,689
1663,1686
1664,528
1665,338
1666,559
1667,497
1668,342
1669,384
1670,522
1671,542
1672,1006
1673,583
1674,988
1675,859
1676,410
1677,656
1678,789
1679,326
1680,662
1681,372
1682,756
1683,359
1684,734
1685,813
1686,368
1687,542
1688,761
1689,609
1690,1279
1691,405
1692,477
1693,510
1694,568
1695,411
1696,371
1697,594
1698,415
1699,424
1700,430
1701,344
1702,702
1703,608
1704,662
1705,708
1706,699
1707,842
1708,729
1709,701
1710,413
1711,373
1712,588
1713,338
1714,766
1715,570
1716,633
1717,500
1718,516
1719,355
1720,995
1721,451
1722,309
1723,1156
1724,297
1725,521
1726,1107
1727,328
1728,288
1729,443
1730,938
1731,922
1732,364
1733,579
1734,477
1735,422
1736,297
1737,993
1738,467
1739,599
1740,858
1741,503
1742,592
1743,675
1744,739
1745,508
1746,497
1747,613
1748,621
1749,597
1750,633
1751,626
1752,348
1753,358
1754,585
1755,687
1756,359
1757,262
1758,601
1759,432
1760,1525
1761,480
1762,613
1763,560
1764,641
1765,610
1766,545
1767,622
1768,784
1769,434
1770,507
1771,434
1772,466
1773,690
1774,400
1775,365
1776,356
1777,404
1778,377
1779,280
1780,491
1781,759
1782,536
1783,408
1784,669
1785,343
1786,562
1787,595
1788,469
1789,384
1790,564
1791,627
1792,924
1793,464
1794,683
1795,515
1796,529
1797,399
1798,580
1799,776
1800,593
1801,829
1802,455
1803,624
1804,375
1805,1759
1806,470
1807,899
1808,547
1809,615
1810,777
1811,955
1812,390
1813,469
1814,424
1815,414
1816,464
1817,400
1818,528
1819,349
1820,518
1821,364
1822,528
1823,456
1824,1153
1825,356
1826,346
1827,662
1828,572
1829,472
1830,440
1831,379
1832,738
1833,293
1834,304
1835,661
1836,667
1837,371
1838,1110
1839,467
1840,1063
1841,449
1842,950
1843,564
1844,487
1845,427
1846,496
1847,1027
1848,666
1849,631
1850,741
1851,904
1852,663
1853,364
1854,343
1855,682
1856,570
1857,867
1858,992
1859,511
1860,586
1861,602
1862,746
1863,864
1864,677
1865,486
1866,909
1867,418
1868,600
1869,513
1870,755
1871,404
1872,403
1873,385
1874,639
1875,494
1876,395
1877,424
1878,343
1879,382
1880,498
1881,442
1882,752
1883,634
1884,427
1885,851
1886,471
1887,720
1888,500
1889,2244
1890,473
1891,627
1892,709
1893,425
1894,521
1895,519
1896,496
1897,600
1898,685
1899,756
1900,667
1901,799
1902,765
1903,601
1904,711
1905,451
1906,671
1907,431
1908,510
1909,426
1910,320
1911,1016
1912,494
1913,638
1914,653
1915,861
1916,965
1917,703
1918,510
1919,401
1920,463
1921,488
1922,455
1923,512
1924,709
1925,658
1926,331
1927,603
1928,568
1929,882
1930,254
1931,1911
1932,523
1933,739
1934,745
1935,482
1936,1115
1937,545
1938,679
1939,621
1940,738
1941,334
1942,446
1943,663
1944,534
1945,367
1946,541
1947,556
1948,763
1949,780
1950,570
1951,221
1952,502
1953,334
1954,727
1955,404
1956,1001
1957,773
1958,517
1959,686
1960,575
1961,495
1962,630
1963,635
1964,539
1965,418
1966,597
1967,675
1968,400
1969,656
1970,834
1971,386
1972,791
1973,423
1974,790
1975,574
1976,841
1977,687
1978,399
1979,753
1980,414
1981,557
1982,420
1983,510
1984,812
1985,508
1986,671
1987,709
1988,414
1989,816
1990,338
1991,579
1992,559
1993,1435
1994,480
1995,425
1996,404
1997,605
1998,782
1999,471
2000,241
2001,518
2002,692
2003,540
2004,445
2005,556
2006,1703
2007,529
2008,516
2009,496
2010,479
2011,409
2012,679
2013,418
2014,728
2015,654
2016,443
2017,849
2018,364
2019,650
2020,581
2021,368
2022,861
2023,1074
2024,905
2025,451
2026,350
2027,534
2028,381
2029,1034
2030,664
2031,535
2032,545
2033,758
2034,506
2035,532
2036,643
2037,627
2038,630
2039,415
2040,869
2041,607
2042,1268
2043,307
2044,308
2045,1020
2046,441
2047,500
2048,1192
2049,311
2050,924
2051,428
2052,934
2053,627
2054,731
2055,570
2056,558
2057,441
2058,863
2059,354
2060,456
2061,696
2062,564
2063,239
2064,470
2065,474
2066,489
2067,518
2068,396
2069,615
2070,807
2071,461
2072,390
2073,624
2074,815
2075,323
2076,535
2077,1011
2078,778
2079,471
2080,583
2081,501
2082,868
2083,553
2084,1143
2085,366
2086,402
2087,735
2088,593
2089,386
2090,1138
2091,558
2092,357
2093,834
2094,275
2095,1099
2096,804
2097,540
2098,727
2099,696
2100,495
2101,586
2102,924
2103,471
2104,500
2105,497
2106,784
2107,406
2108,657
2109,404
2110,369
2111,392
2112,1054
2113,322
2114,563
2115,451
2116,352
2117,708
2118,507
2119,546
2120,987
2121,856
2122,548
2123,423
2124,1175
2125,644
2126,397
2127,382
2128,584
2129,796
2130,702
2131,699
2132,789
2133,506
2134,625
2135,446
2136,604
2137,873
2138,345
2139,687
2140,962
2141,634
2142,693
2143,423
2144,1770
2145,811
2146,464
2147,781
2148,798
2149,792
2150,408
2151,833
2152,629
2153,485
2154,505
2155,1070
2156,439
2157,419
2158,547
2159,731
2160,532
2161,655
2162,538
2163,382
2164,516
2165,535
2166,859
2167,843
2168,556
2169,598
2170,349
2171,435
2172,582
2173,565
2174,528
2175,631
2176,665
2177,548
2178,574
2179,607
2180,279
2181,927
2182,569
2183,537
2184,294
2185,693
2186,399
2187,664
2188,895
2189,426
2190,917
2191,1627
2192,1088
2193,359
2194,468
2195,661
2196,443
2197,557
2198,575
2199,2218
2200,314
2201,973
2202,798
2203,460
2204,421
2205,363
2206,750
2207,417
2208,500
2209,688
2210,780
2211,906
2212,783
2213,598
2214,581
2215,375
2216,378
2217,516
2218,546
2219,768
2220,352
2221,880
2222,946
2223,635
2224,698
2225,715
2226,564
2227,440
2228,748
2229,711
2230,376
2231,742
2232,481
2233,805
2234,456
2235,864
2236,590
2237,544
2238,474
2239,733
2240,560
2241,649
2242,537
2243,452
2244,369
2245,806
2246,674
2247,398
2248,501
2249,481
2250,494
2251,1084
2252,641
2253,1471
2254,275
2255,684
2256,453
2257,673
2258,460
2259,653
2260,374
2261,825
2262,663
2263,658
2264,1240
2265,419
2266,492
2267,278
2268,912
2269,592
2270,499
2271,624
2272,451
2273,397
2274,752
2275,725
2276,523
2277,768
2278,402
2279,545
2280,1050
2281,746
2282,261
2283,293
2284,534
2285,796
2286,1129
2287,675
2288,574
2289,769
2290,749
2291,959
2292,688
2293,485
2294,464
2295,833
2296,699
2297,781
2298,702
2299,514
2300,284
2301,1494
2302,606
2303,425
2304,659
2305,812
2306,815
2307,542
2308,550
2309,234
2310,486
2311,418
2312,530
2313,344
2314,387
2315,561
2316,789
2317,467
2318,490
2319,368
2320,2045
2321,572
2322,664
2323,864
2324,714
2325,3817
2326,828
2327,430
2328,524
2329,416
2330,438
2331,626
2332,561
2333,395
2334,1148
2335,651
2336,471
2337,613
2338,693
2339,644
2340,449
2341,597
2342,409
2343,590
2344,409
2345,358
2346,444
2347,516
2348,425
2349,266
2350,535
2351,613
2352,425
2353,1095
2354,658
2355,613
2356,602
2357,458
2358,648
2359,671
2360,1132
2361,722
2362,399
2363,418
2364,492
2365,504
2366,557
2367,704
2368,414
2369,563
2370,424
2371,361
2372,581
2373,426
2374,455
2375,572
2376,692
2377,421
2378,1075
2379,807
2380,863
2381,323
2382,705
2383,356
2384,427
2385,755
2386,691
2387,465
2388,1128
2389,620
2390,433
2391,926
2392,295
2393,855
2394,668
2395,603
2396,586
2397,451
2398,688
2399,799
2400,638
2401,721
2402,429
2403,937
2404,769
2405,1011
2406,517
2407,618
2408,452
2409,620
2410,643
2411,579
2412,572
2413,645
2414,498
2415,670
2416,560
2417,426
2418,929
2419,600
2420,595
2421,924
2422,476
2423,668
2424,680
2425,383
2426,405
2427,583
2428,617
2429,466
2430,545
2431,840
2432,379
2433,800
2434,1055
2435,451
2436,376
2437,599
2438,504
2439,765
2440,522
2441,612
2442,607
2443,631
2444,442
2445,634
2446,518
2447,241
2448,470
2449,751
2450,664
2451,876
2452,941
2453,551
2454,448
2455,617
2456,520
2457,507
2458,675
2459,631
2460,808
2461,238
2462,299
2463,601
2464,385
2465,395
2466,824
2467,674
2468,534
2469,549
2470,621
2471,493
2472,744
2473,384
2474,831
2475,512
2476,672
2477,490
2478,540
2479,563
2480,577
2481,801
2482,755
2483,347
2484,894
2485,601
2486,480
2487,770
2488,460
2489,254
2490,611
2491,611
2492,709
2493,692
2494,550
2495,895
2496,767
2497,433
2498,716
2499,447
2500,732
2501,591
2502,840
2503,297
2504,531
2505,568
2506,875
2507,700
2508,572
2509,668
2510,508
2511,386
2512,656
2513,364
2514,690
2515,417
2516,750
2517,751
2518,551
2519,599
2520,564
2521,635
2522,652
2523,448
2524,814
2525,1042
2526,689
2527,916
2528,847
2529,1739
2530,978
2531,751
2532,624
2533,597
2534,460
2535,831
2536,314
2537,369
2538,378
2539,654
2540,431
2541,427
2542,689
2543,491
2544,432
2545,756
2546,386
2547,487
2548,479
2549,494
2550,465
2551,770
2552,610
2553,438
2554,299
2555,442
2556,753
2557,612
2558,1129
2559,475
2560,672
2561,404
2562,436
2563,385
2564,849
2565,1008
2566,298
2567,381
2568,654
2569,496
2570,416
2571,819
2572,545
2573,689
2574,406
2575,418
2576,422
2577,365
2578,448
2579,462
2580,891
2581,401
2582,639
2583,616
2584,302
2585,765
2586,849
2587,325
2588,804
2589,517
2590,686
2591,847
2592,747
2593,340
2594,421
2595,435
2596,789
2597,335
2598,697
2599,501
2600,468
2601,702
2602,411
2603,498
2604,590
2605,668
2606,578
2607,650
2608,392
2609,675
2610,380
2611,353
2612,433
2613,589
2614,623
2615,396
2616,940
2617,1257
2618,609
2619,725
2620,1625
2621,430
2622,443
2623,299
2624,576
2625,474
2626,700
2627,318
2628,351
2629,482
2630,722
2631,1014
2632,608
2633,674
2634,577
2635,816
2636,821
2637,973
2638,979
2639,677
2640,744
2641,613
2642,603
2643,642
2644,407
2645,734
2646,1229
2647,342
2648,396
2649,761
2650,533
2651,580
2652,537
2653,677
2654,804
2655,415
2656,527
2657,452
2658,453
2659,927
2660,532
2661,648
2662,496
2663,556
2664,707
2665,453
2666,831
2667,460
2668,1040
2669,648
2670,593
2671,577
2672,594
2673,824
2674,522
2675,598
2676,452
2677,940
2678,613
2679,903
2680,735
2681,941
2682,755
2683,339
2684,1412
2685,473
2686,670
2687,372
2688,652
2689,855
2690,1034
2691,546
2692,807
2693,1020
2694,664
2695,861
2696,500
2697,617
2698,396
2699,1321
2700,304
2701,740
2702,424
2703,455
2704,617
2705,529
2706,397
2707,520
2708,420
2709,385
2710,371
2711,371
2712,657
2713,315
2714,551
2715,908
2716,645
2717,844
2718,720
2719,767
2720,461
2721,498
2722,763
2723,280
2724,957
2725,341
2726,833
2727,840
2728,570
2729,876
2730,1139
2731,622
2732,284
2733,462
2734,537
2735,679
2736,656
2737,500
2738,395
2739,569
2740,376
2741,565
2742,571
2743,647
2744,319
2745,940
2746,578
2747,330
2748,881
2749,723
2750,593
2751,648
2752,374
2753,824
2754,647
2755,592
2756,496
2757,469
2758,457
2759,428
2760,692
2761,533
2762,435
2763,943
2764,735
2765,448
2766,349
2767,369
2768,1320
2769,318
2770,643
2771,641
2772,619
2773,350
2774,344
2775,633
2776,627
2777,678
2778,1053
2779,333
2780,471
2781,514
2782,1804
2783,903
2784,345
2785,784
2786,604
2787,730
2788,452
2789,415
2790,537
2791,585
2792,1172
2793,676
2794,1417
2795,619
2796,487
2797,386
2798,503
2799,791
2800,522
2801,637
2802,581
2803,404
2804,711
2805,430
2806,533
2807,770
2808,339
2809,799
2810,456
2811,743
2812,433
2813,532
2814,761
2815,489
2816,227
2817,747
2818,259
2819,515
2820,1266
2821,555
2822,638
2823,622
2824,829
2825,462
2826,466
2827,538
2828,475
2829,863
2830,707
2831,809
2832,352
2833,302
2834,423
2835,1089
2836,488
2837,1191
2838,315
2839,965
2840,616
2841,449
2842,488
2843,547
2844,721
2845,629
2846,444
2847,1164
2848,507
2849,738
2850,800
2851,571
2852,682
2853,441
2854,733
2855,370
2856,283
2857,645
2858,610
2859,739
2860,516
2861,503
2862,692
2863,612
2864,444
2865,646
2866,494
2867,659
2868,810
2869,450
2870,465
2871,605
2872,804
2873,705
2874,881
2875,481
2876,937
2877,697
2878,725
2879,490
2880,411
2881,336
2882,450
2883,525
2884,736
2885,407
2886,923
2887,564
2888,722
2889,616
2890,986
2891,632
2892,526
2893,468
2894,866
2895,394
2896,568
2897,1061
2898,332
2899,673
2900,834
2901,303
2902,464
2903,483
2904,410
2905,619
2906,268
2907,675
2908,415
2909,561
2910,339
2911,309
2912,945
2913,659
2914,1179
2915,247
2916,775
2917,487
2918,540
2919,426
2920,435
2921,434
2922,904
2923,630
2924,609
2925,517
2926,456
2927,379
2928,876
2929,614
2930,868
2931,409
2932,758
2933,328
2934,744
2935,387
2936,527
2937,354
2938,661
2939,686
2940,547
2941,384
2942,608
2943,461
2944,704
2945,1195
2946,614
2947,721
2948,410
2949,578
2950,1976
2951,593
2952,711
2953,616
2954,617
2955,336
2956,501
2957,441
2958,548
2959,1215
2960,392
2961,652
2962,720
2963,636
2964,625
2965,728
2966,566
2967,760
2968,760
2969,457
2970,525
2971,444
2972,629
2973,480
2974,415
2975,473
2976,443
2977,659
2978,609
2979,295
2980,1213
2981,616
2982,633
2983,731
2984,821
2985,311
2986,607
2987,865
2988,573
2989,407
2990,1024
2991,1494
2992,525
2993,466
2994,438
2995,397
2996,798
2997,522
2998,386
2999,623
3000,496
3001,596
3002,854
3003,985
3004,749
3005,773
3006,418
3007,471
3008,696
3009,362
3010,403
3011,899
3012,852
3013,750
3014,402
3015,655
3016,680
3017,862
3018,1287
3019,574
3020,632
3021,738
3022,391
3023,974
3024,501
3025,845
3026,506
3027,737
3028,580
3029,650
3030,697
3031,414
3032,205
3033,450
3034,573
3035,536
3036,735
3037,668
3038,631
3039,715
3040,326
3041,506
3042,364
3043,372
3044,506
3045,708
3046,567
3047,512
3048,932
3049,809
3050,475
3051,1146
3052,500
3053,511
3054,714
3055,865
3056,592
3057,383
3058,442
3059,275
3060,1166
3061,249
3062,735
3063,486
3064,470
3065,343
3066,529
3067,473
3068,733
3069,439
3070,872
3071,706
3072,413
3073,700
3074,525
3075,460
3076,399
3077,310
3078,634
3079,596
3080,408
3081,649
3082,647
3083,665
3084,535
3085,405
3086,548
3087,640
3088,1216
3089,646
3090,1013
3091,731
3092,760
3093,702
3094,504
3095,432
3096,299
3097,705
3098,1408
3099,253
3100,504
3101,1181
3102,791
3103,736
3104,322
3105,669
3106,569
3107,405
3108,582
3109,577
3110,1158
3111,509
3112,710
3113,356
3114,416
3115,500
3116,498
3117,718
3118,611
3119,598
3120,445
3121,879
3122,521
3123,573
3124,300
3125,433
3126,771
3127,508
3128,759
3129,681
3130,653
3131,793
3132,779
3133,1034
3134,685
3135,660
3136,423
3137,727
3138,559
3139,802
3140,615
3141,759
3142,434
3143,663
3144,292
3145,448
3146,410
3147,343
3148,363
3149,484
3150,586
3151,397
3152,528
3153,666
3154,408
3155,500
3156,461
3157,715
3158,647
3159,634
3160,469
3161,490
3162,550
3163,347
3164,566
3165,469
3166,423
3167,1043
3168,477
3169,1006
3170,574
3171,596
3172,688
3173,671
3174,655
3175,656
3176,509
3177,872
3178,709
3179,586
3180,690
3181,536
3182,577
3183,654
3184,456
3185,630
3186,684
3187,434
3188,408
3189,426
3190,489
3191,638
3192,936
3193,509
3194,741
3195,492
3196,1070
3197,378
3198,749
3199,460
3200,805
3201,1014
3202,1098
3203,377
3204,727
3205,727
3206,972
3207,553
3208,352
3209,448
3210,244
3211,764
3212,473
3213,500
3214,356
3215,682
3216,625
3217,401
3218,515
3219,232
3220,582
3221,879
3222,592
3223,511
3224,813
3225,637
3226,626
3227,451
3228,647
3229,443
3230,585
3231,542
3232,463
3233,311
3234,325
3235,634
3236,685
3237,564
3238,484
3239,687
3240,619
3241,556
3242,752
3243,643
3244,616
3245,550
3246,827
3247,799
3248,616
3249,661
3250,715
3251,904
3252,462
3253,465
3254,1021
3255,1142
3256,771
3257,538
3258,648
3259,675
3260,596
3261,888
3262,1032
3263,747
3264,374
3265,396
3266,519
3267,956
3268,548
3269,601
3270,439
3271,615
3272,775
3273,558
3274,477
3275,443
3276,428
3277,425
3278,366
3279,809
3280,587
3281,402
3282,494
3283,762
3284,477
3285,1139
3286,618
3287,753
3288,386
3289,431
3290,480
3291,639
3292,700
3293,528
3294,1027
3295,414
3296,401
3297,718
3298,623
3299,552
3300,430
3301,881
3302,982
3303,1042
3304,908
3305,816
3306,600
3307,754
3308,749
3309,712
3310,710
3311,506
3312,766
3313,531
3314,371
3315,790
3316,903
3317,462
3318,527
3319,372
3320,452
3321,905
3322,470
3323,955
3324,380
3325,556
3326,1103
3327,397
3328,387
3329,373
3330,701
3331,545
3332,588
3333,727
3334,521
3335,288
3336,330
3337,594
3338,590
3339,530
3340,1095
3341,394
3342,824
3343,407
3344,385
3345,294
3346,431
3347,642
3348,1030
3349,367
3350,532
3351,513
3352,543
3353,548
3354,518
3355,423
3356,555
3357,613
3358,527
3359,537
3360,424
3361,717
3362,517
3363,595
3364,1331
3365,481
3366,703
3367,678
3368,439
3369,476
3370,558
3371,394
3372,280
3373,785
3374,448
3375,480
3376,340
3377,1149
3378,398
3379,483
3380,445
3381,679
3382,829
3383,362
3384,1041
3385,551
3386,451
3387,681
3388,667
3389,759
3390,713
3391,503
3392,599
3393,381
3394,435
3395,549
3396,743
3397,530
3398,828
3399,520
3400,675
3401,391
3402,603
3403,472
3404,504
3405,683
3406,590
3407,431
3408,503
3409,742
3410,648
3411,934
3412,773
3413,487
3414,980
3415,555
3416,505
3417,479
3418,591
3419,954
3420,680
3421,440
3422,599
3423,530
3424,416
3425,437
3426,570
3427,630
3428,419
3429,604
3430,472
3431,734
3432,621
3433,472
3434,705
3435,605
3436,545
3437,539
3438,678
3439,603
3440,407
3441,548
3442,388
3443,561
3444,528
3445,851
3446,953
3447,306
3448,564
3449,492
3450,5411
3451,677
3452,340
3453,441
3454,532
3455,564
3456,504
3457,537
3458,476
3459,610
3460,796
3461,939
3462,502
3463,498
3464,518
3465,495
3466,529
3467,512
3468,1043
3469,1007
3470,598
3471,885
3472,506
3473,405
3474,449
3475,846
3476,608
3477,300
3478,876
3479,758
3480,798
3481,344
3482,525
3483,362
3484,511
3485,541
3486,591
3487,413
3488,385
3489,843
3490,598
3491,439
3492,982
3493,551
3494,513
3495,397
3496,863
3497,528
3498,422
3499,649
3500,580
3501,439
3502,309
3503,434
3504,817
3505,589
3506,1214
3507,791
3508,601
3509,765
3510,397
3511,632
3512,408
3513,401
3514,380
3515,623
3516,555
3517,542
3518,777
3519,429
3520,260
3521,909
3522,577
3523,999
3524,550
3525,498
3526,956
3527,549
3528,325
3529,860
3530,663
3531,1231
3532,312
3533,620
3534,451
3535,431
3536,462
3537,266
3538,570
3539,885
3540,833
3541,555
3542,568
3543,435
3544,566
3545,589
3546,736
3547,371
3548,756
3549,720
3550,494
3551,387
3552,614
3553,584
3554,603
3555,779
3556,867
3557,569
3558,669
3559,748
3560,565
3561,682
3562,648
3563,465
3564,521
3565,799
3566,811
3567,1012
3568,610
3569,654
3570,415
3571,522
3572,656
3573,686
3574,464
3575,459
3576,488
3577,526
3578,665
3579,441
3580,549
3581,375
3582,382
3583,321
3584,521
3585,606
3586,707
3587,528
3588,818
3589,324
3590,498
3591,614
3592,279
3593,714
3594,450
3595,787
3596,706
3597,383
3598,655
3599,536
3600,562
3601,325
3602,568
3603,535
3604,510
3605,484
3606,386
3607,486
3608,560
3609,670
3610,448
3611,279
3612,778
3613,769
3614,1098
3615,509
3616,365
3617,346
3618,374
3619,540
3620,624
3621,526
3622,812
3623,443
3624,730
3625,394
3626,718
3627,601
3628,719
3629,395
3630,474
3631,682
3632,543
3633,1157
3634,436
3635,596
3636,481
3637,351
3638,877
3639,565
3640,410
3641,585
3642,379
3643,958
3644,565
3645,509
3646,447
3647,605
3648,601
3649,511
3650,298
3651,400
3652,422
3653,627
3654,881
3655,467
3656,372
3657,493
3658,703
3659,435
3660,567
3661,441
3662,694
3663,822
3664,534
3665,506
3666,750
3667,486
3668,912
3669,536
3670,1562
3671,549
3672,706
3673,572
3674,613
3675,562
3676,513
3677,910
3678,607
3679,477
3680,328
3681,398
3682,1545
3683,494
3684,438
3685,635
3686,809
3687,447
3688,374
3689,378
3690,635
3691,443
3692,430
3693,682
3694,465
3695,550
3696,408
3697,300
3698,321
3699,497
3700,702
3701,550
3702,420
3703,971
3704,651
3705,498
3706,896
3707,520
3708,564
3709,833
3710,588
3711,449
3712,852
3713,668
3714,783
3715,819
3716,390
3717,401
3718,741
3719,669
3720,593
3721,1049
3722,588
3723,294
3724,473
3725,489
3726,361
3727,663
3728,511
3729,737
3730,565
3731,876
3732,715
3733,1085
3734,742
3735,672
3736,432
3737,562
3738,377
3739,597
3740,573
3741,555
3742,720
3743,431
3744,493
3745,497
3746,574
3747,573
3748,407
3749,521
3750,722
3751,413
3752,817
3753,727
3754,383
3755,403
3756,487
3757,437
3758,564
3759,558
3760,467
3761,725
3762,478
3763,611
3764,578
3765,406
3766,440
3767,729
3768,731
3769,333
3770,497
3771,833
3772,562
3773,865
3774,342
3775,607
3776,728
3777,562
3778,782
3779,683
3780,432
3781,1125
3782,715
3783,486
3784,753
3785,405
3786,642
3787,869
3788,330
3789,478
3790,760
3791,592
3792,641
3793,635
3794,383
3795,645
3796,688
3797,551
3798,674
3799,633
3800,1014
3801,284
3802,719
3803,556
3804,429
3805,416
3806,478
3807,355
3808,585
3809,563
3810,512
3811,1031
3812,1014
3813,368
3814,833
3815,583
3816,313
3817,458
3818,503
3819,673
3820,779
3821,649
3822,678
3823,380
3824,489
3825,1081
3826,549
3827,447
3828,471
3829,646
3830,545
3831,337
3832,752
3833,389
3834,590
3835,822
3836,418
3837,661
3838,465
3839,471
3840,653
3841,561
3842,527
3843,967
3844,481
3845,596
3846,956
3847,702
3848,932
3849,577
3850,764
3851,536
3852,555
3853,734
3854,858
3855,500
3856,472
3857,486
3858,493
3859,469
3860,333
3861,425
3862,512
3863,579
3864,808
3865,901
3866,425
3867,790
3868,346
3869,461
3870,358
3871,489
3872,424
3873,524
3874,499
3875,615
3876,398
3877,546
3878,386
3879,435
3880,708
3881,444
3882,322
3883,773
3884,594
3885,599
3886,586
3887,361
3888,449
3889,1403
3890,520
3891,615
3892,853
3893,619
3894,452
3895,413
3896,430
3897,332
3898,458
3899,921
3900,362
3901,527
3902,500
3903,505
3904,512
3905,612
3906,335
3907,678
3908,513
3909,470
3910,403
3911,629
3912,593
3913,543
3914,503
3915,448
3916,711
3917,550
3918,411
3919,396
3920,681
3921,457
3922,590
3923,1311
3924,427
3925,684
3926,590
3927,747
3928,441
3929,488
3930,394
3931,451
3932,1076
3933,518
3934,500
3935,590
3936,319
3937,403
3938,1001
3939,348
3940,908
3941,2314
3942,537
3943,247
3944,291
3945,466
3946,488
3947,400
3948,604
3949,411
3950,598
3951,784
3952,900
3953,532
3954,370
3955,907
3956,414
3957,743
3958,985
3959,717
3960,723
3961,528
3962,1032
3963,656
3964,680
3965,653
3966,681
3967,816
3968,542
3969,813
3970,451
3971,613
3972,598
3973,795
3974,549
3975,326
3976,660
3977,334
3978,1231
3979,1455
3980,925
3981,487
3982,631
3983,827
3984,748
3985,852
3986,818
3987,479
3988,477
3989,333
3990,499
3991,697
3992,395
3993,835
3994,527
3995,414
3996,819
3997,676
3998,424
3999,342
4000,302
4001,405
4002,277
4003,839
4004,827
4005,1164
4006,338
4007,620
4008,987
4009,761
4010,430
4011,483
4012,882
4013,543
4014,633
4015,291
4016,614
4017,672
4018,443
4019,589
4020,446
4021,465
4022,1057
4023,556
4024,882
4025,572
4026,359
4027,702
4028,736
4029,485
4030,476
4031,534
4032,442
4033,511
4034,467
4035,583
4036,492
4037,547
4038,493
4039,539
4040,441
4041,480
4042,601
4043,883
4044,608
4045,396
4046,571
4047,936
4048,765
4049,396
4050,550
4051,795
4052,442
4053,494
4054,894
4055,461
4056,853
4057,528
4058,569
4059,483
4060,631
4061,668
4062,453
4063,1302
4064,573
4065,305
4066,529
4067,651
4068,462
4069,713
4070,857
4071,561
4072,420
4073,391
4074,1036
4075,400
4076,449
4077,995
4078,587
4079,505
4080,627
4081,397
4082,503
4083,274
4084,718
4085,393
4086,532
4087,523
4088,791
4089,507
4090,1006
4091,560
4092,472
4093,534
4094,464
4095,659
