0,35
1,52
2,38
3,25
4,29
5,24
6,25
7,19
8,23
9,33
10,27
11,30
12,19
13,51
14,59
15,43
16,33
17,33
18,24
19,18
20,14
21,18
22,77
23,16
24,13
25,34
26,51
27,68
28,21
29,37
30,24
31,44
32,41
33,34
34,21
35,25
36,48
37,29
38,40
39,46
40,41
41,22
42,19
43,32
44,45
45,35
46,48
47,30
48,38
49,25
50,16
51,35
52,19
53,21
54,23
55,42
56,18
57,57
58,36
59,25
60,26
61,36
62,47
63,21
64,44
65,23
66,32
67,34
68,36
69,24
70,21
71,24
72,43
73,27
74,25
75,48
76,27
77,26
78,34
79,25
80,60
81,28
82,22
83,40
84,37
85,64
86,18
87,28
88,18
89,48
90,21
91,18
92,27
93,39
94,20
95,35
96,35
97,30
98,27
99,17
100,35
101,43
102,50
103,21
104,23
105,47
106,25
107,30
108,28
109,22
110,45
111,52
112,16
113,28
114,23
115,41
116,24
117,22
118,38
119,26
120,31
121,34
122,27
123,18
124,33
125,18
126,16
127,28
128,21
129,33
130,28
131,25
132,28
133,40
134,28
135,65
136,21
137,55
138,46
139,49
140,75
141,21
142,27
143,38
144,61
145,26
146,52
147,31
148,47
149,43
150,38
151,29
152,47
153,29
154,36
155,14
156,28
157,28
158,47
159,24
160,43
161,18
162,20
163,37
164,48
165,34
166,23
167,34
168,49
169,24
170,26
171,36
172,41
173,56
174,35
175,19
176,29
177,26
178,26
179,20
180,41
181,21
182,33
183,30
184,36
185,34
186,57
187,28
188,26
189,34
190,36
191,42
192,28
193,45
194,24
195,20
196,21
197,23
198,33
199,34
200,43
201,19
202,28
203,30
204,51
205,44
206,16
207,45
208,28
209,29
210,28
211,53
212,57
213,18
214,37
215,35
216,32
217,36
218,18
219,46
220,25
221,15
222,15
223,46
224,36
225,56
226,31
227,31
228,22
229,26
230,28
231,33
232,45
233,33
234,28
235,32
236,16
237,56
238,31
239,24
240,20
241,29
242,42
243,37
244,32
245,43
246,40
247,46
248,17
249,20
250,25
251,39
252,40
253,35
254,39
255,43
256,61
257,35
258,28
259,49
260,35
261,25
262,19
263,31
264,39
265,24
266,23
267,60
268,28
269,35
270,19
271,33
272,48
273,25
274,44
275,44
276,49
277,31
278,50
279,60
280,63
281,36
282,33
283,41
284,40
285,37
286,27
287,58
288,20
289,42
290,25
291,17
292,22
293,19
294,28
295,59
296,35
297,21
298,17
299,32
300,30
301,51
302,29
303,22
304,49
305,24
306,33
307,30
308,25
309,32
310,35
311,39
312,33
313,18
314,44
315,47
316,27
317,40
318,14
319,45
320,28
321,31
322,25
323,22
324,35
325,50
326,34
327,27
328,15
329,29
330,24
331,42
332,30
333,34
334,48
335,48
336,46
337,30
338,27
339,42
340,45
341,31
342,36
343,32
344,18
345,17
346,32
347,34
348,46
349,36
350,26
351,39
352,51
353,17
354,37
355,41
356,13
357,36
358,18
359,22
360,36
361,30
362,33
363,44
364,26
365,35
366,20
367,43
368,45
369,26
370,20
371,39
372,25
373,43
374,43
375,25
376,21
377,38
378,40
379,57
380,38
381,28
382,34
383,66
384,26
385,24
386,16
387,22
388,32
389,22
390,43
391,39
392,18
393,19
394,40
395,41
396,21
397,20
398,25
399,31
400,52
401,39
402,20
403,35
404,36
405,46
406,20
407,41
408,45
409,14
410,47
411,19
412,23
413,31
414,16
415,26
416,21
417,67
418,21
419,21
420,24
421,42
422,80
423,62
424,36
425,61
426,13
427,30
428,35
429,43
430,21
431,21
432,38
433,35
434,41
435,23
436,19
437,17
438,80
439,35
440,41
441,27
442,23
443,34
444,34
445,22
446,65
447,43
448,33
449,48
450,28
451,31
452,33
453,26
454,29
455,40
456,27
457,13
458,28
459,27
460,16
461,66
462,31
463,25
464,38
465,41
466,26
467,45
468,28
469,30
470,17
471,40
472,46
473,29
474,31
475,35
476,32
477,35
478,42
479,16
480,17
481,67
482,40
483,56
484,33
485,28
486,19
487,42
488,43
489,15
490,44
491,30
492,31
493,37
494,46
495,16
496,20
497,38
498,18
499,23
500,52
501,25
502,44
503,27
504,51
505,20
506,33
507,33
508,40
509,32
510,26
511,23
512,19
513,19
514,41
515,62
516,45
517,24
518,27
519,36
520,25
521,33
522,13
523,27
524,25
525,110
526,13
527,21
528,40
529,142
530,46
531,35
532,36
533,41
534,52
535,41
536,33
537,27
538,36
539,19
540,52
541,40
542,42
543,17
544,21
545,19
546,19
547,33
548,33
549,36
550,47
551,26
552,17
553,45
554,24
555,38
556,28
557,23
558,32
559,18
560,28
561,33
562,41
563,60
564,23
565,39
566,38
567,32
568,27
569,37
570,21
571,31
572,39
573,29
574,29
575,23
576,37
577,36
578,45
579,33
580,32
581,31
582,42
583,37
584,31
585,47
586,25
587,35
588,48
589,40
590,26
591,36
592,87
593,22
594,31
595,31
596,25
597,36
598,22
599,30
600,29
601,24
602,16
603,21
604,67
605,29
606,34
607,19
608,42
609,24
610,39
611,45
612,29
613,35
614,25
615,19
616,22
617,33
618,35
619,36
620,30
621,48
622,17
623,33
624,43
625,19
626,40
627,33
628,34
629,58
630,58
631,24
632,26
633,23
634,38
635,20
636,18
637,64
638,43
639,25
640,23
641,41
642,22
643,30
644,22
645,51
646,33
647,12
648,24
649,42
650,40
651,30
652,23
653,49
654,37
655,32
656,37
657,50
658,37
659,15
660,81
661,35
662,22
663,35
664,44
665,30
666,37
667,43
668,26
669,28
670,40
671,41
672,49
673,38
674,41
675,36
676,40
677,50
678,41
679,27
680,18
681,34
682,24
683,56
684,24
685,44
686,44
687,46
688,39
689,20
690,19
691,50
692,29
693,42
694,22
695,38
696,40
697,34
698,20
699,39
700,42
701,35
702,27
703,25
704,39
705,28
706,53
707,30
708,26
709,23
710,35
711,51
712,22
713,30
714,19
715,27
716,60
717,32
718,41
719,43
720,44
721,29
722,39
723,20
724,16
725,38
726,16
727,38
728,35
729,27
730,38
731,66
732,33
733,51
734,33
735,29
736,41
737,26
738,37
739,31
740,27
741,17
742,27
743,33
744,13
745,30
746,23
747,48
748,44
749,35
750,39
751,21
752,29
753,26
754,20
755,32
756,37
757,42
758,30
759,54
760,48
761,49
762,45
763,21
764,32
765,56
766,41
767,28
768,55
769,30
770,54
771,32
772,25
773,22
774,20
775,30
776,27
777,41
778,31
779,35
780,34
781,39
782,35
783,36
784,40
785,43
786,40
787,25
788,44
789,60
790,24
791,13
792,32
793,26
794,32
795,46
796,40
797,33
798,34
799,30
800,43
801,15
802,35
803,16
804,72
805,44
806,19
807,35
808,34
809,26
810,23
811,19
812,26
813,56
814,65
815,54
816,24
817,45
818,32
819,33
820,32
821,18
822,52
823,28
824,49
825,23
826,13
827,33
828,55
829,16
830,29
831,38
832,17
833,46
834,35
835,24
836,24
837,36
838,35
839,42
840,27
841,29
842,39
843,21
844,37
845,32
846,18
847,39
848,13
849,35
850,44
851,29
852,20
853,48
854,44
855,52
856,33
857,22
858,30
859,30
860,21
861,45
862,39
863,30
864,15
865,34
866,45
867,23
868,41
869,37
870,31
871,29
872,24
873,29
874,58
875,35
876,21
877,19
878,39
879,26
880,27
881,30
882,52
883,31
884,26
885,26
886,25
887,20
888,38
889,13
890,45
891,41
892,39
893,17
894,25
895,25
896,37
897,44
898,32
899,28
900,36
901,38
902,30
903,30
904,21
905,21
906,47
907,17
908,21
909,22
910,54
911,46
912,58
913,44
914,43
915,18
916,38
917,24
918,41
919,23
920,30
921,18
922,38
923,39
924,16
925,38
926,27
927,41
928,18
929,35
930,17
931,31
932,41
933,20
934,26
935,28
936,46
937,19
938,61
939,33
940,49
941,30
942,29
943,43
944,44
945,43
946,32
947,36
948,48
949,21
950,20
951,23
952,26
953,43
954,13
955,46
956,19
957,28
958,62
959,29
960,13
961,40
962,26
963,15
964,34
965,22
966,44
967,41
968,27
969,33
970,31
971,26
972,27
973,42
974,34
975,43
976,50
977,38
978,20
979,25
980,31
981,29
982,27
983,37
984,26
985,33
986,33
987,16
988,29
989,34
990,43
991,32
992,42
993,73
994,26
995,24
996,49
997,44
998,17
999,18
1000,18
1001,42
1002,41
1003,24
1004,56
1005,30
1006,50
1007,42
1008,44
1009,37
1010,57
1011,37
1012,31
1013,40
1014,20
1015,28
1016,58
1017,42
1018,19
1019,40
1020,28
1021,20
1022,53
1023,12
1024,31
1025,34
1026,25
1027,44
1028,22
1029,30
1030,47
1031,25
1032,40
1033,45
1034,66
1035,34
1036,42
1037,32
1038,39
1039,41
1040,22
1041,48
1042,40
1043,32
1044,48
1045,31
1046,23
1047,29
1048,17
1049,67
1050,29
1051,42
1052,36
1053,17
1054,45
1055,33
1056,43
1057,38
1058,19
1059,33
1060,51
1061,47
1062,37
1063,55
1064,32
1065,31
1066,18
1067,47
1068,29
1069,16
1070,13
1071,31
1072,25
1073,27
1074,27
1075,39
1076,32
1077,15
1078,34
1079,46
1080,52
1081,34
1082,19
1083,24
1084,33
1085,51
1086,29
1087,21
1088,29
1089,44
1090,41
1091,43
1092,38
1093,31
1094,23
1095,30
1096,41
1097,33
1098,50
1099,26
1100,48
1101,42
1102,90
1103,44
1104,17
1105,18
1106,18
1107,50
1108,35
1109,22
1110,29
1111,14
1112,43
1113,34
1114,28
1115,26
1116,31
1117,23
1118,61
1119,28
1120,54
1121,36
1122,58
1123,22
1124,47
1125,35
1126,34
1127,19
1128,25
1129,59
1130,25
1131,23
1132,16
1133,37
1134,39
1135,28
1136,20
1137,29
1138,34
1139,24
1140,36
1141,23
1142,33
1143,30
1144,49
1145,25
1146,16
1147,36
1148,36
1149,22
1150,24
1151,29
1152,27
1153,20
1154,14
1155,62
1156,35
1157,20
1158,27
1159,30
1160,36
1161,41
1162,30
1163,31
1164,27
1165,37
1166,17
1167,21
1168,28
1169,16
1170,29
1171,57
1172,26
1173,35
1174,17
1175,33
1176,46
1177,33
1178,28
1179,37
1180,59
1181,27
1182,37
1183,28
1184,18
1185,29
1186,47
1187,42
1188,24
1189,23
1190,29
1191,24
1192,27
1193,24
1194,45
1195,40
1196,40
1197,27
1198,24
1199,36
1200,44
1201,38
1202,16
1203,30
1204,16
1205,23
1206,32
1207,49
1208,19
1209,49
1210,48
1211,55
1212,42
1213,35
1214,38
1215,53
1216,27
1217,32
1218,41
1219,19
1220,25
1221,87
1222,43
1223,35
1224,25
1225,73
1226,46
1227,47
1228,20
1229,22
1230,36
1231,34
1232,49
1233,35
1234,46
1235,45
1236,37
1237,55
1238,42
1239,64
1240,24
1241,27
1242,28
1243,27
1244,24
1245,24
1246,62
1247,28
1248,26
1249,30
1250,36
1251,32
1252,28
1253,18
1254,37
1255,50
1256,29
1257,52
1258,26
1259,24
1260,33
1261,39
1262,25
1263,45
1264,46
1265,45
1266,21
1267,29
1268,24
1269,48
1270,30
1271,31
1272,50
1273,32
1274,14
1275,59
1276,21
1277,49
1278,41
1279,17
1280,39
1281,47
1282,30
1283,34
1284,35
1285,33
1286,42
1287,41
1288,34
1289,27
1290,36
1291,18
1292,38
1293,29
1294,16
1295,35
1296,22
1297,25
1298,27
1299,26
1300,40
1301,42
1302,28
1303,54
1304,39
1305,33
1306,21
1307,33
1308,28
1309,28
1310,41
1311,29
1312,26
1313,47
1314,14
1315,27
1316,38
1317,64
1318,41
1319,31
1320,30
1321,33
1322,23
1323,21
1324,52
1325,36
1326,26
1327,36
1328,31
1329,34
1330,36
1331,36
1332,67
1333,29
1334,46
1335,17
1336,37
1337,36
1338,37
1339,52
1340,56
1341,26
1342,20
1343,24
1344,36
1345,52
1346,59
1347,27
1348,31
1349,47
1350,39
1351,45
1352,40
1353,38
1354,41
1355,17
1356,28
1357,33
1358,32
1359,21
1360,19
1361,63
1362,24
1363,38
1364,40
1365,47
1366,16
1367,40
1368,48
1369,17
1370,28
1371,23
1372,31
1373,39
1374,29
1375,64
1376,45
1377,35
1378,30
1379,39
1380,22
1381,20
1382,27
1383,63
1384,38
1385,33
1386,26
1387,43
1388,26
1389,14
1390,37
1391,33
1392,45
1393,34
1394,40
1395,41
1396,41
1397,15
1398,30
1399,23
1400,30
1401,47
1402,57
1403,41
1404,35
1405,34
1406,34
1407,21
1408,43
1409,22
1410,29
1411,35
1412,48
1413,15
1414,34
1415,36
1416,34
1417,26
1418,19
1419,24
1420,41
1421,40
1422,45
1423,43
1424,26
1425,50
1426,16
1427,29
1428,37
1429,20
1430,49
1431,28
1432,46
1433,33
1434,31
1435,47
1436,50
1437,42
1438,49
1439,28
1440,35
1441,47
1442,63
1443,29
1444,32
1445,36
1446,17
1447,40
1448,18
1449,43
1450,18
1451,41
1452,25
1453,34
1454,37
1455,38
1456,46
1457,29
1458,35
1459,35
1460,41
1461,28
1462,12
1463,21
1464,32
1465,28
1466,43
1467,36
1468,18
1469,24
1470,22
1471,11
1472,16
1473,25
1474,24
1475,55
1476,73
1477,21
1478,16
1479,41
1480,26
1481,33
1482,30
1483,32
1484,24
1485,23
1486,50
1487,35
1488,25
1489,29
1490,35
1491,48
1492,33
1493,20
1494,36
1495,40
1496,25
1497,32
1498,45
1499,24
1500,36
1501,39
1502,41
1503,39
1504,42
1505,75
1506,30
1507,18
1508,115
1509,47
1510,44
1511,46
1512,17
1513,60
1514,36
1515,21
1516,38
1517,49
1518,11
1519,40
1520,50
1521,45
1522,20
1523,37
1524,33
1525,33
1526,37
1527,23
1528,51
1529,37
1530,23
1531,17
1532,28
1533,36
1534,58
1535,31
1536,19
1537,49
1538,37
1539,31
1540,47
1541,47
1542,32
1543,37
1544,21
1545,28
1546,34
1547,39
1548,24
1549,38
1550,28
1551,31
1552,32
1553,33
1554,25
1555,24
1556,16
1557,16
1558,18
1559,30
1560,44
1561,46
1562,22
1563,26
1564,36
1565,12
1566,41
1567,33
1568,38
1569,41
1570,41
1571,37
1572,41
1573,26
1574,34
1575,25
1576,21
1577,30
1578,30
1579,36
1580,31
1581,25
1582,52
1583,29
1584,37
1585,27
1586,37
1587,18
1588,54
1589,32
1590,51
1591,25
1592,25
1593,61
1594,36
1595,26
1596,44
1597,20
1598,26
1599,39
1600,19
1601,26
1602,27
1603,25
1604,54
1605,25
1606,33
1607,39
1608,43
1609,36
1610,22
1611,41
1612,35
1613,38
1614,35
1615,28
1616,38
1617,35
1618,26
1619,32
1620,41
1621,64
1622,28
1623,21
1624,31
1625,33
1626,40
1627,25
1628,28
1629,18
1630,22
1631,17
1632,19
1633,19
1634,37
1635,28
1636,45
1637,29
1638,27
1639,28
1640,27
1641,27
1642,19
1643,33
1644,17
1645,47
1646,25
1647,31
1648,24
1649,27
1650,32
1651,62
1652,31
1653,35
1654,22
1655,21
1656,45
1657,60
1658,22
1659,45
1660,28
1661,22
1662,38
1663,37
1664,14
1665,25
1666,22
1667,28
1668,19
1669,20
1670,22
1671,30
1672,24
1673,23
1674,41
1675,50
1676,30
1677,35
1678,46
1679,11
1680,49
1681,41
1682,46
1683,36
1684,36
1685,29
1686,40
1687,28
1688,23
1689,32
1690,30
1691,25
1692,23
1693,34
1694,38
1695,21
1696,32
1697,28
1698,41
1699,35
1700,33
1701,27
1702,36
1703,26
1704,48
1705,40
1706,44
1707,28
1708,31
1709,50
1710,26
1711,19
1712,34
1713,42
1714,39
1715,33
1716,33
1717,50
1718,28
1719,34
1720,23
1721,20
1722,33
1723,120
1724,19
1725,26
1726,38
1727,43
1728,34
1729,31
1730,66
1731,43
1732,16
1733,32
1734,33
1735,41
1736,33
1737,27
1738,30
1739,25
1740,33
1741,24
1742,38
1743,25
1744,47
1745,31
1746,17
1747,55
1748,49
1749,50
1750,47
1751,34
1752,49
1753,38
1754,23
1755,35
1756,15
1757,24
1758,37
1759,25
1760,43
1761,35
1762,23
1763,43
1764,37
1765,33
1766,34
1767,27
1768,46
1769,17
1770,23
1771,35
1772,22
1773,36
1774,32
1775,23
1776,13
1777,41
1778,34
1779,30
1780,22
1781,28
1782,37
1783,38
1784,24
1785,43
1786,42
1787,17
1788,22
1789,42
1790,22
1791,38
1792,57
1793,29
1794,25
1795,31
1796,31
1797,43
1798,20
1799,31
1800,18
1801,35
1802,47
1803,46
1804,19
1805,46
1806,19
1807,84
1808,42
1809,36
1810,40
1811,47
1812,46
1813,22
1814,24
1815,45
1816,30
1817,32
1818,41
1819,25
1820,24
1821,24
1822,38
1823,32
1824,40
1825,29
1826,32
1827,22
1828,52
1829,33
1830,49
1831,37
1832,36
1833,26
1834,31
1835,38
1836,43
1837,28
1838,37
1839,30
1840,20
1841,37
1842,45
1843,58
1844,37
1845,25
1846,42
1847,53
1848,24
1849,45
1850,22
1851,23
1852,22
1853,28
1854,43
1855,18
1856,29
1857,28
1858,55
1859,33
1860,50
1861,29
1862,30
1863,39
1864,51
1865,43
1866,49
1867,33
1868,32
1869,45
1870,36
1871,26
1872,43
1873,24
1874,37
1875,36
1876,28
1877,22
1878,20
1879,34
1880,29
1881,25
1882,45
1883,33
1884,39
1885,21
1886,25
1887,30
1888,26
1889,62
1890,29
1891,27
1892,36
1893,18
1894,32
1895,24
1896,38
1897,32
1898,27
1899,41
1900,24
1901,25
1902,18
1903,48
1904,34
1905,64
1906,20
1907,28
1908,32
1909,38
1910,17
1911,51
1912,19
1913,36
1914,28
1915,50
1916,19
1917,57
1918,19
1919,28
1920,47
1921,20
1922,27
1923,23
1924,54
1925,26
1926,19
1927,24
1928,33
1929,46
1930,22
1931,45
1932,35
1933,38
1934,21
1935,17
1936,62
1937,13
1938,61
1939,26
1940,71
1941,15
1942,28
1943,37
1944,37
1945,20
1946,25
1947,35
1948,56
1949,43
1950,43
1951,23
1952,36
1953,20
1954,46
1955,19
1956,46
1957,27
1958,27
1959,38
1960,46
1961,29
1962,35
1963,54
1964,41
1965,47
1966,30
1967,46
1968,38
1969,50
1970,26
1971,35
1972,25
1973,19
1974,40
1975,29
1976,20
1977,36
1978,41
1979,41
1980,16
1981,36
1982,19
1983,30
1984,37
1985,39
1986,19
1987,37
1988,13
1989,32
1990,47
1991,49
1992,42
1993,42
1994,80
1995,31
1996,28
1997,19
1998,14
1999,19
2000,13
2001,35
2002,38
2003,34
2004,19
2005,13
2006,66
2007,37
2008,33
2009,24
2010,26
2011,33
2012,22
2013,23
2014,32
2015,60
2016,29
2017,43
2018,44
2019,35
2020,29
2021,19
2022,47
2023,39
2024,55
2025,16
2026,39
2027,41
2028,19
2029,48
2030,21
2031,21
2032,36
2033,28
2034,38
2035,45
2036,30
2037,41
2038,38
2039,52
2040,52
2041,16
2042,39
2043,27
2044,25
2045,61
2046,35
2047,31
2048,26
2049,13
2050,26
2051,32
2052,45
2053,44
2054,35
2055,28
2056,41
2057,9
2058,31
2059,22
2060,40
2061,35
2062,26
2063,34
2064,37
2065,48
2066,17
2067,63
2068,29
2069,19
2070,33
2071,27
2072,29
2073,55
2074,42
2075,16
2076,43
2077,29
2078,47
2079,19
2080,52
2081,42
2082,35
2083,33
2084,36
2085,32
2086,35
2087,42
2088,17
2089,26
2090,45
2091,22
2092,33
2093,19
2094,42
2095,51
2096,29
2097,30
2098,20
2099,24
2100,30
2101,27
2102,52
2103,31
2104,13
2105,39
2106,26
2107,30
2108,32
2109,47
2110,23
2111,20
2112,41
2113,28
2114,40
2115,51
2116,12
2117,26
2118,24
2119,31
2120,33
2121,11
2122,26
2123,33
2124,42
2125,30
2126,36
2127,29
2128,42
2129,38
2130,32
2131,20
2132,63
2133,28
2134,41
2135,29
2136,48
2137,36
2138,20
2139,42
2140,36
2141,20
2142,46
2143,44
2144,61
2145,46
2146,17
2147,43
2148,44
2149,36
2150,39
2151,46
2152,20
2153,28
2154,15
2155,79
2156,20
2157,46
2158,38
2159,31
2160,30
2161,30
2162,33
2163,33
2164,29
2165,31
2166,40
2167,43
2168,49
2169,32
2170,45
2171,48
2172,48
2173,22
2174,36
2175,32
2176,47
2177,43
2178,35
2179,30
2180,33
2181,31
2182,42
2183,33
2184,37
2185,45
2186,25
2187,32
2188,39
2189,20
2190,37
2191,55
2192,24
2193,26
2194,27
2195,42
2196,31
2197,43
2198,28
2199,55
2200,19
2201,44
2202,43
2203,17
2204,38
2205,37
2206,32
2207,46
2208,34
2209,54
2210,30
2211,18
2212,47
2213,32
2214,35
2215,21
2216,31
2217,48
2218,26
2219,39
2220,32
2221,51
2222,43
2223,43
2224,40
2225,51
2226,23
2227,24
2228,30
2229,57
2230,19
2231,25
2232,28
2233,25
2234,33
2235,44
2236,42
2237,30
2238,23
2239,47
2240,36
2241,30
2242,28
2243,24
2244,50
2245,28
2246,58
2247,31
2248,33
2249,29
2250,33
2251,11
2252,53
2253,49
2254,40
2255,75
2256,36
2257,35
2258,34
2259,90
2260,27
2261,30
2262,25
2263,23
2264,46
2265,43
2266,33
2267,25
2268,40
2269,16
2270,67
2271,37
2272,19
2273,36
2274,33
2275,29
2276,20
2277,51
2278,38
2279,39
2280,85
2281,50
2282,47
2283,23
2284,41
2285,42
2286,64
2287,37
2288,50
2289,29
2290,31
2291,63
2292,19
2293,17
2294,24
2295,19
2296,33
2297,34
2298,38
2299,37
2300,23
2301,58
2302,39
2303,27
2304,37
2305,54
2306,60
2307,50
2308,38
2309,13
2310,50
2311,15
2312,38
2313,29
2314,35
2315,34
2316,34
2317,44
2318,26
2319,17
2320,70
2321,24
2322,32
2323,46
2324,22
2325,56
2326,23
2327,20
2328,14
2329,34
2330,21
2331,46
2332,29
2333,12
2334,56
2335,33
2336,56
2337,39
2338,59
2339,19
2340,24
2341,49
2342,33
2343,38
2344,25
2345,21
2346,52
2347,46
2348,44
2349,36
2350,44
2351,20
2352,51
2353,58
2354,31
2355,32
2356,21
2357,46
2358,36
2359,29
2360,48
2361,62
2362,36
2363,25
2364,34
2365,18
2366,32
2367,26
2368,28
2369,24
2370,20
2371,22
2372,30
2373,19
2374,15
2375,25
2376,26
2377,33
2378,62
2379,28
2380,38
2381,13
2382,55
2383,16
2384,18
2385,50
2386,28
2387,35
2388,27
2389,33
2390,36
2391,33
2392,24
2393,62
2394,29
2395,46
2396,22
2397,27
2398,45
2399,26
2400,27
2401,41
2402,43
2403,42
2404,42
2405,69
2406,50
2407,21
2408,14
2409,22
2410,23
2411,35
2412,37
2413,24
2414,38
2415,36
2416,34
2417,24
2418,27
2419,35
2420,35
2421,40
2422,33
2423,66
2424,41
2425,20
2426,28
2427,51
2428,19
2429,34
2430,18
2431,24
2432,15
2433,32
2434,41
2435,30
2436,22
2437,19
2438,39
2439,34
2440,25
2441,35
2442,28
2443,40
2444,30
2445,25
2446,44
2447,42
2448,22
2449,45
2450,38
2451,44
2452,48
2453,31
2454,27
2455,24
2456,14
2457,51
2458,30
2459,27
2460,25
2461,18
2462,20
2463,31
2464,40
2465,29
2466,69
2467,26
2468,32
2469,34
2470,20
2471,35
2472,40
2473,28
2474,41
2475,42
2476,49
2477,44
2478,25
2479,23
2480,49
2481,52
2482,50
2483,16
2484,48
2485,53
2486,33
2487,47
2488,28
2489,14
2490,38
2491,26
2492,36
2493,44
2494,18
2495,39
2496,40
2497,13
2498,42
2499,32
2500,51
2501,32
2502,36
2503,38
2504,21
2505,41
2506,35
2507,49
2508,27
2509,20
2510,41
2511,55
2512,38
2513,20
2514,22
2515,39
2516,28
2517,20
2518,31
2519,57
2520,26
2521,29
2522,47
2523,25
2524,33
2525,33
2526,31
2527,39
2528,49
2529,57
2530,49
2531,40
2532,28
2533,30
2534,35
2535,44
2536,34
2537,40
2538,20
2539,42
2540,19
2541,25
2542,33
2543,44
2544,29
2545,31
2546,45
2547,31
2548,50
2549,27
2550,36
2551,35
2552,21
2553,17
2554,51
2555,22
2556,31
2557,27
2558,65
2559,65
2560,36
2561,43
2562,31
2563,32
2564,30
2565,46
2566,24
2567,26
2568,28
2569,23
2570,37
2571,44
2572,24
2573,11
2574,25
2575,44
2576,41
2577,32
2578,27
2579,39
2580,37
2581,17
2582,18
2583,45
2584,22
2585,37
2586,64
2587,27
2588,77
2589,26
2590,32
2591,32
2592,54
2593,18
2594,59
2595,37
2596,48
2597,58
2598,21
2599,40
2600,49
2601,21
2602,30
2603,33
2604,32
2605,34
2606,29
2607,26
2608,26
2609,23
2610,34
2611,12
2612,27
2613,24
2614,32
2615,18
2616,48
2617,58
2618,26
2619,26
2620,61
2621,40
2622,26
2623,34
2624,38
2625,47
2626,18
2627,40
2628,28
2629,22
2630,36
2631,48
2632,40
2633,14
2634,20
2635,48
2636,37
2637,52
2638,23
2639,18
2640,15
2641,42
2642,24
2643,39
2644,39
2645,30
2646,51
2647,47
2648,37
2649,48
2650,44
2651,31
2652,16
2653,47
2654,25
2655,39
2656,16
2657,14
2658,21
2659,40
2660,22
2661,31
2662,23
2663,12
2664,41
2665,15
2666,33
2667,15
2668,38
2669,42
2670,27
2671,22
2672,47
2673,25
2674,47
2675,30
2676,32
2677,28
2678,43
2679,36
2680,47
2681,30
2682,40
2683,20
2684,47
2685,26
2686,31
2687,32
2688,29
2689,49
2690,23
2691,50
2692,19
2693,41
2694,52
2695,43
2696,43
2697,18
2698,23
2699,33
2700,17
2701,40
2702,17
2703,24
2704,42
2705,50
2706,23
2707,42
2708,36
2709,15
2710,20
2711,48
2712,33
2713,25
2714,23
2715,33
2716,45
2717,41
2718,23
2719,37
2720,46
2721,48
2722,20
2723,29
2724,44
2725,32
2726,30
2727,30
2728,28
2729,27
2730,29
2731,25
2732,28
2733,36
2734,20
2735,20
2736,17
2737,19
2738,25
2739,35
2740,35
2741,41
2742,39
2743,35
2744,23
2745,37
2746,21
2747,47
2748,35
2749,50
2750,36
2751,20
2752,41
2753,33
2754,45
2755,30
2756,52
2757,62
2758,34
2759,33
2760,59
2761,43
2762,37
2763,30
2764,48
2765,15
2766,29
2767,26
2768,51
2769,23
2770,42
2771,38
2772,27
2773,28
2774,27
2775,38
2776,18
2777,35
2778,51
2779,23
2780,47
2781,38
2782,47
2783,19
2784,46
2785,36
2786,41
2787,45
2788,39
2789,24
2790,12
2791,16
2792,77
2793,23
2794,39
2795,33
2796,48
2797,22
2798,17
2799,29
2800,49
2801,31
2802,27
2803,23
2804,42
2805,23
2806,32
2807,23
2808,26
2809,25
2810,17
2811,35
2812,45
2813,27
2814,23
2815,38
2816,37
2817,43
2818,23
2819,28
2820,55
2821,28
2822,47
2823,36
2824,37
2825,23
2826,25
2827,27
2828,33
2829,27
2830,20
2831,26
2832,15
2833,23
2834,26
2835,33
2836,41
2837,61
2838,24
2839,33
2840,47
2841,42
2842,50
2843,18
2844,50
2845,31
2846,21
2847,35
2848,27
2849,72
2850,41
2851,27
2852,33
2853,44
2854,31
2855,17
2856,35
2857,21
2858,27
2859,37
2860,32
2861,24
2862,37
2863,22
2864,26
2865,32
2866,37
2867,17
2868,35
2869,39
2870,24
2871,45
2872,60
2873,42
2874,16
2875,31
2876,26
2877,17
2878,27
2879,26
2880,10
2881,36
2882,27
2883,52
2884,35
2885,31
2886,39
2887,31
2888,32
2889,23
2890,37
2891,30
2892,27
2893,26
2894,17
2895,27
2896,28
2897,43
2898,31
2899,39
2900,51
2901,37
2902,33
2903,33
2904,36
2905,23
2906,18
2907,20
2908,32
2909,18
2910,25
2911,33
2912,41
2913,40
2914,41
2915,34
2916,48
2917,46
2918,16
2919,20
2920,25
2921,20
2922,42
2923,36
2924,60
2925,28
2926,32
2927,46
2928,26
2929,37
2930,24
2931,32
2932,36
2933,33
2934,33
2935,17
2936,21
2937,43
2938,48
2939,34
2940,17
2941,18
2942,15
2943,49
2944,32
2945,25
2946,49
2947,47
2948,36
2949,28
2950,66
2951,17
2952,35
2953,22
2954,39
2955,30
2956,54
2957,24
2958,17
2959,39
2960,24
2961,30
2962,35
2963,29
2964,46
2965,29
2966,29
2967,45
2968,27
2969,51
2970,38
2971,25
2972,50
2973,36
2974,35
2975,27
2976,41
2977,30
2978,28
2979,46
2980,64
2981,32
2982,35
2983,39
2984,38
2985,26
2986,50
2987,18
2988,50
2989,19
2990,26
2991,58
2992,26
2993,35
2994,24
2995,31
2996,31
2997,18
2998,18
2999,60
3000,26
3001,22
3002,41
3003,46
3004,33
3005,19
3006,27
3007,32
3008,65
3009,24
3010,26
3011,13
3012,39
3013,42
3014,23
3015,38
3016,54
3017,51
3018,78
3019,27
3020,28
3021,44
3022,58
3023,46
3024,24
3025,39
3026,46
3027,48
3028,44
3029,23
3030,24
3031,22
3032,14
3033,13
3034,29
3035,15
3036,23
3037,26
3038,21
3039,23
3040,35
3041,36
3042,27
3043,44
3044,19
3045,34
3046,34
3047,48
3048,42
3049,36
3050,41
3051,39
3052,31
3053,24
3054,24
3055,29
3056,31
3057,21
3058,30
3059,21
3060,45
3061,51
3062,45
3063,17
3064,36
3065,19
3066,42
3067,19
3068,38
3069,38
3070,25
3071,22
3072,30
3073,27
3074,38
3075,47
3076,19
3077,50
3078,23
3079,29
3080,17
3081,60
3082,52
3083,36
3084,44
3085,45
3086,28
3087,27
3088,39
3089,34
3090,68
3091,30
3092,28
3093,30
3094,21
3095,22
3096,28
3097,24
3098,59
3099,19
3100,31
3101,45
3102,39
3103,54
3104,24
3105,37
3106,28
3107,37
3108,22
3109,36
3110,58
3111,28
3112,60
3113,38
3114,20
3115,25
3116,42
3117,26
3118,35
3119,30
3120,27
3121,65
3122,25
3123,28
3124,29
3125,32
3126,47
3127,17
3128,27
3129,48
3130,27
3131,19
3132,41
3133,53
3134,23
3135,33
3136,22
3137,45
3138,36
3139,37
3140,36
3141,21
3142,34
3143,24
3144,23
3145,32
3146,37
3147,27
3148,26
3149,27
3150,45
3151,30
3152,37
3153,62
3154,21
3155,26
3156,36
3157,20
3158,33
3159,41
3160,16
3161,54
3162,43
3163,52
3164,21
3165,37
3166,27
3167,34
3168,26
3169,29
3170,33
3171,52
3172,33
3173,41
3174,39
3175,35
3176,31
3177,39
3178,31
3179,30
3180,43
3181,36
3182,48
3183,49
3184,25
3185,26
3186,21
3187,32
3188,43
3189,15
3190,24
3191,28
3192,31
3193,20
3194,48
3195,26
3196,19
3197,25
3198,32
3199,47
3200,34
3201,47
3202,44
3203,19
3204,26
3205,38
3206,48
3207,42
3208,47
3209,44
3210,52
3211,47
3212,38
3213,35
3214,25
3215,29
3216,36
3217,25
3218,27
3219,25
3220,16
3221,37
3222,22
3223,19
3224,19
3225,32
3226,39
3227,40
3228,42
3229,19
3230,36
3231,55
3232,57
3233,21
3234,31
3235,47
3236,31
3237,42
3238,41
3239,29
3240,29
3241,14
3242,43
3243,28
3244,25
3245,34
3246,32
3247,21
3248,38
3249,43
3250,24
3251,42
3252,40
3253,17
3254,38
3255,42
3256,28
3257,20
3258,41
3259,20
3260,39
3261,48
3262,22
3263,33
3264,25
3265,39
3266,36
3267,54
3268,30
3269,27
3270,21
3271,27
3272,34
3273,47
3274,24
3275,34
3276,27
3277,22
3278,18
3279,28
3280,17
3281,35
3282,49
3283,53
3284,38
3285,51
3286,25
3287,56
3288,52
3289,24
3290,32
3291,43
3292,50
3293,25
3294,34
3295,18
3296,21
3297,37
3298,28
3299,27
3300,34
3301,32
3302,36
3303,32
3304,28
3305,28
3306,27
3307,23
3308,24
3309,45
3310,33
3311,31
3312,40
3313,20
3314,33
3315,31
3316,33
3317,32
3318,34
3319,18
3320,29
3321,38
3322,19
3323,39
3324,35
3325,44
3326,51
3327,47
3328,17
3329,13
3330,42
3331,32
3332,34
3333,16
3334,42
3335,31
3336,32
3337,39
3338,34
3339,26
3340,44
3341,38
3342,29
3343,43
3344,32
3345,39
3346,20
3347,29
3348,54
3349,18
3350,42
3351,15
3352,20
3353,17
3354,38
3355,21
3356,44
3357,50
3358,27
3359,30
3360,18
3361,42
3362,38
3363,21
3364,55
3365,38
3366,27
3367,32
3368,25
3369,50
3370,27
3371,42
3372,22
3373,56
3374,20
3375,44
3376,29
3377,37
3378,48
3379,18
3380,21
3381,34
3382,36
3383,22
3384,35
3385,41
3386,36
3387,40
3388,36
3389,13
3390,32
3391,24
3392,26
3393,14
3394,37
3395,40
3396,28
3397,43
3398,30
3399,26
3400,39
3401,34
3402,32
3403,42
3404,28
3405,27
3406,22
3407,20
3408,40
3409,44
3410,33
3411,40
3412,32
3413,19
3414,27
3415,19
3416,38
3417,13
3418,57
3419,38
3420,25
3421,29
3422,24
3423,39
3424,37
3425,40
3426,45
3427,35
3428,37
3429,29
3430,23
3431,54
3432,42
3433,21
3434,58
3435,41
3436,31
3437,25
3438,27
3439,43
3440,30
3441,45
3442,26
3443,55
3444,45
3445,56
3446,31
3447,19
3448,45
3449,24
3450,86
3451,34
3452,21
3453,27
3454,33
3455,21
3456,19
3457,39
3458,25
3459,20
3460,40
3461,14
3462,32
3463,34
3464,48
3465,16
3466,18
3467,31
3468,54
3469,36
3470,19
3471,52
3472,63
3473,27
3474,26
3475,42
3476,41
3477,24
3478,64
3479,34
3480,30
3481,48
3482,30
3483,22
3484,43
3485,22
3486,24
3487,20
3488,46
3489,27
3490,43
3491,38
3492,25
3493,37
3494,27
3495,25
3496,43
3497,49
3498,35
3499,21
3500,34
3501,42
3502,41
3503,33
3504,43
3505,26
3506,47
3507,18
3508,29
3509,52
3510,13
3511,22
3512,24
3513,15
3514,31
3515,48
3516,25
3517,33
3518,28
3519,28
3520,22
3521,18
3522,17
3523,31
3524,25
3525,36
3526,53
3527,71
3528,38
3529,38
3530,33
3531,45
3532,35
3533,34
3534,25
3535,21
3536,33
3537,20
3538,23
3539,22
3540,71
3541,28
3542,54
3543,21
3544,39
3545,39
3546,22
3547,42
3548,36
3549,48
3550,38
3551,21
3552,33
3553,44
3554,44
3555,26
3556,30
3557,61
3558,43
3559,23
3560,41
3561,26
3562,22
3563,38
3564,24
3565,49
3566,38
3567,35
3568,33
3569,65
3570,15
3571,31
3572,36
3573,23
3574,39
3575,26
3576,17
3577,38
3578,47
3579,32
3580,29
3581,23
3582,36
3583,14
3584,37
3585,39
3586,33
3587,12
3588,47
3589,27
3590,16
3591,35
3592,39
3593,36
3594,32
3595,47
3596,33
3597,40
3598,17
3599,23
3600,17
3601,28
3602,51
3603,46
3604,38
3605,21
3606,36
3607,34
3608,35
3609,25
3610,37
3611,29
3612,51
3613,71
3614,50
3615,31
3616,13
3617,39
3618,40
3619,20
3620,19
3621,54
3622,42
3623,35
3624,41
3625,19
3626,46
3627,43
3628,27
3629,27
3630,27
3631,16
3632,28
3633,27
3634,30
3635,35
3636,33
3637,22
3638,29
3639,23
3640,46
3641,45
3642,34
3643,61
3644,28
3645,36
3646,63
3647,25
3648,42
3649,43
3650,29
3651,31
3652,37
3653,29
3654,30
3655,27
3656,32
3657,53
3658,50
3659,46
3660,21
3661,26
3662,45
3663,41
3664,30
3665,19
3666,22
3667,28
3668,37
3669,27
3670,29
3671,34
3672,27
3673,37
3674,44
3675,42
3676,30
3677,43
3678,27
3679,34
3680,38
3681,28
3682,49
3683,26
3684,27
3685,30
3686,43
3687,58
3688,48
3689,21
3690,41
3691,19
3692,48
3693,38
3694,21
3695,35
3696,42
3697,23
3698,21
3699,21
3700,40
3701,36
3702,38
3703,28
3704,39
3705,29
3706,23
3707,47
3708,24
3709,38
3710,44
3711,32
3712,37
3713,31
3714,37
3715,44
3716,31
3717,35
3718,35
3719,22
3720,26
3721,32
3722,25
3723,34
3724,38
3725,50
3726,27
3727,38
3728,42
3729,53
3730,40
3731,42
3732,27
3733,46
3734,37
3735,37
3736,16
3737,35
3738,36
3739,30
3740,18
3741,47
3742,42
3743,29
3744,34
3745,23
3746,21
3747,26
3748,42
3749,49
3750,61
3751,25
3752,52
3753,37
3754,28
3755,37
3756,37
3757,51
3758,39
3759,36
3760,14
3761,25
3762,21
3763,21
3764,31
3765,35
3766,49
3767,47
3768,27
3769,17
3770,23
3771,34
3772,54
3773,41
3774,36
3775,23
3776,72
3777,28
3778,33
3779,32
3780,25
3781,46
3782,50
3783,28
3784,68
3785,25
3786,41
3787,35
3788,53
3789,28
3790,25
3791,23
3792,38
3793,32
3794,18
3795,29
3796,35
3797,22
3798,70
3799,25
3800,38
3801,14
3802,30
3803,32
3804,35
3805,26
3806,36
3807,25
3808,28
3809,29
3810,47
3811,31
3812,35
3813,36
3814,83
3815,38
3816,31
3817,26
3818,22
3819,43
3820,26
3821,30
3822,26
3823,33
3824,67
3825,43
3826,24
3827,37
3828,28
3829,43
3830,30
3831,35
3832,50
3833,14
3834,27
3835,39
3836,21
3837,40
3838,25
3839,33
3840,41
3841,21
3842,29
3843,14
3844,31
3845,32
3846,47
3847,39
3848,22
3849,27
3850,34
3851,28
3852,22
3853,51
3854,53
3855,34
3856,42
3857,41
3858,24
3859,16
3860,37
3861,20
3862,20
3863,25
3864,22
3865,21
3866,21
3867,37
3868,30
3869,31
3870,30
3871,18
3872,26
3873,34
3874,21
3875,30
3876,33
3877,35
3878,27
3879,40
3880,21
3881,21
3882,28
3883,45
3884,36
3885,37
3886,43
3887,50
3888,38
3889,52
3890,17
3891,19
3892,35
3893,42
3894,39
3895,26
3896,32
3897,27
3898,42
3899,48
3900,30
3901,28
3902,39
3903,27
3904,41
3905,19
3906,21
3907,25
3908,18
3909,20
3910,24
3911,40
3912,51
3913,34
3914,30
3915,37
3916,35
3917,24
3918,25
3919,20
3920,19
3921,24
3922,48
3923,35
3924,34
3925,46
3926,39
3927,33
3928,36
3929,30
3930,32
3931,23
3932,64
3933,31
3934,38
3935,48
3936,33
3937,15
3938,23
3939,19
3940,32
3941,59
3942,29
3943,13
3944,33
3945,37
3946,27
3947,43
3948,19
3949,27
3950,36
3951,22
3952,35
3953,49
3954,34
3955,43
3956,28
3957,41
3958,43
3959,36
3960,53
3961,30
3962,30
3963,67
3964,15
3965,20
3966,36
3967,57
3968,17
3969,42
3970,58
3971,30
3972,35
3973,22
3974,33
3975,25
3976,34
3977,29
3978,39
3979,51
3980,61
3981,29
3982,23
3983,51
3984,52
3985,33
3986,55
3987,28
3988,27
3989,23
3990,21
3991,31
3992,41
3993,29
3994,37
3995,25
3996,37
3997,25
3998,21
3999,23
4000,34
4001,37
4002,19
4003,38
4004,37
4005,67
4006,21
4007,27
4008,29
4009,32
4010,42
4011,41
4012,47
4013,32
4014,27
4015,25
4016,35
4017,62
4018,27
4019,22
4020,23
4021,37
4022,38
4023,35
4024,53
4025,48
4026,29
4027,30
4028,45
4029,26
4030,41
4031,26
4032,43
4033,21
4034,22
4035,41
4036,30
4037,28
4038,23
4039,30
4040,29
4041,30
4042,35
4043,43
4044,25
4045,20
4046,43
4047,43
4048,51
4049,45
4050,40
4051,34
4052,35
4053,27
4054,29
4055,36
4056,32
4057,31
4058,25
4059,24
4060,30
4061,46
4062,28
4063,57
4064,33
4065,37
4066,38
4067,37
4068,23
4069,35
4070,53
4071,46
4072,39
4073,38
4074,63
4075,17
4076,31
4077,42
4078,52
4079,38
4080,56
4081,22
4082,23
4083,11
4084,22
4085,19
4086,36
4087,32
4088,73
4089,28
4090,20
4091,17
4092,40
4093,38
4094,27
4095,41
