0,673
1,1060
2,774
3,926
4,723
5,939
6,1675
7,855
8,960
9,911
10,964
11,897
12,710
13,1177
14,1535
15,1071
16,839
17,897
18,1111
19,1287
20,876
21,1054
22,931
23,1053
24,754
25,936
26,1324
27,1010
28,978
29,1109
30,1022
31,779
32,923
33,693
34,1068
35,973
36,1234
37,729
38,942
39,953
40,946
41,863
42,845
43,1128
44,1009
45,762
46,1165
47,1007
48,786
49,969
50,1007
51,934
52,697
53,903
54,704
55,1811
56,1045
57,923
58,1024
59,839
60,1236
61,857
62,912
63,1221
64,854
65,1113
66,1340
67,898
68,1191
69,1444
70,938
71,840
72,1159
73,1034
74,1034
75,696
76,891
77,719
78,996
79,1316
80,1044
81,1350
82,746
83,802
84,1203
85,838
86,914
87,1115
88,1211
89,1205
90,774
91,924
92,875
93,1231
94,1015
95,808
96,1262
97,1028
98,1340
99,847
100,1087
101,1016
102,1064
103,1330
104,900
105,760
106,814
107,1051
108,860
109,929
110,975
111,952
112,1143
113,1155
114,1156
115,748
116,811
117,994
118,912
119,810
120,1021
121,858
122,1125
123,1077
124,908
125,1075
126,1190
127,1128
128,693
129,1146
130,993
131,912
132,1327
133,1062
134,908
135,879
136,967
137,777
138,1174
139,955
140,1067
141,1165
142,760
143,698
144,1014
145,1305
146,1073
147,939
148,1064
149,1003
150,1625
151,1035
152,936
153,732
154,1001
155,741
156,814
157,849
158,1271
159,998
160,909
161,762
162,941
163,600
164,1008
165,858
166,951
167,1054
168,791
169,1046
170,1042
171,813
172,848
173,992
174,1044
175,1028
176,819
177,846
178,1275
179,1110
180,1012
181,931
182,1206
183,1086
184,1111
185,1124
186,939
187,1051
188,828
189,767
190,747
191,722
192,874
193,734
194,1570
195,880
196,822
197,931
198,944
199,866
200,1085
201,913
202,981
203,866
204,857
205,739
206,1461
207,676
208,1066
209,825
210,704
211,987
212,803
213,1049
214,959
215,1372
216,946
217,1207
218,949
219,1087
220,1010
221,983
222,898
223,865
224,973
225,812
226,1120
227,987
228,706
229,1054
230,862
231,1018
232,952
233,1209
234,892
235,1037
236,906
237,1002
238,644
239,631
240,1423
241,917
242,1062
243,1163
244,971
245,886
246,979
247,921
248,915
249,985
250,903
251,936
252,990
253,844
254,874
255,850
256,1103
257,993
258,605
259,994
260,1027
261,1071
262,1348
263,1031
264,1071
265,923
266,758
267,1173
268,800
269,803
270,913
271,946
272,909
273,1153
274,1096
275,923
276,902
277,949
278,1049
279,911
280,983
281,703
282,1036
283,859
284,909
285,747
286,931
287,1126
288,849
289,967
290,842
291,1639
292,934
293,893
294,991
295,968
296,831
297,1075
298,878
299,755
300,926
301,996
302,1179
303,746
304,1043
305,974
306,1103
307,759
308,827
309,1012
310,1053
311,1057
312,1087
313,677
314,1094
315,996
316,1085
317,873
318,895
319,866
320,819
321,1043
322,1028
323,1057
324,943
325,1003
326,1776
327,1303
328,1219
329,1057
330,940
331,1220
332,1421
333,862
334,1092
335,1198
336,1649
337,990
338,973
339,1294
340,1128
341,1276
342,961
343,990
344,721
345,924
346,971
347,839
348,1195
349,807
350,927
351,946
352,965
353,916
354,908
355,949
356,1034
357,1105
358,853
359,1011
360,1019
361,1026
362,1222
363,933
364,696
365,959
366,1070
367,931
368,990
369,907
370,1035
371,912
372,1178
373,1051
374,1062
375,800
376,1169
377,1011
378,1083
379,1008
380,1145
381,734
382,770
383,965
384,963
385,801
386,684
387,930
388,949
389,960
390,1134
391,699
392,796
393,597
394,778
395,880
396,1391
397,998
398,1192
399,979
400,984
401,977
402,1457
403,829
404,786
405,1126
406,1099
407,802
408,763
409,773
410,987
411,689
412,1065
413,1245
414,1189
415,1170
416,967
417,1147
418,846
419,1295
420,939
421,825
422,923
423,1069
424,1039
425,1116
426,1069
427,948
428,952
429,1015
430,1003
431,1075
432,1102
433,768
434,1241
435,1055
436,1149
437,1122
438,843
439,932
440,862
441,957
442,859
443,1188
444,1294
445,848
446,1099
447,762
448,840
449,781
450,1063
451,887
452,970
453,1073
454,857
455,1154
456,1216
457,966
458,1072
459,1013
460,750
461,911
462,1291
463,923
464,760
465,1067
466,1151
467,944
468,852
469,1042
470,1136
471,854
472,908
473,954
474,844
475,1180
476,941
477,813
478,1081
479,923
480,1120
481,885
482,775
483,944
484,786
485,977
486,1394
487,994
488,903
489,773
490,937
491,1096
492,948
493,831
494,1216
495,774
496,1352
497,1264
498,1265
499,1025
500,1009
501,1092
502,945
503,1216
504,931
505,981
506,943
507,990
508,1142
509,2026
510,893
511,935
512,966
513,903
514,1063
515,2161
516,1275
517,1093
518,785
519,1488
520,832
521,640
522,968
523,818
524,1010
525,858
526,1118
527,1030
528,1166
529,1034
530,1068
531,1198
532,941
533,1130
534,887
535,922
536,1794
537,1018
538,817
539,1026
540,872
541,740
542,889
543,920
544,939
545,1221
546,1056
547,866
548,897
549,915
550,1107
551,1056
552,991
553,1288
554,827
555,811
556,1164
557,1200
558,1088
559,1162
560,995
561,1318
562,1094
563,918
564,871
565,1185
566,1023
567,880
568,1370
569,864
570,1032
571,901
572,1109
573,956
574,1069
575,963
576,1008
577,879
578,784
579,1014
580,1051
581,1130
582,986
583,878
584,1082
585,909
586,984
587,943
588,854
589,789
590,920
591,1011
592,1079
593,1690
594,1069
595,903
596,1131
597,898
598,761
599,1231
600,939
601,910
602,1255
603,1022
604,1182
605,1145
606,807
607,1083
608,913
609,702
610,897
611,1121
612,940
613,963
614,776
615,888
616,922
617,1026
618,955
619,830
620,1066
621,716
622,902
623,1073
624,1615
625,906
626,1434
627,1071
628,813
629,969
630,870
631,869
632,1036
633,1151
634,961
635,897
636,707
637,1066
638,764
639,1048
640,894
641,924
642,1074
643,1118
644,1025
645,882
646,1382
647,1230
648,927
649,991
650,1003
651,846
652,869
653,762
654,920
655,880
656,804
657,1258
658,962
659,1056
660,787
661,1093
662,948
663,745
664,1026
665,887
666,949
667,1101
668,987
669,776
670,1267
671,1127
672,780
673,921
674,869
675,1153
676,1123
677,1164
678,830
679,1182
680,977
681,857
682,823
683,1100
684,951
685,1145
686,960
687,874
688,803
689,834
690,1218
691,864
692,804
693,950
694,1063
695,1151
696,819
697,726
698,1030
699,925
700,753
701,992
702,699
703,972
704,843
705,928
706,823
707,890
708,869
709,784
710,997
711,1068
712,1008
713,820
714,1175
715,1045
716,1346
717,772
718,1077
719,1135
720,998
721,1248
722,882
723,855
724,1011
725,1148
726,876
727,1125
728,736
729,1097
730,1043
731,763
732,1285
733,1120
734,1008
735,914
736,1030
737,1099
738,859
739,1400
740,1098
741,1105
742,1084
743,1122
744,1658
745,1077
746,1081
747,937
748,1432
749,751
750,1027
751,827
752,1047
753,828
754,967
755,1205
756,926
757,807
758,2582
759,991
760,876
761,1371
762,1160
763,1315
764,708
765,781
766,861
767,865
768,771
769,810
770,936
771,1010
772,837
773,1132
774,920
775,1004
776,1002
777,966
778,952
779,942
780,891
781,878
782,948
783,876
784,897
785,1171
786,1287
787,779
788,1398
789,761
790,956
791,916
792,820
793,1197
794,1054
795,844
796,922
797,1038
798,742
799,1302
800,1015
801,1052
802,880
803,838
804,1025
805,867
806,1001
807,1194
808,807
809,891
810,940
811,1136
812,838
813,870
814,752
815,920
816,1166
817,833
818,885
819,866
820,1149
821,861
822,1102
823,1116
824,886
825,1185
826,916
827,729
828,790
829,1122
830,907
831,860
832,849
833,892
834,867
835,973
836,1103
837,868
838,1043
839,753
840,915
841,1052
842,1045
843,895
844,1000
845,956
846,1304
847,992
848,821
849,1060
850,851
851,736
852,1425
853,858
854,816
855,1115
856,1036
857,743
858,1040
859,802
860,881
861,952
862,1197
863,1097
864,773
865,939
866,1075
867,899
868,1135
869,1191
870,852
871,1059
872,979
873,780
874,834
875,858
876,1208
877,895
878,1338
879,784
880,1259
881,776
882,767
883,843
884,776
885,956
886,964
887,796
888,1166
889,987
890,1197
891,800
892,940
893,1048
894,957
895,945
896,802
897,846
898,1288
899,1087
900,878
901,1046
902,1034
903,788
904,1180
905,844
906,769
907,839
908,645
909,1345
910,985
911,902
912,955
913,1003
914,889
915,1445
916,1315
917,1389
918,930
919,992
920,857
921,1115
922,864
923,1092
924,886
925,918
926,965
927,637
928,944
929,935
930,863
931,877
932,774
933,825
934,1256
935,1094
936,1301
937,803
938,1008
939,978
940,1180
941,1093
942,1432
943,827
944,1028
945,821
946,939
947,1056
948,935
949,1040
950,830
951,1215
952,980
953,930
954,928
955,1318
956,899
957,1099
958,693
959,851
960,840
961,876
962,894
963,738
964,827
965,959
966,942
967,835
968,1172
969,901
970,1078
971,809
972,816
973,997
974,910
975,812
976,1083
977,818
978,1281
979,925
980,939
981,1461
982,1040
983,959
984,1156
985,695
986,1334
987,631
988,1158
989,902
990,988
991,922
992,1196
993,957
994,791
995,769
996,1378
997,870
998,917
999,976
1000,743
1001,892
1002,799
1003,1017
1004,827
1005,774
1006,864
1007,849
1008,754
1009,1259
1010,930
1011,798
1012,1031
1013,799
1014,856
1015,957
1016,924
1017,1008
1018,1266
1019,820
1020,972
1021,822
1022,955
1023,708
1024,938
1025,747
1026,939
1027,1234
1028,1446
1029,921
1030,941
1031,911
1032,1195
1033,848
1034,765
1035,1141
1036,1136
1037,902
1038,835
1039,1713
1040,1047
1041,1204
1042,756
1043,858
1044,950
1045,1016
1046,1027
1047,731
1048,857
1049,912
1050,996
1051,1093
1052,959
1053,766
1054,927
1055,1217
1056,880
1057,959
1058,988
1059,947
1060,924
1061,848
1062,899
1063,2450
1064,970
1065,1011
1066,997
1067,1180
1068,1225
1069,823
1070,927
1071,987
1072,2088
1073,1139
1074,845
1075,892
1076,834
1077,874
1078,1079
1079,982
1080,1007
1081,1228
1082,713
1083,1011
1084,1173
1085,1061
1086,799
1087,719
1088,892
1089,740
1090,885
1091,1048
1092,815
1093,1086
1094,912
1095,1193
1096,823
1097,903
1098,894
1099,891
1100,1044
1101,989
1102,811
1103,919
1104,1212
1105,898
1106,874
1107,1111
1108,1080
1109,941
1110,934
1111,1403
1112,877
1113,795
1114,942
1115,1296
1116,913
1117,821
1118,1132
1119,942
1120,1099
1121,863
1122,848
1123,965
1124,853
1125,751
1126,815
1127,901
1128,1088
1129,1000
1130,1178
1131,963
1132,976
1133,934
1134,710
1135,1045
1136,952
1137,1114
1138,885
1139,1105
1140,1171
1141,715
1142,771
1143,766
1144,983
1145,963
1146,988
1147,877
1148,1210
1149,1070
1150,921
1151,1136
1152,969
1153,1023
1154,795
1155,1052
1156,1127
1157,874
1158,1005
1159,1051
1160,976
1161,1434
1162,866
1163,930
1164,1273
1165,978
1166,981
1167,1046
1168,717
1169,1153
1170,897
1171,1064
1172,876
1173,988
1174,969
1175,1051
1176,659
1177,814
1178,730
1179,700
1180,1076
1181,911
1182,1006
1183,750
1184,757
1185,1356
1186,758
1187,765
1188,1105
1189,1290
1190,758
1191,1018
1192,1151
1193,809
1194,1175
1195,1284
1196,871
1197,1096
1198,1104
1199,852
1200,937
1201,905
1202,795
1203,1125
1204,778
1205,831
1206,1189
1207,813
1208,935
1209,781
1210,870
1211,1212
1212,789
1213,1371
1214,855
1215,898
1216,697
1217,1160
1218,794
1219,1510
1220,885
1221,917
1222,931
1223,1211
1224,814
1225,880
1226,1384
1227,1176
1228,1217
1229,767
1230,870
1231,839
1232,767
1233,844
1234,1178
1235,1566
1236,820
1237,1006
1238,998
1239,904
1240,846
1241,1063
1242,981
1243,985
1244,1166
1245,707
1246,795
1247,1011
1248,1103
1249,773
1250,698
1251,945
1252,961
1253,1152
1254,1013
1255,929
1256,618
1257,1132
1258,930
1259,770
1260,804
1261,871
1262,1068
1263,1112
1264,1253
1265,796
1266,1233
1267,933
1268,1167
1269,930
1270,1167
1271,1114
1272,1009
1273,927
1274,815
1275,954
1276,1401
1277,930
1278,811
1279,905
1280,860
1281,896
1282,892
1283,889
1284,813
1285,908
1286,868
1287,1082
1288,957
1289,1165
1290,887
1291,821
1292,761
1293,959
1294,1037
1295,1096
1296,883
1297,810
1298,1036
1299,972
1300,866
1301,869
1302,780
1303,811
1304,794
1305,876
1306,1077
1307,1167
1308,985
1309,817
1310,820
1311,836
1312,798
1313,1159
1314,1077
1315,1094
1316,1003
1317,896
1318,1021
1319,1303
1320,920
1321,960
1322,992
1323,1049
1324,903
1325,871
1326,1571
1327,924
1328,1007
1329,992
1330,740
1331,789
1332,1069
1333,824
1334,803
1335,833
1336,800
1337,843
1338,1020
1339,848
1340,1086
1341,1103
1342,1001
1343,958
1344,884
1345,972
1346,1058
1347,986
1348,1166
1349,964
1350,1176
1351,883
1352,941
1353,736
1354,835
1355,896
1356,980
1357,912
1358,976
1359,799
1360,766
1361,1055
1362,1006
1363,1230
1364,1021
1365,1084
1366,970
1367,886
1368,1008
1369,853
1370,1025
1371,1084
1372,1222
1373,779
1374,1073
1375,772
1376,876
1377,777
1378,792
1379,1160
1380,890
1381,718
1382,746
1383,1128
1384,928
1385,968
1386,845
1387,879
1388,829
1389,786
1390,1042
1391,898
1392,639
1393,947
1394,842
1395,828
1396,980
1397,995
1398,677
1399,1239
1400,934
1401,978
1402,1222
1403,922
1404,851
1405,910
1406,1101
1407,1058
1408,1005
1409,969
1410,886
1411,1034
1412,1093
1413,830
1414,902
1415,879
1416,704
1417,731
1418,934
1419,1057
1420,845
1421,919
1422,999
1423,1190
1424,900
1425,988
1426,770
1427,1047
1428,829
1429,736
1430,957
1431,868
1432,749
1433,655
1434,983
1435,961
1436,1203
1437,1117
1438,917
1439,961
1440,1107
1441,801
1442,843
1443,903
1444,1087
1445,909
1446,1117
1447,1295
1448,1146
1449,961
1450,1241
1451,1264
1452,971
1453,850
1454,661
1455,968
1456,879
1457,865
1458,1039
1459,750
1460,873
1461,844
1462,967
1463,1157
1464,899
1465,856
1466,1012
1467,988
1468,1031
1469,921
1470,940
1471,1165
1472,903
1473,941
1474,898
1475,1297
1476,909
1477,964
1478,961
1479,897
1480,754
1481,899
1482,911
1483,1018
1484,1018
1485,786
1486,943
1487,994
1488,967
1489,1557
1490,901
1491,923
1492,807
1493,880
1494,875
1495,1006
1496,994
1497,751
1498,841
1499,849
1500,855
1501,1013
1502,993
1503,648
1504,776
1505,1014
1506,959
1507,1036
1508,961
1509,776
1510,752
1511,1168
1512,1145
1513,1016
1514,704
1515,1131
1516,1735
1517,702
1518,1055
1519,1962
1520,1708
1521,871
1522,921
1523,878
1524,991
1525,921
1526,1002
1527,1170
1528,1168
1529,898
1530,777
1531,930
1532,825
1533,880
1534,1307
1535,957
1536,922
1537,1199
1538,1203
1539,1245
1540,957
1541,930
1542,887
1543,683
1544,802
1545,1016
1546,843
1547,851
1548,1150
1549,835
1550,1043
1551,1060
1552,1034
1553,1015
1554,1022
1555,902
1556,1054
1557,963
1558,989
1559,912
1560,966
1561,922
1562,1168
1563,822
1564,897
1565,773
1566,813
1567,940
1568,877
1569,1563
1570,640
1571,1138
1572,811
1573,1088
1574,968
1575,899
1576,956
1577,1104
1578,813
1579,909
1580,1458
1581,698
1582,838
1583,991
1584,1147
1585,1019
1586,1178
1587,1049
1588,1021
1589,988
1590,1221
1591,1059
1592,892
1593,1080
1594,818
1595,1514
1596,1746
1597,912
1598,943
1599,1009
1600,1021
1601,1142
1602,918
1603,1028
1604,947
1605,952
1606,1035
1607,1067
1608,976
1609,834
1610,843
1611,929
1612,705
1613,930
1614,933
1615,973
1616,819
1617,959
1618,1365
1619,957
1620,938
1621,1230
1622,1003
1623,1068
1624,1441
1625,885
1626,922
1627,1337
1628,790
1629,801
1630,972
1631,1068
1632,916
1633,1084
1634,833
1635,1061
1636,829
1637,1273
1638,1051
1639,1047
1640,873
1641,980
1642,894
1643,933
1644,955
1645,1022
1646,811
1647,838
1648,937
1649,891
1650,1103
1651,939
1652,832
1653,938
1654,727
1655,1107
1656,826
1657,673
1658,976
1659,946
1660,841
1661,937
1662,786
1663,738
1664,853
1665,1060
1666,657
1667,926
1668,879
1669,874
1670,1003
1671,875
1672,812
1673,850
1674,1123
1675,925
1676,912
1677,899
1678,933
1679,1059
1680,921
1681,1085
1682,877
1683,1189
1684,864
1685,843
1686,913
1687,1135
1688,795
1689,884
1690,770
1691,926
1692,956
1693,846
1694,827
1695,969
1696,863
1697,875
1698,993
1699,1060
1700,857
1701,766
1702,1403
1703,999
1704,868
1705,940
1706,873
1707,1018
1708,1210
1709,716
1710,959
1711,1067
1712,966
1713,1007
1714,817
1715,1078
1716,977
1717,927
1718,951
1719,965
1720,862
1721,1113
1722,846
1723,829
1724,934
1725,774
1726,996
1727,1000
1728,1005
1729,883
1730,935
1731,1030
1732,647
1733,706
1734,1198
1735,997
1736,853
1737,761
1738,1107
1739,1138
1740,968
1741,1044
1742,984
1743,738
1744,757
1745,1198
1746,1024
1747,943
1748,1196
1749,890
1750,782
1751,830
1752,775
1753,1670
1754,1076
1755,974
1756,800
1757,945
1758,964
1759,1158
1760,908
1761,1279
1762,812
1763,956
1764,808
1765,1014
1766,964
1767,752
1768,911
1769,798
1770,961
1771,739
1772,828
1773,652
1774,740
1775,909
1776,762
1777,917
1778,1172
1779,843
1780,1135
1781,765
1782,1043
1783,1002
1784,1022
1785,1263
1786,986
1787,962
1788,998
1789,1043
1790,1041
1791,822
1792,812
1793,846
1794,1034
1795,954
1796,949
1797,751
1798,1119
1799,825
1800,764
1801,1250
1802,971
1803,1102
1804,1088
1805,900
1806,886
1807,909
1808,903
1809,1073
1810,1012
1811,900
1812,926
1813,1090
1814,1018
1815,904
1816,777
1817,801
1818,686
1819,1250
1820,891
1821,868
1822,1028
1823,1107
1824,957
1825,1050
1826,965
1827,988
1828,676
1829,765
1830,1217
1831,895
1832,1125
1833,873
1834,849
1835,1054
1836,1031
1837,816
1838,865
1839,868
1840,846
1841,867
1842,1707
1843,952
1844,808
1845,940
1846,936
1847,1114
1848,855
1849,1049
1850,1033
1851,895
1852,1032
1853,932
1854,1057
1855,1068
1856,826
1857,900
1858,1290
1859,734
1860,1459
1861,1087
1862,1229
1863,819
1864,1027
1865,865
1866,1006
1867,2058
1868,901
1869,1046
1870,1104
1871,823
1872,944
1873,832
1874,994
1875,982
1876,1936
1877,877
1878,835
1879,1004
1880,876
1881,1032
1882,1014
1883,1220
1884,841
1885,890
1886,1059
1887,721
1888,695
1889,1454
1890,1287
1891,881
1892,1253
1893,755
1894,909
1895,796
1896,705
1897,1011
1898,992
1899,959
1900,821
1901,822
1902,1011
1903,764
1904,775
1905,970
1906,1640
1907,1068
1908,860
1909,872
1910,890
1911,1621
1912,1151
1913,1060
1914,1237
1915,956
1916,1341
1917,826
1918,717
1919,684
1920,1019
1921,1056
1922,939
1923,1206
1924,1159
1925,1047
1926,818
1927,905
1928,795
1929,1026
1930,730
1931,921
1932,1079
1933,1182
1934,1155
1935,905
1936,970
1937,1166
1938,1193
1939,759
1940,964
1941,881
1942,1206
1943,948
1944,854
1945,1044
1946,1010
1947,788
1948,693
1949,1011
1950,714
1951,1050
1952,815
1953,938
1954,965
1955,836
1956,1010
1957,796
1958,1008
1959,888
1960,680
1961,1014
1962,1141
1963,1113
1964,854
1965,1073
1966,945
1967,1261
1968,1031
1969,965
1970,949
1971,809
1972,759
1973,752
1974,695
1975,809
1976,954
1977,891
1978,953
1979,759
1980,1036
1981,776
1982,1062
1983,849
1984,963
1985,1050
1986,1055
1987,1169
1988,1100
1989,998
1990,741
1991,947
1992,1077
1993,1116
1994,1057
1995,1032
1996,1018
1997,939
1998,760
1999,1075
2000,846
2001,957
2002,957
2003,986
2004,911
2005,1102
2006,951
2007,981
2008,1024
2009,902
2010,1088
2011,1010
2012,893
2013,1211
2014,860
2015,705
2016,1008
2017,1088
2018,921
2019,1000
2020,978
2021,981
2022,712
2023,876
2024,791
2025,960
2026,1278
2027,697
2028,786
2029,1047
2030,960
2031,940
2032,932
2033,943
2034,774
2035,906
2036,867
2037,1038
2038,843
2039,767
2040,753
2041,1015
2042,864
2043,1178
2044,943
2045,1366
2046,947
2047,1060
2048,892
2049,812
2050,1312
2051,757
2052,952
2053,1023
2054,773
2055,896
2056,1062
2057,830
2058,919
2059,811
2060,1324
2061,789
2062,891
2063,774
2064,1058
2065,759
2066,913
2067,779
2068,1084
2069,778
2070,911
2071,843
2072,843
2073,1261
2074,820
2075,1256
2076,881
2077,1013
2078,1093
2079,930
2080,968
2081,802
2082,997
2083,747
2084,803
2085,809
2086,824
2087,1097
2088,957
2089,978
2090,900
2091,923
2092,988
2093,830
2094,814
2095,956
2096,1135
2097,646
2098,1014
2099,866
2100,861
2101,759
2102,858
2103,819
2104,763
2105,884
2106,962
2107,1232
2108,1069
2109,1139
2110,1184
2111,824
2112,770
2113,2203
2114,678
2115,834
2116,807
2117,928
2118,955
2119,1130
2120,999
2121,791
2122,1276
2123,800
2124,957
2125,802
2126,852
2127,1253
2128,1033
2129,1106
2130,1060
2131,827
2132,876
2133,1182
2134,1124
2135,781
2136,947
2137,872
2138,977
2139,1061
2140,870
2141,1075
2142,1220
2143,1062
2144,920
2145,939
2146,970
2147,789
2148,1066
2149,1077
2150,864
2151,757
2152,929
2153,902
2154,846
2155,947
2156,814
2157,837
2158,970
2159,844
2160,1633
2161,718
2162,1058
2163,772
2164,920
2165,1158
2166,937
2167,1000
2168,969
2169,889
2170,1003
2171,999
2172,957
2173,1018
2174,1058
2175,881
2176,1028
2177,833
2178,961
2179,1175
2180,899
2181,1070
2182,873
2183,903
2184,875
2185,882
2186,880
2187,771
2188,873
2189,1022
2190,1105
2191,1049
2192,768
2193,928
2194,1127
2195,1001
2196,695
2197,1107
2198,927
2199,752
2200,818
2201,797
2202,1371
2203,930
2204,1083
2205,930
2206,859
2207,1050
2208,997
2209,1019
2210,1160
2211,979
2212,1147
2213,1149
2214,874
2215,848
2216,1161
2217,911
2218,1092
2219,1067
2220,922
2221,788
2222,793
2223,917
2224,916
2225,963
2226,716
2227,812
2228,971
2229,981
2230,736
2231,989
2232,1166
2233,1548
2234,2278
2235,766
2236,1213
2237,723
2238,849
2239,890
2240,911
2241,1101
2242,962
2243,1053
2244,964
2245,1182
2246,820
2247,1092
2248,1160
2249,959
2250,901
2251,751
2252,1430
2253,810
2254,858
2255,1148
2256,838
2257,688
2258,961
2259,866
2260,1015
2261,966
2262,871
2263,1012
2264,840
2265,1426
2266,707
2267,1103
2268,914
2269,936
2270,904
2271,1080
2272,927
2273,815
2274,805
2275,1424
2276,1282
2277,1071
2278,721
2279,826
2280,662
2281,780
2282,899
2283,916
2284,838
2285,883
2286,1369
2287,973
2288,883
2289,712
2290,1004
2291,1063
2292,858
2293,948
2294,960
2295,1384
2296,1463
2297,859
2298,781
2299,844
2300,1121
2301,790
2302,920
2303,925
2304,1052
2305,1143
2306,750
2307,974
2308,829
2309,944
2310,968
2311,895
2312,942
2313,1067
2314,848
2315,837
2316,957
2317,774
2318,1146
2319,983
2320,743
2321,996
2322,607
2323,868
2324,829
2325,980
2326,1059
2327,1120
2328,777
2329,1065
2330,952
2331,1310
2332,720
2333,687
2334,992
2335,971
2336,1131
2337,898
2338,846
2339,1080
2340,827
2341,880
2342,948
2343,853
2344,901
2345,954
2346,1444
2347,1182
2348,1022
2349,1079
2350,1001
2351,1069
2352,922
2353,983
2354,880
2355,922
2356,738
2357,785
2358,880
2359,933
2360,824
2361,718
2362,1199
2363,878
2364,1408
2365,1003
2366,942
2367,930
2368,720
2369,952
2370,865
2371,1115
2372,861
2373,860
2374,970
2375,1122
2376,831
2377,902
2378,1371
2379,1090
2380,722
2381,869
2382,1306
2383,1046
2384,1083
2385,946
2386,864
2387,1180
2388,811
2389,1070
2390,822
2391,1025
2392,839
2393,882
2394,944
2395,932
2396,853
2397,1360
2398,829
2399,948
2400,810
2401,995
2402,927
2403,927
2404,1095
2405,896
2406,1096
2407,993
2408,910
2409,711
2410,1005
2411,801
2412,983
2413,784
2414,806
2415,880
2416,892
2417,1204
2418,915
2419,727
2420,873
2421,1017
2422,902
2423,706
2424,1358
2425,1012
2426,1003
2427,956
2428,817
2429,869
2430,894
2431,976
2432,885
2433,959
2434,731
2435,827
2436,1173
2437,1026
2438,1001
2439,1378
2440,956
2441,916
2442,1114
2443,841
2444,1131
2445,1255
2446,1058
2447,1047
2448,986
2449,909
2450,798
2451,948
2452,835
2453,861
2454,822
2455,1190
2456,822
2457,784
2458,1222
2459,1196
2460,949
2461,1169
2462,857
2463,930
2464,1022
2465,981
2466,773
2467,1136
2468,1113
2469,683
2470,1074
2471,1026
2472,843
2473,949
2474,1019
2475,839
2476,882
2477,913
2478,679
2479,1055
2480,961
2481,1047
2482,1112
2483,973
2484,946
2485,1234
2486,929
2487,1129
2488,993
2489,964
2490,958
2491,1084
2492,1001
2493,820
2494,1147
2495,1174
2496,1470
2497,1034
2498,1022
2499,691
2500,1187
2501,1117
2502,896
2503,770
2504,953
2505,1136
2506,899
2507,808
2508,755
2509,815
2510,1065
2511,1071
2512,1136
2513,842
2514,1076
2515,1149
2516,849
2517,941
2518,1218
2519,741
2520,1100
2521,1050
2522,713
2523,731
2524,1029
2525,914
2526,933
2527,912
2528,936
2529,849
2530,792
2531,970
2532,772
2533,1197
2534,756
2535,1157
2536,828
2537,923
2538,835
2539,1260
2540,1114
2541,711
2542,755
2543,906
2544,1327
2545,961
2546,2027
2547,858
2548,1197
2549,959
2550,1078
2551,1057
2552,910
2553,902
2554,885
2555,928
2556,1149
2557,887
2558,923
2559,1155
2560,1053
2561,1084
2562,922
2563,816
2564,1070
2565,886
2566,1154
2567,972
2568,1108
2569,1082
2570,1308
2571,922
2572,935
2573,975
2574,890
2575,872
2576,1216
2577,839
2578,778
2579,741
2580,1001
2581,785
2582,1096
2583,1074
2584,1054
2585,999
2586,969
2587,888
2588,1163
2589,862
2590,795
2591,879
2592,1126
2593,1025
2594,896
2595,906
2596,785
2597,1197
2598,827
2599,957
2600,709
2601,867
2602,1347
2603,815
2604,1000
2605,1191
2606,1054
2607,1082
2608,796
2609,973
2610,1005
2611,1029
2612,1168
2613,1193
2614,830
2615,1044
2616,876
2617,948
2618,856
2619,998
2620,626
2621,1363
2622,1014
2623,918
2624,800
2625,913
2626,1174
2627,932
2628,898
2629,843
2630,1058
2631,1197
2632,925
2633,992
2634,708
2635,855
2636,834
2637,857
2638,770
2639,905
2640,1071
2641,1189
2642,1120
2643,1073
2644,925
2645,998
2646,1166
2647,877
2648,678
2649,783
2650,678
2651,979
2652,1085
2653,1242
2654,1157
2655,1225
2656,782
2657,849
2658,959
2659,871
2660,1077
2661,1111
2662,650
2663,1177
2664,1168
2665,751
2666,1158
2667,1066
2668,841
2669,945
2670,793
2671,705
2672,935
2673,868
2674,983
2675,715
2676,793
2677,874
2678,899
2679,870
2680,715
2681,1141
2682,1007
2683,935
2684,781
2685,977
2686,781
2687,1025
2688,1059
2689,830
2690,773
2691,992
2692,940
2693,861
2694,969
2695,1022
2696,1061
2697,1129
2698,1136
2699,857
2700,781
2701,1618
2702,754
2703,949
2704,952
2705,1006
2706,983
2707,883
2708,874
2709,722
2710,987
2711,891
2712,1099
2713,1139
2714,785
2715,1047
2716,1007
2717,1231
2718,1137
2719,860
2720,925
2721,1206
2722,759
2723,708
2724,767
2725,782
2726,787
2727,1075
2728,893
2729,898
2730,917
2731,944
2732,817
2733,964
2734,711
2735,946
2736,1201
2737,850
2738,1161
2739,1054
2740,897
2741,1119
2742,1021
2743,1088
2744,869
2745,786
2746,1004
2747,954
2748,860
2749,1257
2750,1106
2751,967
2752,968
2753,903
2754,833
2755,874
2756,905
2757,1001
2758,1020
2759,1250
2760,912
2761,960
2762,1084
2763,914
2764,821
2765,949
2766,902
2767,1196
2768,1097
2769,872
2770,1262
2771,844
2772,875
2773,725
2774,1031
2775,734
2776,1132
2777,1012
2778,806
2779,620
2780,994
2781,831
2782,905
2783,656
2784,779
2785,928
2786,774
2787,1145
2788,745
2789,1141
2790,921
2791,897
2792,1250
2793,879
2794,891
2795,811
2796,938
2797,1073
2798,856
2799,928
2800,865
2801,740
2802,1117
2803,703
2804,781
2805,969
2806,852
2807,897
2808,788
2809,1401
2810,731
2811,1485
2812,870
2813,1130
2814,993
2815,1044
2816,1087
2817,1350
2818,854
2819,968
2820,1003
2821,925
2822,953
2823,718
2824,985
2825,909
2826,990
2827,797
2828,1200
2829,859
2830,1142
2831,892
2832,863
2833,1002
2834,885
2835,1191
2836,782
2837,891
2838,1017
2839,1350
2840,1481
2841,950
2842,779
2843,1029
2844,1145
2845,810
2846,1577
2847,904
2848,734
2849,932
2850,967
2851,1136
2852,756
2853,1121
2854,1022
2855,921
2856,1123
2857,970
2858,816
2859,898
2860,1266
2861,823
2862,1097
2863,741
2864,859
2865,920
2866,1237
2867,1247
2868,1089
2869,581
2870,958
2871,1041
2872,1302
2873,866
2874,854
2875,851
2876,885
2877,990
2878,898
2879,1048
2880,868
2881,764
2882,735
2883,1054
2884,864
2885,1021
2886,882
2887,683
2888,969
2889,838
2890,818
2891,971
2892,1157
2893,768
2894,975
2895,940
2896,1327
2897,1075
2898,920
2899,873
2900,814
2901,734
2902,919
2903,688
2904,889
2905,817
2906,825
2907,897
2908,1083
2909,1239
2910,932
2911,1042
2912,723
2913,1078
2914,914
2915,959
2916,1442
2917,1049
2918,1021
2919,1035
2920,1087
2921,1145
2922,820
2923,1322
2924,1102
2925,805
2926,918
2927,896
2928,1540
2929,995
2930,1190
2931,907
2932,1082
2933,734
2934,1083
2935,900
2936,881
2937,955
2938,914
2939,1431
2940,843
2941,934
2942,764
2943,814
2944,924
2945,889
2946,839
2947,1059
2948,840
2949,1064
2950,1074
2951,790
2952,846
2953,829
2954,1286
2955,715
2956,1159
2957,836
2958,998
2959,971
2960,994
2961,1011
2962,1319
2963,1031
2964,806
2965,867
2966,713
2967,1046
2968,718
2969,891
2970,1092
2971,845
2972,717
2973,855
2974,1007
2975,1064
2976,776
2977,1121
2978,903
2979,937
2980,1266
2981,786
2982,1061
2983,1120
2984,871
2985,912
2986,1102
2987,817
2988,1263
2989,879
2990,779
2991,1268
2992,881
2993,1204
2994,952
2995,956
2996,1026
2997,1027
2998,944
2999,967
3000,921
3001,799
3002,1143
3003,849
3004,1262
3005,1346
3006,1151
3007,959
3008,1053
3009,865
3010,851
3011,1066
3012,1240
3013,874
3014,1070
3015,1398
3016,812
3017,984
3018,768
3019,946
3020,951
3021,877
3022,1030
3023,1015
3024,923
3025,837
3026,847
3027,1125
3028,1018
3029,690
3030,879
3031,887
3032,1230
3033,1237
3034,1082
3035,812
3036,931
3037,744
3038,726
3039,1065
3040,786
3041,906
3042,941
3043,934
3044,1159
3045,955
3046,812
3047,735
3048,968
3049,827
3050,996
3051,889
3052,1381
3053,934
3054,1011
3055,821
3056,1125
3057,895
3058,1041
3059,720
3060,707
3061,838
3062,1198
3063,844
3064,1032
3065,792
3066,1221
3067,977
3068,1213
3069,914
3070,890
3071,1051
3072,815
3073,763
3074,812
3075,868
3076,1111
3077,953
3078,687
3079,1253
3080,942
3081,1428
3082,963
3083,980
3084,1172
3085,885
3086,727
3087,1249
3088,997
3089,731
3090,864
3091,1057
3092,833
3093,811
3094,1195
3095,867
3096,1066
3097,800
3098,966
3099,1145
3100,983
3101,1141
3102,881
3103,775
3104,838
3105,1023
3106,1331
3107,741
3108,872
3109,1308
3110,767
3111,1032
3112,764
3113,719
3114,975
3115,801
3116,1315
3117,778
3118,1074
3119,963
3120,884
3121,1062
3122,941
3123,1338
3124,1100
3125,779
3126,903
3127,822
3128,1328
3129,865
3130,1035
3131,1139
3132,1157
3133,1158
3134,1048
3135,847
3136,950
3137,1072
3138,966
3139,881
3140,1180
3141,1074
3142,790
3143,1191
3144,742
3145,705
3146,767
3147,984
3148,908
3149,1511
3150,750
3151,1081
3152,929
3153,967
3154,1105
3155,1130
3156,758
3157,692
3158,904
3159,1066
3160,1117
3161,907
3162,1064
3163,866
3164,1029
3165,1060
3166,1033
3167,1061
3168,853
3169,901
3170,1226
3171,1094
3172,1075
3173,883
3174,742
3175,956
3176,1093
3177,770
3178,981
3179,1168
3180,1126
3181,937
3182,1004
3183,1151
3184,1043
3185,943
3186,1030
3187,1063
3188,892
3189,839
3190,1071
3191,1182
3192,1015
3193,905
3194,1141
3195,822
3196,991
3197,945
3198,1305
3199,893
3200,1061
3201,1463
3202,1100
3203,971
3204,1101
3205,1380
3206,1152
3207,907
3208,838
3209,1043
3210,1033
3211,1184
3212,815
3213,1286
3214,978
3215,1072
3216,1355
3217,888
3218,812
3219,1231
3220,788
3221,904
3222,1094
3223,949
3224,1141
3225,1061
3226,1020
3227,915
3228,1200
3229,1139
3230,990
3231,1160
3232,2018
3233,727
3234,1121
3235,1179
3236,944
3237,1227
3238,990
3239,1240
3240,875
3241,1062
3242,898
3243,807
3244,777
3245,874
3246,792
3247,828
3248,992
3249,901
3250,1079
3251,1072
3252,1119
3253,909
3254,1004
3255,940
3256,854
3257,866
3258,1077
3259,1360
3260,1129
3261,1009
3262,1273
3263,804
3264,942
3265,1226
3266,1455
3267,1141
3268,711
3269,971
3270,1122
3271,1116
3272,1302
3273,905
3274,916
3275,931
3276,957
3277,990
3278,707
3279,1047
3280,1083
3281,833
3282,865
3283,815
3284,894
3285,867
3286,1000
3287,872
3288,984
3289,849
3290,830
3291,987
3292,1141
3293,861
3294,1071
3295,867
3296,1342
3297,959
3298,1243
3299,722
3300,981
3301,758
3302,1124
3303,1019
3304,780
3305,1076
3306,1331
3307,812
3308,853
3309,1456
3310,841
3311,894
3312,659
3313,1024
3314,875
3315,952
3316,1186
3317,1060
3318,1036
3319,875
3320,1134
3321,1466
3322,1401
3323,873
3324,880
3325,795
3326,1170
3327,907
3328,863
3329,1487
3330,875
3331,914
3332,846
3333,851
3334,1317
3335,1485
3336,828
3337,881
3338,1106
3339,856
3340,873
3341,856
3342,868
3343,1062
3344,939
3345,1541
3346,1028
3347,1044
3348,906
3349,868
3350,820
3351,1081
3352,1156
3353,875
3354,1221
3355,1001
3356,1072
3357,1048
3358,991
3359,696
3360,685
3361,819
3362,776
3363,1169
3364,1096
3365,841
3366,1062
3367,957
3368,772
3369,780
3370,722
3371,924
3372,742
3373,1019
3374,1133
3375,970
3376,1085
3377,707
3378,1026
3379,1041
3380,818
3381,911
3382,891
3383,1327
3384,840
3385,794
3386,761
3387,1200
3388,1142
3389,634
3390,1286
3391,928
3392,1223
3393,1058
3394,1279
3395,740
3396,720
3397,875
3398,877
3399,1257
3400,963
3401,1154
3402,1166
3403,825
3404,1609
3405,998
3406,806
3407,747
3408,866
3409,1079
3410,1127
3411,883
3412,725
3413,1567
3414,1039
3415,1110
3416,1205
3417,993
3418,1406
3419,916
3420,827
3421,989
3422,1138
3423,1161
3424,903
3425,866
3426,867
3427,797
3428,841
3429,1017
3430,985
3431,1226
3432,1026
3433,871
3434,1059
3435,860
3436,1637
3437,893
3438,1015
3439,871
3440,943
3441,1112
3442,1080
3443,958
3444,1024
3445,994
3446,933
3447,1112
3448,726
3449,1215
3450,764
3451,901
3452,826
3453,768
3454,1520
3455,911
3456,947
3457,850
3458,892
3459,1080
3460,1004
3461,779
3462,1064
3463,1094
3464,989
3465,671
3466,880
3467,1214
3468,829
3469,824
3470,1101
3471,694
3472,1076
3473,906
3474,1934
3475,999
3476,828
3477,1089
3478,803
3479,899
3480,894
3481,1133
3482,1078
3483,936
3484,732
3485,700
3486,809
3487,1037
3488,1133
3489,946
3490,948
3491,758
3492,796
3493,622
3494,1015
3495,1101
3496,1107
3497,866
3498,969
3499,870
3500,643
3501,1319
3502,899
3503,839
3504,1290
3505,950
3506,912
3507,935
3508,791
3509,1056
3510,939
3511,1149
3512,920
3513,1161
3514,840
3515,1122
3516,1030
3517,961
3518,809
3519,796
3520,996
3521,801
3522,839
3523,1266
3524,1098
3525,811
3526,1044
3527,909
3528,743
3529,998
3530,871
3531,843
3532,1123
3533,899
3534,839
3535,1152
3536,836
3537,984
3538,857
3539,1380
3540,898
3541,1501
3542,854
3543,992
3544,926
3545,912
3546,975
3547,690
3548,1002
3549,1075
3550,1007
3551,973
3552,986
3553,998
3554,929
3555,894
3556,878
3557,1036
3558,810
3559,966
3560,1125
3561,1028
3562,996
3563,741
3564,1257
3565,976
3566,1484
3567,986
3568,1074
3569,951
3570,892
3571,894
3572,893
3573,873
3574,876
3575,902
3576,998
3577,1090
3578,1169
3579,797
3580,853
3581,1033
3582,1084
3583,862
3584,1145
3585,788
3586,991
3587,767
3588,858
3589,1186
3590,957
3591,1245
3592,1043
3593,926
3594,1208
3595,887
3596,836
3597,918
3598,1514
3599,1194
3600,1121
3601,956
3602,1026
3603,1075
3604,898
3605,1084
3606,1001
3607,1226
3608,1123
3609,1328
3610,862
3611,1070
3612,1190
3613,948
3614,1525
3615,808
3616,1114
3617,768
3618,842
3619,867
3620,800
3621,920
3622,984
3623,857
3624,799
3625,837
3626,798
3627,680
3628,840
3629,926
3630,1275
3631,917
3632,1122
3633,964
3634,1020
3635,1089
3636,1039
3637,1208
3638,1011
3639,1123
3640,918
3641,1134
3642,1112
3643,913
3644,866
3645,1077
3646,908
3647,1007
3648,736
3649,863
3650,1018
3651,1122
3652,957
3653,802
3654,1246
3655,1146
3656,823
3657,832
3658,1109
3659,781
3660,927
3661,992
3662,970
3663,792
3664,927
3665,759
3666,858
3667,822
3668,753
3669,830
3670,989
3671,626
3672,857
3673,1058
3674,1787
3675,1020
3676,759
3677,954
3678,905
3679,1125
3680,727
3681,1122
3682,1012
3683,882
3684,841
3685,1042
3686,1046
3687,823
3688,892
3689,760
3690,741
3691,749
3692,1228
3693,1072
3694,950
3695,1063
3696,1042
3697,1002
3698,1311
3699,1369
3700,817
3701,1144
3702,1291
3703,912
3704,1312
3705,923
3706,1008
3707,825
3708,843
3709,1026
3710,1118
3711,929
3712,886
3713,1008
3714,867
3715,783
3716,1161
3717,838
3718,908
3719,1044
3720,753
3721,1131
3722,1007
3723,1079
3724,1235
3725,718
3726,862
3727,925
3728,1389
3729,967
3730,791
3731,863
3732,974
3733,975
3734,1066
3735,992
3736,1006
3737,1102
3738,968
3739,1037
3740,1100
3741,1192
3742,1169
3743,737
3744,1137
3745,1195
3746,1090
3747,942
3748,966
3749,1014
3750,1016
3751,893
3752,1008
3753,831
3754,1146
3755,725
3756,842
3757,1527
3758,1245
3759,1057
3760,839
3761,1102
3762,1356
3763,1131
3764,1141
3765,1074
3766,778
3767,831
3768,1236
3769,1213
3770,1057
3771,989
3772,1051
3773,1004
3774,1082
3775,643
3776,839
3777,1085
3778,880
3779,964
3780,837
3781,752
3782,681
3783,745
3784,1186
3785,818
3786,1256
3787,1061
3788,846
3789,1003
3790,1231
3791,918
3792,1193
3793,918
3794,864
3795,1049
3796,1091
3797,1130
3798,912
3799,1347
3800,887
3801,932
3802,828
3803,849
3804,1133
3805,1045
3806,795
3807,798
3808,1219
3809,923
3810,989
3811,1004
3812,744
3813,898
3814,898
3815,909
3816,873
3817,1062
3818,1098
3819,1028
3820,881
3821,866
3822,762
3823,800
3824,767
3825,968
3826,900
3827,873
3828,752
3829,919
3830,920
3831,1111
3832,930
3833,872
3834,900
3835,926
3836,1007
3837,788
3838,1298
3839,1006
3840,827
3841,898
3842,931
3843,1089
3844,922
3845,1259
3846,1029
3847,850
3848,1041
3849,860
3850,1257
3851,886
3852,896
3853,1162
3854,991
3855,1009
3856,785
3857,1163
3858,1041
3859,882
3860,811
3861,1423
3862,898
3863,990
3864,991
3865,1091
3866,1071
3867,882
3868,846
3869,1114
3870,949
3871,903
3872,849
3873,1161
3874,801
3875,741
3876,1165
3877,980
3878,923
3879,834
3880,1053
3881,923
3882,789
3883,983
3884,1064
3885,1067
3886,1060
3887,1112
3888,1005
3889,958
3890,884
3891,764
3892,993
3893,872
3894,912
3895,838
3896,892
3897,918
3898,1480
3899,1029
3900,808
3901,957
3902,886
3903,990
3904,1131
3905,832
3906,1158
3907,1133
3908,865
3909,1097
3910,978
3911,918
3912,1058
3913,1182
3914,832
3915,942
3916,907
3917,1009
3918,881
3919,812
3920,982
3921,1075
3922,1138
3923,966
3924,774
3925,909
3926,943
3927,1024
3928,1000
3929,1193
3930,836
3931,710
3932,863
3933,917
3934,1627
3935,1013
3936,895
3937,898
3938,860
3939,887
3940,840
3941,1068
3942,760
3943,994
3944,891
3945,893
3946,837
3947,834
3948,1019
3949,995
3950,978
3951,1128
3952,1095
3953,1000
3954,993
3955,1364
3956,898
3957,719
3958,868
3959,1041
3960,842
3961,1097
3962,961
3963,1065
3964,943
3965,824
3966,997
3967,893
3968,756
3969,878
3970,910
3971,894
3972,946
3973,1100
3974,810
3975,972
3976,980
3977,789
3978,1207
3979,1045
3980,861
3981,1059
3982,1026
3983,1024
3984,1001
3985,775
3986,1110
3987,930
3988,1279
3989,903
3990,933
3991,863
3992,1027
3993,996
3994,938
3995,823
3996,860
3997,976
3998,996
3999,837
4000,946
4001,1062
4002,1103
4003,916
4004,953
4005,781
4006,863
4007,1311
4008,1110
4009,654
4010,871
4011,784
4012,1053
4013,1075
4014,1031
4015,1097
4016,930
4017,895
4018,834
4019,917
4020,904
4021,995
4022,941
4023,693
4024,904
4025,980
4026,812
4027,1083
4028,1108
4029,811
4030,1003
4031,742
4032,803
4033,850
4034,843
4035,776
4036,956
4037,1194
4038,1001
4039,719
4040,1017
4041,1010
4042,1103
4043,1393
4044,893
4045,920
4046,1589
4047,1181
4048,1146
4049,608
4050,982
4051,1418
4052,1186
4053,911
4054,817
4055,982
4056,986
4057,790
4058,944
4059,750
4060,943
4061,901
4062,906
4063,1188
4064,991
4065,1061
4066,1190
4067,1080
4068,835
4069,892
4070,884
4071,1099
4072,709
4073,1002
4074,994
4075,1015
4076,872
4077,1176
4078,1036
4079,848
4080,777
4081,904
4082,1228
4083,908
4084,881
4085,973
4086,958
4087,925
4088,782
4089,682
4090,662
4091,1005
4092,817
4093,970
4094,925
4095,899
