0,0,499747
0,1,6034
0,2,5507
0,3,6643
0,4,7208
0,5,6037
0,6,5719
0,7,5613
0,8,5919
0,9,8896
0,10,5417
0,11,5999
0,12,6211
0,13,6045
0,14,8556
0,15,6231
0,16,8383
0,17,6246
0,18,6731
0,19,7053
0,20,5476
0,21,6257
0,22,5798
0,23,38462
0,24,13873
0,25,5615
0,26,5232
0,27,5734
0,28,6038
0,29,6524
0,30,6359
0,31,6005
0,32,5915
0,33,5454
0,34,5882
0,35,6344
0,36,6162
0,37,6222
0,38,5711
0,39,7214
0,40,23363
0,41,5612
0,42,6449
0,43,5506
0,44,7432
0,45,5552
0,46,5918
0,47,5778
0,48,5677
0,49,5734
0,50,5495
0,51,6854
0,52,6643
0,53,5951
0,54,5763
0,55,5637
0,56,5532
0,57,6361
0,58,6187
0,59,6382
0,60,5328
0,61,5541
0,62,5521
0,63,5571
1,0,493037
1,1,5922
1,2,5332
1,3,6509
1,4,7220
1,5,6072
1,6,5563
1,7,5368
1,8,5872
1,9,8571
1,10,5250
1,11,5998
1,12,6180
1,13,5839
1,14,8467
1,15,6067
1,16,8405
1,17,6129
1,18,6575
1,19,6617
1,20,5412
1,21,6245
1,22,5555
1,23,38571
1,24,13661
1,25,5359
1,26,5087
1,27,5760
1,28,6027
1,29,6432
1,30,6199
1,31,5848
1,32,5798
1,33,5305
1,34,6090
1,35,6309
1,36,6204
1,37,6156
1,38,5595
1,39,6930
1,40,23368
1,41,5570
1,42,6260
1,43,5343
1,44,7275
1,45,5569
1,46,5742
1,47,5757
1,48,5594
1,49,5521
1,50,5369
1,51,7229
1,52,6725
1,53,5981
1,54,5835
1,55,5576
1,56,5407
1,57,6216
1,58,6122
1,59,6204
1,60,5208
1,61,5467
1,62,5464
1,63,5488
2,0,493207
2,1,5868
2,2,5336
2,3,6436
2,4,7003
2,5,6005
2,6,5364
2,7,5461
2,8,5666
2,9,8319
2,10,5088
2,11,5619
2,12,6087
2,13,5904
2,14,8123
2,15,5915
2,16,8108
2,17,6152
2,18,6470
2,19,6710
2,20,5273
2,21,6414
2,22,5618
2,23,38400
2,24,13711
2,25,5400
2,26,5125
2,27,5711
2,28,5926
2,29,6173
2,30,6139
2,31,5710
2,32,5829
2,33,5162
2,34,5992
2,35,6134
2,36,5937
2,37,6026
2,38,5563
2,39,7083
2,40,22922
2,41,5403
2,42,6092
2,43,5256
2,44,6983
2,45,5392
2,46,5868
2,47,5694
2,48,5642
2,49,5377
2,50,5478
2,51,6944
2,52,6441
2,53,5908
2,54,5817
2,55,5569
2,56,5466
2,57,5982
2,58,6128
2,59,6047
2,60,5177
2,61,5405
2,62,5473
2,63,5584
3,0,496309
3,1,5959
3,2,5232
3,3,6587
3,4,7205
3,5,5897
3,6,5515
3,7,5319
3,8,5969
3,9,8518
3,10,5290
3,11,5754
3,12,6231
3,13,6056
3,14,8373
3,15,6253
3,16,8356
3,17,6173
3,18,6702
3,19,6584
3,20,5486
3,21,6359
3,22,5605
3,23,39060
3,24,13627
3,25,5468
3,26,5186
3,27,5833
3,28,5940
3,29,6301
3,30,6295
3,31,5863
3,32,5900
3,33,5328
3,34,5869
3,35,6483
3,36,6106
3,37,6210
3,38,5688
3,39,7070
3,40,23699
3,41,5386
3,42,6288
3,43,5166
3,44,7176
3,45,5513
3,46,5853
3,47,5624
3,48,5752
3,49,5491
3,50,5460
3,51,6921
3,52,6440
3,53,5766
3,54,5824
3,55,5522
3,56,5600
3,57,5963
3,58,6067
3,59,6264
3,60,5150
3,61,6091
3,62,5584
3,63,5574
4,0,497774
4,1,5989
4,2,5395
4,3,6387
4,4,7189
4,5,5998
4,6,5383
4,7,5460
4,8,5836
4,9,8788
4,10,5041
4,11,5898
4,12,6051
4,13,5912
4,14,8259
4,15,5956
4,16,8428
4,17,6098
4,18,6538
4,19,6774
4,20,5697
4,21,6130
4,22,5656
4,23,39194
4,24,13720
4,25,5465
4,26,5100
4,27,5612
4,28,5979
4,29,6163
4,30,6334
4,31,5725
4,32,5834
4,33,5230
4,34,6003
4,35,6259
4,36,6007
4,37,6070
4,38,5875
4,39,6871
4,40,23799
4,41,5425
4,42,6219
4,43,5302
4,44,7306
4,45,5570
4,46,5828
4,47,5787
4,48,5443
4,49,5406
4,50,5294
4,51,6810
4,52,6609
4,53,5843
4,54,5933
4,55,5699
4,56,5521
4,57,5958
4,58,6008
4,59,6241
4,60,5251
4,61,5509
4,62,5399
4,63,5428
5,0,490888
5,1,5859
5,2,5234
5,3,6479
5,4,7029
5,5,5849
5,6,5389
5,7,5470
5,8,5601
5,9,8575
5,10,5216
5,11,5602
5,12,6182
5,13,5840
5,14,8335
5,15,5928
5,16,7980
5,17,6138
5,18,6459
5,19,6735
5,20,5214
5,21,6092
5,22,5679
5,23,38051
5,24,13783
5,25,5224
5,26,5069
5,27,5522
5,28,5857
5,29,6200
5,30,6132
5,31,5546
5,32,5781
5,33,5092
5,34,5881
5,35,6266
5,36,6131
5,37,6104
5,38,5739
5,39,6610
5,40,23459
5,41,5463
5,42,5993
5,43,5145
5,44,7175
5,45,5587
5,46,5855
5,47,5534
5,48,5477
5,49,5372
5,50,5360
5,51,6790
5,52,6490
5,53,5624
5,54,5730
5,55,5576
5,56,5437
5,57,5678
5,58,5864
5,59,6307
5,60,5156
5,61,5270
5,62,5408
5,63,5230
6,0,499805
6,1,5955
6,2,5324
6,3,6531
6,4,6983
6,5,5970
6,6,5455
6,7,5314
6,8,5719
6,9,8586
6,10,5202
6,11,5721
6,12,6150
6,13,5905
6,14,8177
6,15,6323
6,16,8254
6,17,6082
6,18,6461
6,19,6903
6,20,5516
6,21,6274
6,22,5528
6,23,39656
6,24,13687
6,25,5354
6,26,5085
6,27,5706
6,28,5923
6,29,6392
6,30,6319
6,31,5641
6,32,5935
6,33,5178
6,34,5865
6,35,6207
6,36,6162
6,37,6068
6,38,5818
6,39,6856
6,40,24111
6,41,5624
6,42,6189
6,43,5445
6,44,7553
6,45,5587
6,46,5910
6,47,5673
6,48,5528
6,49,5404
6,50,5419
6,51,6924
6,52,6547
6,53,5931
6,54,5974
6,55,5600
6,56,5522
6,57,6082
6,58,5936
6,59,6303
6,60,5168
6,61,5513
6,62,5579
6,63,5664
7,0,5350
7,1,5844
7,2,5145
7,3,6579
7,4,6999
7,5,6102
7,6,5410
7,7,5456
7,8,5735
7,9,8583
7,10,5088
7,11,5685
7,12,6277
7,13,5654
7,14,8514
7,15,6316
7,16,8154
7,17,6334
7,18,6452
7,19,6947
7,20,5366
7,21,6210
7,22,5426
7,23,37881
7,24,13609
7,25,5503
7,26,5166
7,27,5701
7,28,5812
7,29,6133
7,30,6078
7,31,5618
7,32,5869
7,33,5240
7,34,5856
7,35,6241
7,36,6028
7,37,6106
7,38,5541
7,39,6941
7,40,22933
7,41,5482
7,42,6081
7,43,5223
7,44,7166
7,45,5458
7,46,5844
7,47,5682
7,48,5538
7,49,5448
7,50,5359
7,51,6730
7,52,6575
7,53,5827
7,54,5868
7,55,5453
7,56,5464
7,57,5758
7,58,6063
7,59,6339
7,60,5119
7,61,5279
7,62,5638
7,63,5531
8,0,496124
8,1,5883
8,2,5379
8,3,6580
8,4,7241
8,5,5930
8,6,5476
8,7,5652
8,8,5901
8,9,8765
8,10,5161
8,11,5921
8,12,6261
8,13,5872
8,14,8299
8,15,6102
8,16,8240
8,17,6096
8,18,6647
8,19,6685
8,20,5325
8,21,6093
8,22,5502
8,23,36867
8,24,13754
8,25,5372
8,26,5163
8,27,5756
8,28,5976
8,29,6570
8,30,6192
8,31,5747
8,32,6015
8,33,5127
8,34,5900
8,35,6225
8,36,5990
8,37,6257
8,38,5488
8,39,6713
8,40,22909
8,41,5442
8,42,6166
8,43,5253
8,44,7069
8,45,5456
8,46,5872
8,47,5671
8,48,5495
8,49,5358
8,50,5432
8,51,6878
8,52,6631
8,53,5868
8,54,5772
8,55,5446
8,56,5381
8,57,5974
8,58,6045
8,59,6188
8,60,5212
8,61,5602
8,62,5413
8,63,5464
9,0,5494
9,1,5956
9,2,5449
9,3,6588
9,4,7052
9,5,6085
9,6,5418
9,7,5511
9,8,5775
9,9,8570
9,10,5363
9,11,5676
9,12,6191
9,13,5975
9,14,8339
9,15,6202
9,16,8407
9,17,6335
9,18,6776
9,19,6739
9,20,5544
9,21,6346
9,22,5656
9,23,38340
9,24,13897
9,25,5490
9,26,5258
9,27,5715
9,28,6030
9,29,6465
9,30,6441
9,31,5850
9,32,5824
9,33,5265
9,34,6124
9,35,6196
9,36,6039
9,37,6221
9,38,5830
9,39,7197
9,40,23089
9,41,5452
9,42,6232
9,43,5518
9,44,7257
9,45,5598
9,46,5968
9,47,5718
9,48,5576
9,49,5594
9,50,5367
9,51,6931
9,52,6818
9,53,5934
9,54,5800
9,55,5488
9,56,5588
9,57,5969
9,58,6168
9,59,6517
9,60,5197
9,61,5569
9,62,5469
9,63,5577
10,0,491627
10,1,5887
10,2,5276
10,3,6706
10,4,6951
10,5,6051
10,6,5414
10,7,5450
10,8,5748
10,9,8401
10,10,5335
10,11,5590
10,12,6039
10,13,5974
10,14,8271
10,15,6283
10,16,8049
10,17,6217
10,18,6498
10,19,6592
10,20,5446
10,21,6079
10,22,5504
10,23,38665
10,24,13673
10,25,5517
10,26,5047
10,27,5747
10,28,5954
10,29,6393
10,30,6022
10,31,5560
10,32,5681
10,33,5244
10,34,6100
10,35,6249
10,36,5949
10,37,6190
10,38,5603
10,39,6893
10,40,22561
10,41,5467
10,42,6173
10,43,5183
10,44,7364
10,45,5523
10,46,5921
10,47,5601
10,48,5503
10,49,5342
10,50,5284
10,51,6847
10,52,6484
10,53,5852
10,54,5846
10,55,5580
10,56,5459
10,57,5933
10,58,5946
10,59,6276
10,60,5149
10,61,5418
10,62,5474
10,63,5598
11,0,5568
11,1,5936
11,2,5299
11,3,6541
11,4,7038
11,5,6048
11,6,5424
11,7,5611
11,8,5871
11,9,8473
11,10,5215
11,11,5931
11,12,6430
11,13,5622
11,14,8162
11,15,6401
11,16,8441
11,17,6298
11,18,6739
11,19,6860
11,20,5490
11,21,6266
11,22,5761
11,23,38784
11,24,13831
11,25,5452
11,26,5131
11,27,5651
11,28,6050
11,29,6334
11,30,6237
11,31,5945
11,32,5849
11,33,5432
11,34,6056
11,35,6298
11,36,6184
11,37,6398
11,38,5823
11,39,7060
11,40,23618
11,41,5547
11,42,6334
11,43,5247
11,44,7203
11,45,5739
11,46,5870
11,47,5783
11,48,5582
11,49,5606
11,50,5295
11,51,6868
11,52,6583
11,53,5970
11,54,6101
11,55,5655
11,56,5647
11,57,5953
11,58,6166
11,59,6246
11,60,5321
11,61,5567
11,62,5559
11,63,5571
12,0,5527
12,1,6086
12,2,5355
12,3,6520
12,4,7056
12,5,5933
12,6,5578
12,7,5499
12,8,5938
12,9,8539
12,10,5049
12,11,5864
12,12,6099
12,13,5876
12,14,8297
12,15,6256
12,16,8433
12,17,6340
12,18,6668
12,19,6856
12,20,5348
12,21,6329
12,22,5948
12,23,39339
12,24,14007
12,25,5483
12,26,5170
12,27,5721
12,28,5978
12,29,6170
12,30,6109
12,31,5672
12,32,5661
12,33,5308
12,34,5955
12,35,6175
12,36,6056
12,37,5987
12,38,6402
12,39,7043
12,40,23957
12,41,5455
12,42,6198
12,43,5397
12,44,7384
12,45,5600
12,46,5895
12,47,5649
12,48,5466
12,49,5482
12,50,5329
12,51,6735
12,52,6622
12,53,5789
12,54,5877
12,55,5589
12,56,5336
12,57,5924
12,58,6097
12,59,6098
12,60,5270
12,61,5535
12,62,5560
12,63,5475
13,0,496177
13,1,6203
13,2,5342
13,3,6586
13,4,7230
13,5,5962
13,6,5550
13,7,5652
13,8,5741
13,9,8658
13,10,5303
13,11,5865
13,12,6194
13,13,5822
13,14,8526
13,15,6483
13,16,8391
13,17,6181
13,18,6755
13,19,6701
13,20,5565
13,21,6279
13,22,5608
13,23,37905
13,24,13689
13,25,5628
13,26,5190
13,27,5718
13,28,5818
13,29,6392
13,30,6305
13,31,5911
13,32,5717
13,33,5300
13,34,6109
13,35,6369
13,36,6246
13,37,6161
13,38,5505
13,39,6855
13,40,22985
13,41,5526
13,42,6455
13,43,5374
13,44,7456
13,45,5543
13,46,5828
13,47,5852
13,48,5657
13,49,5534
13,50,5228
13,51,6849
13,52,6824
13,53,5987
13,54,5864
13,55,5664
13,56,5514
13,57,6120
13,58,6263
13,59,6233
13,60,5268
13,61,5420
13,62,5526
13,63,5528
14,0,5383
14,1,5850
14,2,5321
14,3,6575
14,4,7074
14,5,5975
14,6,5426
14,7,5260
14,8,5887
14,9,8675
14,10,5329
14,11,5675
14,12,6191
14,13,5747
14,14,8302
14,15,6154
14,16,8172
14,17,6094
14,18,6860
14,19,6415
14,20,5367
14,21,6225
14,22,5611
14,23,39767
14,24,14007
14,25,5356
14,26,5053
14,27,5796
14,28,5925
14,29,6326
14,30,6150
14,31,5846
14,32,5747
14,33,5359
14,34,5809
14,35,6244
14,36,5767
14,37,6357
14,38,5566
14,39,6721
14,40,23559
14,41,5662
14,42,6045
14,43,5152
14,44,7180
14,45,5449
14,46,5914
14,47,5641
14,48,5542
14,49,5354
14,50,5389
14,51,6735
14,52,6644
14,53,5824
14,54,5925
14,55,5687
14,56,5442
14,57,5891
14,58,6134
14,59,6268
14,60,5069
14,61,5276
14,62,5531
14,63,5505
15,0,492647
15,1,5926
15,2,5205
15,3,6543
15,4,7165
15,5,5837
15,6,5501
15,7,5498
15,8,5466
15,9,8713
15,10,5219
15,11,5881
15,12,6172
15,13,5955
15,14,8278
15,15,6253
15,16,8285
15,17,6142
15,18,6529
15,19,6822
15,20,5507
15,21,6207
15,22,5778
15,23,38500
15,24,13595
15,25,5401
15,26,5123
15,27,5442
15,28,5976
15,29,6310
15,30,6074
15,31,5937
15,32,5919
15,33,5303
15,34,5827
15,35,6304
15,36,6058
15,37,5975
15,38,5531
15,39,6920
15,40,23364
15,41,5418
15,42,6200
15,43,5286
15,44,7174
15,45,5587
15,46,5803
15,47,5618
15,48,5657
15,49,5492
15,50,5420
15,51,6869
15,52,6405
15,53,5765
15,54,5948
15,55,5659
15,56,5450
15,57,5837
15,58,6173
15,59,6204
15,60,5094
15,61,5373
15,62,5473
15,63,5540
16,0,5615
16,1,6013
16,2,5497
16,3,6500
16,4,7194
16,5,6100
16,6,5484
16,7,5484
16,8,5929
16,9,8793
16,10,5088
16,11,5741
16,12,6265
16,13,6272
16,14,8361
16,15,6143
16,16,8481
16,17,6233
16,18,6805
16,19,6903
16,20,5571
16,21,6394
16,22,5670
16,23,39482
16,24,13933
16,25,5496
16,26,5086
16,27,5826
16,28,6117
16,29,6335
16,30,6133
16,31,5742
16,32,5818
16,33,5314
16,34,5863
16,35,6270
16,36,6091
16,37,6183
16,38,5611
16,39,6964
16,40,23959
16,41,5592
16,42,6235
16,43,5388
16,44,7367
16,45,5546
16,46,5869
16,47,5821
16,48,5789
16,49,5904
16,50,5444
16,51,6905
16,52,6618
16,53,5967
16,54,5836
16,55,5623
16,56,5595
16,57,5939
16,58,6047
16,59,6331
16,60,5272
16,61,5534
16,62,5602
16,63,5605
17,0,491457
17,1,5858
17,2,5287
17,3,6441
17,4,7087
17,5,5978
17,6,5341
17,7,5564
17,8,5839
17,9,8600
17,10,5162
17,11,5720
17,12,6116
17,13,5676
17,14,8468
17,15,6143
17,16,8265
17,17,6160
17,18,6542
17,19,6718
17,20,5185
17,21,6244
17,22,5465
17,23,38723
17,24,13663
17,25,5334
17,26,4942
17,27,5636
17,28,6011
17,29,6034
17,30,6105
17,31,5723
17,32,5805
17,33,5286
17,34,5764
17,35,6233
17,36,6035
17,37,6237
17,38,5336
17,39,6579
17,40,23422
17,41,5473
17,42,6076
17,43,5245
17,44,7054
17,45,5550
17,46,5781
17,47,5713
17,48,5454
17,49,5292
17,50,5349
17,51,6640
17,52,6552
17,53,5737
17,54,5999
17,55,5569
17,56,5412
17,57,5822
17,58,6104
17,59,6250
17,60,5244
17,61,5265
17,62,5338
17,63,5554
18,0,5427
18,1,5936
18,2,5298
18,3,6706
18,4,7202
18,5,6031
18,6,5438
18,7,5412
18,8,5762
18,9,8596
18,10,5131
18,11,5693
18,12,6189
18,13,6680
18,14,8361
18,15,6263
18,16,8576
18,17,6081
18,18,6548
18,19,6914
18,20,5345
18,21,6182
18,22,5501
18,23,37676
18,24,13694
18,25,5418
18,26,5006
18,27,5698
18,28,5991
18,29,6211
18,30,6131
18,31,5653
18,32,5700
18,33,5212
18,34,5962
18,35,6183
18,36,6160
18,37,5999
18,38,5646
18,39,6993
18,40,23332
18,41,5470
18,42,6022
18,43,5240
18,44,7033
18,45,5576
18,46,5947
18,47,5597
18,48,5541
18,49,5499
18,50,5427
18,51,6875
18,52,6406
18,53,5882
18,54,5753
18,55,5370
18,56,5587
18,57,5946
18,58,6094
18,59,6173
18,60,5243
18,61,5437
18,62,5500
18,63,5581
19,0,5551
19,1,5901
19,2,5300
19,3,6521
19,4,7056
19,5,6169
19,6,5697
19,7,5452
19,8,5870
19,9,8674
19,10,5295
19,11,5834
19,12,6246
19,13,5938
19,14,8574
19,15,6301
19,16,8623
19,17,6273
19,18,6636
19,19,6594
19,20,5464
19,21,6211
19,22,5656
19,23,38801
19,24,13798
19,25,5331
19,26,5238
19,27,5823
19,28,6095
19,29,6246
19,30,6269
19,31,5967
19,32,6154
19,33,5370
19,34,5932
19,35,6423
19,36,5998
19,37,6396
19,38,5739
19,39,6837
19,40,22876
19,41,5533
19,42,6263
19,43,5370
19,44,7245
19,45,5749
19,46,5772
19,47,5665
19,48,5719
19,49,5540
19,50,5423
19,51,6869
19,52,6739
19,53,5749
19,54,5834
19,55,5567
19,56,5616
19,57,5978
19,58,6241
19,59,6307
19,60,5282
19,61,5511
19,62,5330
19,63,5902
20,0,5441
20,1,5921
20,2,5391
20,3,6346
20,4,6896
20,5,5948
20,6,5399
20,7,5241
20,8,5976
20,9,8379
20,10,5005
20,11,5735
20,12,6240
20,13,5763
20,14,8629
20,15,6400
20,16,8679
20,17,6164
20,18,6606
20,19,6844
20,20,5172
20,21,6283
20,22,5715
20,23,38449
20,24,13791
20,25,5309
20,26,5110
20,27,5746
20,28,5964
20,29,6070
20,30,6343
20,31,5701
20,32,5655
20,33,5296
20,34,6019
20,35,6281
20,36,5949
20,37,6005
20,38,5513
20,39,6751
20,40,23716
20,41,5588
20,42,6298
20,43,5373
20,44,7144
20,45,5407
20,46,5938
20,47,5662
20,48,5664
20,49,5451
20,50,5426
20,51,6810
20,52,6514
20,53,5963
20,54,5842
20,55,5438
20,56,5559
20,57,5816
20,58,5950
20,59,6091
20,60,5188
20,61,5338
20,62,5438
20,63,5520
21,0,494239
21,1,5988
21,2,5340
21,3,6438
21,4,7222
21,5,6048
21,6,5388
21,7,5358
21,8,5504
21,9,8616
21,10,5116
21,11,5666
21,12,6194
21,13,5796
21,14,8134
21,15,6022
21,16,8618
21,17,6257
21,18,6735
21,19,6577
21,20,5480
21,21,6330
21,22,5498
21,23,38605
21,24,13727
21,25,5453
21,26,5142
21,27,5593
21,28,6010
21,29,6121
21,30,6351
21,31,5618
21,32,5824
21,33,5367
21,34,5896
21,35,6262
21,36,5951
21,37,6024
21,38,5718
21,39,6805
21,40,22963
21,41,5428
21,42,6084
21,43,5222
21,44,7189
21,45,5554
21,46,5853
21,47,5630
21,48,5637
21,49,5377
21,50,5342
21,51,6894
21,52,6682
21,53,5703
21,54,5781
21,55,5573
21,56,5476
21,57,5874
21,58,6108
21,59,6223
21,60,5196
21,61,5741
21,62,5381
21,63,5240
22,0,501540
22,1,5968
22,2,5209
22,3,6426
22,4,7037
22,5,5949
22,6,5397
22,7,5379
22,8,5757
22,9,8450
22,10,5187
22,11,5829
22,12,6412
22,13,6025
22,14,8347
22,15,6219
22,16,8208
22,17,6241
22,18,6433
22,19,6997
22,20,5432
22,21,6141
22,22,5650
22,23,38014
22,24,13886
22,25,5561
22,26,5138
22,27,5807
22,28,6153
22,29,6319
22,30,6291
22,31,5778
22,32,5722
22,33,5280
22,34,5921
22,35,6305
22,36,6045
22,37,6031
22,38,5453
22,39,7071
22,40,22929
22,41,5369
22,42,5985
22,43,5140
22,44,7294
22,45,5586
22,46,5843
22,47,6059
22,48,5692
22,49,5403
22,50,5529
22,51,6755
22,52,6498
22,53,5839
22,54,5838
22,55,5509
22,56,5666
22,57,6043
22,58,6032
22,59,6075
22,60,5178
22,61,5324
22,62,5692
22,63,5680
23,0,5497
23,1,5950
23,2,5513
23,3,6564
23,4,7201
23,5,6199
23,6,5463
23,7,5470
23,8,5925
23,9,8554
23,10,5376
23,11,6005
23,12,5979
23,13,5819
23,14,8284
23,15,6046
23,16,8485
23,17,6081
23,18,6812
23,19,6840
23,20,5406
23,21,6130
23,22,5636
23,23,38510
23,24,13536
23,25,5561
23,26,5120
23,27,5687
23,28,5967
23,29,6371
23,30,6226
23,31,5941
23,32,5770
23,33,5415
23,34,6042
23,35,6320
23,36,6097
23,37,6297
23,38,6121
23,39,7139
23,40,23297
23,41,5392
23,42,6343
23,43,5295
23,44,7145
23,45,5745
23,46,5869
23,47,5485
23,48,5511
23,49,5472
23,50,5419
23,51,6868
23,52,6658
23,53,5986
23,54,5806
23,55,5687
23,56,5489
23,57,6048
23,58,6170
23,59,6270
23,60,5113
23,61,5247
23,62,5516
23,63,5543
24,0,5366
24,1,5903
24,2,5379
24,3,6333
24,4,7133
24,5,6117
24,6,5437
24,7,5352
24,8,5777
24,9,8344
24,10,5184
24,11,5740
24,12,6306
24,13,6213
24,14,8435
24,15,6285
24,16,8420
24,17,6197
24,18,6768
24,19,6547
24,20,5450
24,21,6230
24,22,5745
24,23,37834
24,24,13700
24,25,5378
24,26,5117
24,27,5698
24,28,6078
24,29,6214
24,30,6206
24,31,5607
24,32,5757
24,33,5140
24,34,5819
24,35,6318
24,36,6076
24,37,6207
24,38,5513
24,39,6878
24,40,23275
24,41,5469
24,42,6155
24,43,5242
24,44,7033
24,45,5488
24,46,5862
24,47,5563
24,48,5686
24,49,5532
24,50,5435
24,51,6562
24,52,6540
24,53,5844
24,54,5879
24,55,5485
24,56,5390
24,57,5829
24,58,6073
24,59,6165
24,60,5096
24,61,5192
24,62,5504
24,63,5410
25,0,496945
25,1,6008
25,2,5363
25,3,6406
25,4,7233
25,5,5980
25,6,5415
25,7,5520
25,8,5891
25,9,8609
25,10,5082
25,11,5793
25,12,6258
25,13,5974
25,14,8295
25,15,6303
25,16,8552
25,17,6054
25,18,6634
25,19,6817
25,20,5430
25,21,6298
25,22,5506
25,23,38272
25,24,13486
25,25,5486
25,26,5150
25,27,5707
25,28,5829
25,29,6096
25,30,6332
25,31,5844
25,32,5752
25,33,5356
25,34,5944
25,35,6176
25,36,6062
25,37,6079
25,38,5603
25,39,6747
25,40,23228
25,41,5402
25,42,6096
25,43,5317
25,44,7063
25,45,5664
25,46,5804
25,47,5762
25,48,5402
25,49,5504
25,50,5305
25,51,6841
25,52,6641
25,53,5828
25,54,5889
25,55,5507
25,56,5503
25,57,5912
25,58,6032
25,59,6209
25,60,5290
25,61,5295
25,62,5615
25,63,5583
26,0,493065
26,1,5880
26,2,5271
26,3,6453
26,4,7152
26,5,6000
26,6,5438
26,7,5461
26,8,5625
26,9,8503
26,10,4899
26,11,5646
26,12,6198
26,13,5722
26,14,7841
26,15,6040
26,16,8216
26,17,5985
26,18,6920
26,19,6383
26,20,5356
26,21,6170
26,22,5523
26,23,39488
26,24,13550
26,25,5238
26,26,5021
26,27,5567
26,28,5937
26,29,6110
26,30,6061
26,31,5855
26,32,5784
26,33,5081
26,34,5734
26,35,6229
26,36,6139
26,37,6020
26,38,5493
26,39,6893
26,40,23215
26,41,5550
26,42,5952
26,43,5213
26,44,7173
26,45,5480
26,46,5788
26,47,5772
26,48,5492
26,49,5279
26,50,5225
26,51,6833
26,52,6567
26,53,5915
26,54,5711
26,55,5436
26,56,5354
26,57,5869
26,58,5939
26,59,6151
26,60,5216
26,61,5220
26,62,5479
26,63,5429
27,0,5437
27,1,5954
27,2,5252
27,3,6409
27,4,7091
27,5,5909
27,6,5227
27,7,5397
27,8,5870
27,9,8553
27,10,5307
27,11,5710
27,12,6071
27,13,5999
27,14,8233
27,15,6248
27,16,8454
27,17,6095
27,18,6428
27,19,6684
27,20,5242
27,21,6232
27,22,5509
27,23,37577
27,24,13446
27,25,5433
27,26,5135
27,27,5783
27,28,5939
27,29,6233
27,30,6206
27,31,5653
27,32,5696
27,33,5232
27,34,5743
27,35,6286
27,36,5840
27,37,6032
27,38,5434
27,39,6791
27,40,22832
27,41,5498
27,42,6145
27,43,5240
27,44,7283
27,45,5474
27,46,5697
27,47,5623
27,48,5449
27,49,5353
27,50,5347
27,51,6873
27,52,6468
27,53,5573
27,54,5787
27,55,5499
27,56,5354
27,57,5857
27,58,5926
27,59,6254
27,60,5091
27,61,5151
27,62,5390
27,63,5467
28,0,485517
28,1,6033
28,2,5276
28,3,6480
28,4,6902
28,5,5966
28,6,5435
28,7,5523
28,8,5617
28,9,8422
28,10,5235
28,11,5638
28,12,6200
28,13,6166
28,14,8067
28,15,6006
28,16,8302
28,17,6162
28,18,6661
28,19,6665
28,20,5374
28,21,6280
28,22,5604
28,23,38329
28,24,13415
28,25,5416
28,26,5027
28,27,5678
28,28,5985
28,29,6081
28,30,6342
28,31,5801
28,32,5723
28,33,5291
28,34,5947
28,35,6207
28,36,5867
28,37,6273
28,38,5615
28,39,6710
28,40,23021
28,41,5305
28,42,6261
28,43,5302
28,44,7148
28,45,5481
28,46,5783
28,47,5565
28,48,5282
28,49,5304
28,50,5205
28,51,6860
28,52,6601
28,53,5724
28,54,5750
28,55,5432
28,56,5619
28,57,5844
28,58,5887
28,59,6275
28,60,5251
28,61,5278
28,62,5379
28,63,5606
29,0,499433
29,1,5961
29,2,5339
29,3,6255
29,4,7093
29,5,6090
29,6,5375
29,7,5394
29,8,5867
29,9,8889
29,10,5144
29,11,5764
29,12,6399
29,13,6227
29,14,8544
29,15,6197
29,16,8295
29,17,6173
29,18,6665
29,19,6737
29,20,5218
29,21,6096
29,22,5721
29,23,38552
29,24,13670
29,25,5408
29,26,5151
29,27,5742
29,28,5835
29,29,6426
29,30,6336
29,31,5829
29,32,5775
29,33,5280
29,34,6026
29,35,6279
29,36,6053
29,37,6276
29,38,5574
29,39,6935
29,40,23420
29,41,5452
29,42,6346
29,43,5303
29,44,7356
29,45,5476
29,46,5925
29,47,5793
29,48,5611
29,49,5648
29,50,5459
29,51,6893
29,52,6496
29,53,5922
29,54,5774
29,55,5670
29,56,5356
29,57,5933
29,58,6063
29,59,6233
29,60,5145
29,61,5480
29,62,5627
29,63,5573
30,0,495349
30,1,6003
30,2,5331
30,3,6447
30,4,7108
30,5,5963
30,6,5377
30,7,5435
30,8,5900
30,9,9158
30,10,5207
30,11,5809
30,12,6106
30,13,5776
30,14,8174
30,15,5856
30,16,8218
30,17,6109
30,18,6599
30,19,6562
30,20,5377
30,21,6124
30,22,5711
30,23,38255
30,24,13487
30,25,5223
30,26,5142
30,27,5646
30,28,5829
30,29,6244
30,30,6222
30,31,5725
30,32,5739
30,33,5245
30,34,5771
30,35,6270
30,36,6076
30,37,6022
30,38,5718
30,39,6774
30,40,23301
30,41,5322
30,42,6130
30,43,5147
30,44,7180
30,45,5631
30,46,5995
30,47,5549
30,48,5483
30,49,5351
30,50,5268
30,51,6834
30,52,6451
30,53,5832
30,54,5641
30,55,5508
30,56,5455
30,57,5741
30,58,6163
30,59,5946
30,60,5285
30,61,5456
30,62,5408
30,63,5402
31,0,493926
31,1,6040
31,2,5202
31,3,6335
31,4,6948
31,5,5898
31,6,5421
31,7,5304
31,8,5803
31,9,8503
31,10,5121
31,11,5839
31,12,6364
31,13,5786
31,14,8466
31,15,5938
31,16,8307
31,17,6218
31,18,6823
31,19,6509
31,20,5304
31,21,6122
31,22,5623
31,23,39003
31,24,13815
31,25,5632
31,26,5113
31,27,5799
31,28,5899
31,29,6164
31,30,6274
31,31,5672
31,32,5850
31,33,5382
31,34,6038
31,35,6374
31,36,6123
31,37,6191
31,38,5596
31,39,6732
31,40,23837
31,41,5639
31,42,6113
31,43,5328
31,44,7442
31,45,5506
31,46,5779
31,47,5785
31,48,5420
31,49,5457
31,50,5271
31,51,6803
31,52,6626
31,53,5822
31,54,5926
31,55,5510
31,56,5408
31,57,5885
31,58,5994
31,59,6292
31,60,5206
31,61,5443
31,62,5537
31,63,5377
32,0,487240
32,1,5577
32,2,5194
32,3,6418
32,4,6986
32,5,5897
32,6,5380
32,7,5439
32,8,5843
32,9,8477
32,10,5042
32,11,5789
32,12,6063
32,13,5760
32,14,8416
32,15,5954
32,16,8244
32,17,6116
32,18,6650
32,19,6521
32,20,5440
32,21,6069
32,22,5555
32,23,37812
32,24,13865
32,25,5275
32,26,5027
32,27,5562
32,28,5661
32,29,6252
32,30,6207
32,31,5607
32,32,5824
32,33,5213
32,34,6029
32,35,6278
32,36,6053
32,37,6104
32,38,5461
32,39,6825
32,40,22802
32,41,5344
32,42,6128
32,43,5253
32,44,7085
32,45,5560
32,46,5715
32,47,5551
32,48,5407
32,49,5391
32,50,5414
32,51,6808
32,52,6504
32,53,5874
32,54,5842
32,55,5503
32,56,5457
32,57,5939
32,58,5815
32,59,6279
32,60,5131
32,61,5554
32,62,5503
32,63,5309
33,0,5553
33,1,6195
33,2,5210
33,3,6319
33,4,6977
33,5,5889
33,6,5400
33,7,5312
33,8,5620
33,9,8592
33,10,5152
33,11,5653
33,12,6103
33,13,5840
33,14,8276
33,15,6274
33,16,8406
33,17,6005
33,18,6472
33,19,6718
33,20,5164
33,21,6282
33,22,5653
33,23,37913
33,24,13775
33,25,5261
33,26,4991
33,27,5662
33,28,5932
33,29,6006
33,30,6253
33,31,5667
33,32,6093
33,33,5249
33,34,5708
33,35,6387
33,36,5950
33,37,6100
33,38,5675
33,39,6890
33,40,22993
33,41,5500
33,42,6198
33,43,5108
33,44,7171
33,45,5215
33,46,5860
33,47,5641
33,48,5464
33,49,5519
33,50,5437
33,51,6853
33,52,6533
33,53,5824
33,54,5670
33,55,5472
33,56,5486
33,57,5908
33,58,6097
33,59,6142
33,60,5119
33,61,5412
33,62,5387
33,63,5509
34,0,491441
34,1,5930
34,2,5427
34,3,6510
34,4,7249
34,5,6044
34,6,5290
34,7,5393
34,8,5708
34,9,8732
34,10,5162
34,11,5743
34,12,6132
34,13,6120
34,14,8143
34,15,5996
34,16,8144
34,17,6198
34,18,6520
34,19,6787
34,20,5371
34,21,6152
34,22,5498
34,23,37461
34,24,13955
34,25,5416
34,26,5058
34,27,5683
34,28,6041
34,29,6131
34,30,6368
34,31,5687
34,32,5624
34,33,5547
34,34,5860
34,35,6301
34,36,6269
34,37,6282
34,38,5846
34,39,6817
34,40,22999
34,41,5511
34,42,6226
34,43,5462
34,44,7365
34,45,5577
34,46,6008
34,47,5759
34,48,5577
34,49,5450
34,50,5212
34,51,6878
34,52,6435
34,53,5935
34,54,5870
34,55,5673
34,56,5344
34,57,6063
34,58,6106
34,59,6391
34,60,5240
34,61,5383
34,62,5482
34,63,5488
35,0,5584
35,1,5973
35,2,5291
35,3,6477
35,4,7175
35,5,6112
35,6,5580
35,7,5300
35,8,5910
35,9,8521
35,10,5242
35,11,5940
35,12,6303
35,13,5741
35,14,8449
35,15,6308
35,16,8189
35,17,6158
35,18,6628
35,19,6750
35,20,5259
35,21,6239
35,22,5482
35,23,38023
35,24,14100
35,25,5422
35,26,5113
35,27,5757
35,28,5932
35,29,6307
35,30,6352
35,31,5667
35,32,5918
35,33,5261
35,34,5921
35,35,6377
35,36,5990
35,37,6253
35,38,5584
35,39,6890
35,40,23956
35,41,5509
35,42,6274
35,43,5069
35,44,7229
35,45,5624
35,46,5801
35,47,5841
35,48,5670
35,49,5371
35,50,5390
35,51,6749
35,52,6676
35,53,5916
35,54,5873
35,55,5480
35,56,5517
35,57,5873
35,58,6126
35,59,6231
35,60,5134
35,61,5370
35,62,5286
35,63,5575
36,0,495729
36,1,6009
36,2,5362
36,3,6546
36,4,7195
36,5,6103
36,6,5535
36,7,5327
36,8,5760
36,9,8472
36,10,5058
36,11,5694
36,12,6140
36,13,5901
36,14,8275
36,15,6065
36,16,8249
36,17,6344
36,18,6676
36,19,6720
36,20,5410
36,21,6125
36,22,5572
36,23,38440
36,24,13612
36,25,5358
36,26,4989
36,27,5664
36,28,5850
36,29,6281
36,30,6158
36,31,5671
36,32,5730
36,33,5332
36,34,5982
36,35,6204
36,36,5899
36,37,6050
36,38,5525
36,39,6984
36,40,23271
36,41,5446
36,42,6252
36,43,5287
36,44,7170
36,45,5518
36,46,5633
36,47,5724
36,48,5683
36,49,5377
36,50,5410
36,51,6966
36,52,6560
36,53,5613
36,54,5827
36,55,5480
36,56,5440
36,57,5999
36,58,6025
36,59,6214
36,60,5337
36,61,5238
36,62,5533
36,63,5411
37,0,5562
37,1,6026
37,2,5353
37,3,6678
37,4,7266
37,5,6045
37,6,5490
37,7,5472
37,8,5756
37,9,8758
37,10,5183
37,11,5866
37,12,6204
37,13,6088
37,14,8478
37,15,6130
37,16,8265
37,17,6273
37,18,6628
37,19,6919
37,20,5501
37,21,6398
37,22,5881
37,23,40196
37,24,13830
37,25,5391
37,26,5236
37,27,5972
37,28,5997
37,29,6433
37,30,6253
37,31,5805
37,32,5873
37,33,5330
37,34,5985
37,35,6536
37,36,6091
37,37,5954
37,38,5659
37,39,7187
37,40,23993
37,41,5485
37,42,6415
37,43,5420
37,44,7361
37,45,5553
37,46,5925
37,47,5734
37,48,5555
37,49,5503
37,50,5491
37,51,7138
37,52,6730
37,53,5799
37,54,5993
37,55,5563
37,56,5535
37,57,5995
37,58,6306
37,59,6046
37,60,5225
37,61,5505
37,62,5644
37,63,5600
38,0,492631
38,1,5944
38,2,5322
38,3,6661
38,4,7117
38,5,6007
38,6,5440
38,7,5372
38,8,5566
38,9,8644
38,10,5198
38,11,5922
38,12,6163
38,13,5979
38,14,8174
38,15,6009
38,16,8359
38,17,6134
38,18,6679
38,19,6654
38,20,5341
38,21,6236
38,22,5712
38,23,39512
38,24,13758
38,25,5374
38,26,5232
38,27,5627
38,28,5885
38,29,6106
38,30,6280
38,31,5936
38,32,5915
38,33,5454
38,34,5913
38,35,6400
38,36,6087
38,37,6237
38,38,5591
38,39,6933
38,40,23828
38,41,5542
38,42,6438
38,43,5237
38,44,7473
38,45,5529
38,46,6041
38,47,5631
38,48,5673
38,49,5494
38,50,5445
38,51,6797
38,52,6491
38,53,5915
38,54,5813
38,55,5563
38,56,5598
38,57,5854
38,58,6001
38,59,6244
38,60,5055
38,61,5343
38,62,5530
38,63,5597
39,0,5482
39,1,5998
39,2,5062
39,3,6500
39,4,6880
39,5,5946
39,6,5448
39,7,5423
39,8,5764
39,9,8554
39,10,5171
39,11,5765
39,12,5919
39,13,6287
39,14,8222
39,15,6230
39,16,8297
39,17,6049
39,18,6587
39,19,6584
39,20,5338
39,21,6099
39,22,5754
39,23,38514
39,24,13649
39,25,5264
39,26,5069
39,27,5662
39,28,5853
39,29,6008
39,30,6159
39,31,5619
39,32,5650
39,33,5101
39,34,5880
39,35,6327
39,36,5927
39,37,6050
39,38,6860
39,39,6621
39,40,23453
39,41,5438
39,42,6067
39,43,5381
39,44,7241
39,45,5413
39,46,5848
39,47,5579
39,48,5643
39,49,5389
39,50,5281
39,51,6736
39,52,6180
39,53,5732
39,54,5753
39,55,5510
39,56,5276
39,57,5734
39,58,6056
39,59,6021
39,60,5157
39,61,5380
39,62,5308
39,63,5524
40,0,492066
40,1,5929
40,2,5433
40,3,6575
40,4,7206
40,5,6083
40,6,5541
40,7,5455
40,8,5826
40,9,8664
40,10,5318
40,11,5905
40,12,6402
40,13,6207
40,14,8300
40,15,6178
40,16,8267
40,17,6126
40,18,6939
40,19,6775
40,20,5346
40,21,6219
40,22,5614
40,23,38033
40,24,13858
40,25,5605
40,26,5126
40,27,5658
40,28,5914
40,29,6242
40,30,6246
40,31,5874
40,32,5890
40,33,5334
40,34,6003
40,35,6379
40,36,5974
40,37,6113
40,38,5919
40,39,6763
40,40,23364
40,41,5549
40,42,6305
40,43,5327
40,44,7279
40,45,5558
40,46,5787
40,47,5705
40,48,5622
40,49,5628
40,50,5496
40,51,6978
40,52,6521
40,53,5871
40,54,5941
40,55,5704
40,56,5573
40,57,6017
40,58,6272
40,59,6591
40,60,5216
40,61,5510
40,62,5568
40,63,5524
41,0,489180
41,1,5697
41,2,5256
41,3,6571
41,4,7054
41,5,5849
41,6,5406
41,7,5325
41,8,5455
41,9,8504
41,10,5124
41,11,5574
41,12,6184
41,13,5731
41,14,8252
41,15,5864
41,16,8073
41,17,6104
41,18,6581
41,19,6633
41,20,5238
41,21,6132
41,22,5575
41,23,37511
41,24,13503
41,25,5380
41,26,5038
41,27,5560
41,28,5930
41,29,6021
41,30,6098
41,31,5548
41,32,5808
41,33,5145
41,34,5756
41,35,6393
41,36,5850
41,37,6057
41,38,5585
41,39,6736
41,40,22849
41,41,5313
41,42,5994
41,43,5260
41,44,7216
41,45,5361
41,46,5765
41,47,5511
41,48,5527
41,49,5261
41,50,5375
41,51,6713
41,52,6304
41,53,5803
41,54,5559
41,55,5358
41,56,5452
41,57,5640
41,58,6099
41,59,6132
41,60,5138
41,61,5305
41,62,5280
41,63,5575
42,0,493406
42,1,6044
42,2,5222
42,3,6301
42,4,7151
42,5,6075
42,6,5508
42,7,5450
42,8,5626
42,9,8394
42,10,5125
42,11,5937
42,12,5983
42,13,5740
42,14,8209
42,15,5906
42,16,8156
42,17,6028
42,18,6642
42,19,6704
42,20,5373
42,21,6223
42,22,5650
42,23,39171
42,24,13707
42,25,5276
42,26,5132
42,27,5818
42,28,6215
42,29,6204
42,30,6267
42,31,5683
42,32,5917
42,33,5268
42,34,5898
42,35,6158
42,36,6054
42,37,6296
42,38,5770
42,39,6901
42,40,23836
42,41,5460
42,42,6234
42,43,5321
42,44,7272
42,45,5542
42,46,5785
42,47,5530
42,48,5364
42,49,5578
42,50,5380
42,51,6736
42,52,6467
42,53,5805
42,54,5728
42,55,5635
42,56,5480
42,57,5953
42,58,5954
42,59,6206
42,60,5209
42,61,5334
42,62,5413
42,63,5299
43,0,489508
43,1,5796
43,2,5469
43,3,6488
43,4,7139
43,5,5916
43,6,5276
43,7,5332
43,8,5688
43,9,8472
43,10,5167
43,11,5690
43,12,6125
43,13,5488
43,14,8370
43,15,5961
43,16,8029
43,17,6168
43,18,6617
43,19,6819
43,20,5112
43,21,6047
43,22,5541
43,23,38095
43,24,13567
43,25,5382
43,26,4891
43,27,5571
43,28,5890
43,29,6041
43,30,6100
43,31,5562
43,32,5719
43,33,5096
43,34,5758
43,35,6313
43,36,5875
43,37,6029
43,38,5806
43,39,6976
43,40,23248
43,41,5405
43,42,6035
43,43,5202
43,44,7249
43,45,5588
43,46,5832
43,47,5572
43,48,5411
43,49,5198
43,50,5330
43,51,6791
43,52,6560
43,53,5803
43,54,5836
43,55,5468
43,56,5486
43,57,6017
43,58,5719
43,59,6191
43,60,5058
43,61,5297
43,62,5393
43,63,5430
44,0,5327
44,1,5896
44,2,5334
44,3,6524
44,4,7132
44,5,6104
44,6,5589
44,7,5398
44,8,5686
44,9,8392
44,10,5119
44,11,5730
44,12,6062
44,13,5846
44,14,8477
44,15,6302
44,16,8706
44,17,6226
44,18,6710
44,19,6853
44,20,5396
44,21,6165
44,22,5603
44,23,38328
44,24,13758
44,25,5285
44,26,5050
44,27,5724
44,28,6253
44,29,6214
44,30,6169
44,31,5911
44,32,5831
44,33,5293
44,34,5903
44,35,6248
44,36,6021
44,37,6258
44,38,5613
44,39,6937
44,40,23172
44,41,5496
44,42,6200
44,43,5354
44,44,7296
44,45,5482
44,46,5916
44,47,5615
44,48,5508
44,49,5475
44,50,5287
44,51,6885
44,52,6496
44,53,5867
44,54,5769
44,55,5635
44,56,5451
44,57,5822
44,58,6144
44,59,6201
44,60,5246
44,61,5550
44,62,5368
44,63,5443
45,0,5421
45,1,6011
45,2,5374
45,3,6492
45,4,7098
45,5,6116
45,6,5368
45,7,5395
45,8,5845
45,9,8514
45,10,5132
45,11,5748
45,12,6040
45,13,6165
45,14,8129
45,15,6155
45,16,8227
45,17,6257
45,18,6486
45,19,6874
45,20,5307
45,21,6159
45,22,5679
45,23,38608
45,24,13987
45,25,5452
45,26,5064
45,27,5743
45,28,5917
45,29,6149
45,30,6277
45,31,5680
45,32,6014
45,33,5274
45,34,5904
45,35,6181
45,36,5974
45,37,6048
45,38,5522
45,39,6833
45,40,23074
45,41,5485
45,42,6125
45,43,5240
45,44,7157
45,45,5262
45,46,5811
45,47,5672
45,48,5740
45,49,5405
45,50,5204
45,51,6907
45,52,6453
45,53,5818
45,54,5917
45,55,5443
45,56,5331
45,57,5894
45,58,6012
45,59,6113
45,60,5154
45,61,5361
45,62,5226
45,63,5526
46,0,492359
46,1,5653
46,2,5312
46,3,6329
46,4,7121
46,5,6006
46,6,5427
46,7,5456
46,8,5764
46,9,8715
46,10,5130
46,11,5896
46,12,6246
46,13,5986
46,14,8355
46,15,6002
46,16,8347
46,17,6422
46,18,6547
46,19,6806
46,20,5551
46,21,6048
46,22,5768
46,23,38005
46,24,13768
46,25,5396
46,26,4986
46,27,5689
46,28,5954
46,29,6333
46,30,6366
46,31,5846
46,32,5878
46,33,5266
46,34,5952
46,35,6072
46,36,6186
46,37,5992
46,38,5681
46,39,6816
46,40,23217
46,41,5452
46,42,6229
46,43,5408
46,44,7244
46,45,5533
46,46,5697
46,47,5603
46,48,5510
46,49,5335
46,50,5382
46,51,6975
46,52,6561
46,53,6006
46,54,5782
46,55,5709
46,56,5326
46,57,5767
46,58,6016
46,59,6251
46,60,5090
46,61,5314
46,62,5366
46,63,5604
47,0,496127
47,1,6218
47,2,5449
47,3,6542
47,4,7338
47,5,5977
47,6,5494
47,7,5413
47,8,5826
47,9,8496
47,10,5155
47,11,5816
47,12,6166
47,13,5948
47,14,8488
47,15,6047
47,16,8343
47,17,6132
47,18,6435
47,19,6777
47,20,5418
47,21,6193
47,22,5440
47,23,39159
47,24,13860
47,25,5442
47,26,5019
47,27,5785
47,28,5978
47,29,6299
47,30,6284
47,31,5672
47,32,5968
47,33,5188
47,34,5998
47,35,6219
47,36,6104
47,37,6112
47,38,5817
47,39,7018
47,40,24081
47,41,5431
47,42,6276
47,43,5335
47,44,7161
47,45,5578
47,46,5694
47,47,5734
47,48,5364
47,49,5459
47,50,5420
47,51,7088
47,52,6717
47,53,5902
47,54,5976
47,55,5548
47,56,5551
47,57,6001
47,58,6076
47,59,6175
47,60,5100
47,61,5443
47,62,5376
47,63,5464
48,0,5494
48,1,6014
48,2,5401
48,3,6533
48,4,7187
48,5,6041
48,6,5461
48,7,5474
48,8,5833
48,9,8520
48,10,5142
48,11,5737
48,12,6224
48,13,5980
48,14,8166
48,15,6075
48,16,8550
48,17,6278
48,18,6473
48,19,6705
48,20,5331
48,21,6116
48,22,5687
48,23,38593
48,24,13755
48,25,5426
48,26,5028
48,27,5699
48,28,5985
48,29,6293
48,30,6269
48,31,5681
48,32,5806
48,33,5460
48,34,6036
48,35,6097
48,36,5909
48,37,6151
48,38,5722
48,39,6801
48,40,23811
48,41,5538
48,42,6335
48,43,5254
48,44,7295
48,45,5565
48,46,5742
48,47,5710
48,48,5508
48,49,5306
48,50,5373
48,51,6945
48,52,6769
48,53,5961
48,54,5622
48,55,5459
48,56,5274
48,57,5813
48,58,5969
48,59,6246
48,60,5200
48,61,5587
48,62,5448
48,63,5633
49,0,495461
49,1,6096
49,2,5362
49,3,6724
49,4,7004
49,5,5898
49,6,5594
49,7,5559
49,8,5873
49,9,8713
49,10,5165
49,11,5869
49,12,6237
49,13,6041
49,14,8280
49,15,6158
49,16,8174
49,17,6206
49,18,6982
49,19,6760
49,20,5423
49,21,6241
49,22,5753
49,23,37502
49,24,13750
49,25,5439
49,26,5145
49,27,5755
49,28,6206
49,29,6328
49,30,6276
49,31,5740
49,32,5746
49,33,5459
49,34,5977
49,35,6171
49,36,6024
49,37,6200
49,38,5697
49,39,7096
49,40,22737
49,41,5585
49,42,6268
49,43,5504
49,44,7530
49,45,5488
49,46,5915
49,47,5784
49,48,5610
49,49,5614
49,50,5327
49,51,7001
49,52,6765
49,53,5949
49,54,5855
49,55,5516
49,56,5492
49,57,5775
49,58,6015
49,59,6428
49,60,5200
49,61,5723
49,62,5484
49,63,5501
50,0,5563
50,1,5923
50,2,5438
50,3,6414
50,4,7123
50,5,5988
50,6,5621
50,7,5632
50,8,5891
50,9,8741
50,10,5308
50,11,5923
50,12,6238
50,13,5781
50,14,8418
50,15,6287
50,16,8137
50,17,6256
50,18,6978
50,19,6853
50,20,5392
50,21,6329
50,22,5560
50,23,38976
50,24,14049
50,25,5273
50,26,5067
50,27,5754
50,28,6153
50,29,6347
50,30,6089
50,31,5960
50,32,5933
50,33,5432
50,34,6199
50,35,6360
50,36,5991
50,37,6183
50,38,6016
50,39,6904
50,40,23274
50,41,5639
50,42,6293
50,43,5285
50,44,7345
50,45,5632
50,46,5899
50,47,5825
50,48,5746
50,49,5466
50,50,5594
50,51,7170
50,52,6867
50,53,6047
50,54,5899
50,55,5539
50,56,5525
50,57,6233
50,58,6105
50,59,6499
50,60,5166
50,61,5460
50,62,5543
50,63,5549
51,0,5367
51,1,5739
51,2,5481
51,3,6524
51,4,7170
51,5,5896
51,6,5462
51,7,5427
51,8,5858
51,9,8421
51,10,5225
51,11,5719
51,12,6159
51,13,6129
51,14,8138
51,15,6084
51,16,8026
51,17,6176
51,18,6800
51,19,6648
51,20,5581
51,21,6105
51,22,5633
51,23,38201
51,24,13733
51,25,5348
51,26,5035
51,27,5698
51,28,5954
51,29,6141
51,30,6311
51,31,5621
51,32,5721
51,33,5186
51,34,5683
51,35,6250
51,36,5983
51,37,6159
51,38,5544
51,39,6749
51,40,22923
51,41,5367
51,42,6189
51,43,5274
51,44,7084
51,45,5369
51,46,5750
51,47,5626
51,48,5447
51,49,5329
51,50,5320
51,51,6699
51,52,6518
51,53,5766
51,54,5761
51,55,5485
51,56,5296
51,57,5612
51,58,6045
51,59,6290
51,60,5267
51,61,5248
51,62,5403
51,63,5345
52,0,485546
52,1,5742
52,2,5263
52,3,6425
52,4,7096
52,5,5878
52,6,5406
52,7,5341
52,8,5670
52,9,8544
52,10,5006
52,11,5691
52,12,6198
52,13,5769
52,14,8367
52,15,5993
52,16,8015
52,17,6110
52,18,6513
52,19,6609
52,20,5405
52,21,6135
52,22,5503
52,23,37507
52,24,13604
52,25,5239
52,26,5015
52,27,5596
52,28,5899
52,29,6176
52,30,6159
52,31,5528
52,32,5582
52,33,5102
52,34,5787
52,35,6255
52,36,6062
52,37,6116
52,38,5547
52,39,6898
52,40,22953
52,41,5308
52,42,6010
52,43,5308
52,44,7156
52,45,5474
52,46,5787
52,47,5754
52,48,5582
52,49,5386
52,50,5331
52,51,7037
52,52,6499
52,53,5775
52,54,5790
52,55,5687
52,56,5318
52,57,5820
52,58,5952
52,59,6091
52,60,4988
52,61,5316
52,62,5488
52,63,5358
53,0,497987
53,1,5967
53,2,5212
53,3,6483
53,4,7306
53,5,6001
53,6,5423
53,7,5473
53,8,5804
53,9,8622
53,10,5030
53,11,5638
53,12,6176
53,13,6022
53,14,8258
53,15,6080
53,16,8362
53,17,6046
53,18,6616
53,19,6543
53,20,5616
53,21,6313
53,22,5516
53,23,38155
53,24,13642
53,25,5505
53,26,4998
53,27,5705
53,28,5892
53,29,6175
53,30,6332
53,31,5637
53,32,5806
53,33,5184
53,34,5814
53,35,6030
53,36,5878
53,37,6080
53,38,5465
53,39,6858
53,40,23197
53,41,5579
53,42,6040
53,43,5330
53,44,7202
53,45,5635
53,46,5731
53,47,5720
53,48,5589
53,49,5320
53,50,5239
53,51,6797
53,52,6607
53,53,5782
53,54,5928
53,55,5526
53,56,5273
53,57,5931
53,58,6049
53,59,6196
53,60,5117
53,61,5545
53,62,5558
53,63,5617
54,0,5402
54,1,6195
54,2,5264
54,3,6649
54,4,6936
54,5,5953
54,6,5486
54,7,5387
54,8,5606
54,9,8739
54,10,5058
54,11,5749
54,12,5947
54,13,6169
54,14,8297
54,15,6039
54,16,8178
54,17,6273
54,18,6562
54,19,6859
54,20,5610
54,21,6126
54,22,5669
54,23,38258
54,24,13896
54,25,5423
54,26,5179
54,27,5739
54,28,5829
54,29,6272
54,30,6451
54,31,5783
54,32,5792
54,33,5246
54,34,5975
54,35,6288
54,36,6045
54,37,6246
54,38,5642
54,39,6977
54,40,23388
54,41,5387
54,42,6122
54,43,5318
54,44,7119
54,45,5542
54,46,5889
54,47,5763
54,48,5300
54,49,5398
54,50,5123
54,51,6767
54,52,6553
54,53,5861
54,54,5865
54,55,5481
54,56,5470
54,57,5975
54,58,5986
54,59,6329
54,60,5074
54,61,5761
54,62,5500
54,63,5526
55,0,497070
55,1,6007
55,2,5362
55,3,6533
55,4,7324
55,5,6004
55,6,5344
55,7,5350
55,8,5967
55,9,8418
55,10,5216
55,11,5689
55,12,6176
55,13,5815
55,14,8383
55,15,6201
55,16,8170
55,17,6152
55,18,6705
55,19,6945
55,20,5571
55,21,6227
55,22,5528
55,23,39454
55,24,13802
55,25,5428
55,26,5242
55,27,5819
55,28,5951
55,29,6229
55,30,6266
55,31,5748
55,32,5960
55,33,5557
55,34,6049
55,35,6275
55,36,5970
55,37,6157
55,38,5605
55,39,6857
55,40,23332
55,41,5515
55,42,6183
55,43,5448
55,44,7296
55,45,5687
55,46,5922
55,47,5690
55,48,5721
55,49,5507
55,50,5448
55,51,6898
55,52,6599
55,53,5952
55,54,5920
55,55,5693
55,56,5439
55,57,6034
55,58,6097
55,59,6278
55,60,5274
55,61,5355
55,62,5513
55,63,5533
56,0,497460
56,1,5988
56,2,5458
56,3,6544
56,4,6941
56,5,5976
56,6,5547
56,7,5547
56,8,5673
56,9,8653
56,10,5292
56,11,5751
56,12,6206
56,13,5931
56,14,8315
56,15,6220
56,16,8146
56,17,6268
56,18,6776
56,19,6976
56,20,5406
56,21,6174
56,22,5732
56,23,38386
56,24,13675
56,25,5456
56,26,5186
56,27,5527
56,28,5884
56,29,6425
56,30,6262
56,31,5717
56,32,5764
56,33,5214
56,34,5961
56,35,6323
56,36,6205
56,37,6202
56,38,5534
56,39,7022
56,40,23141
56,41,5577
56,42,6333
56,43,5305
56,44,7389
56,45,5557
56,46,5743
56,47,5725
56,48,5438
56,49,5460
56,50,5272
56,51,6824
56,52,6593
56,53,5946
56,54,5900
56,55,5593
56,56,5364
56,57,5922
56,58,6092
56,59,6158
56,60,5081
56,61,5658
56,62,5602
56,63,5510
57,0,494833
57,1,5790
57,2,5350
57,3,6523
57,4,7086
57,5,6033
57,6,5563
57,7,5315
57,8,5612
57,9,8703
57,10,5143
57,11,5718
57,12,6157
57,13,6247
57,14,8286
57,15,6455
57,16,8442
57,17,6438
57,18,6981
57,19,6680
57,20,5412
57,21,6141
57,22,5501
57,23,37757
57,24,13778
57,25,5373
57,26,5026
57,27,5551
57,28,5956
57,29,6259
57,30,6184
57,31,5812
57,32,5815
57,33,5185
57,34,5743
57,35,6251
57,36,6021
57,37,6315
57,38,6317
57,39,6759
57,40,23040
57,41,5426
57,42,6150
57,43,5446
57,44,7274
57,45,5504
57,46,5877
57,47,5656
57,48,5671
57,49,5256
57,50,5331
57,51,6833
57,52,6458
57,53,5698
57,54,5807
57,55,5521
57,56,5610
57,57,5868
57,58,6034
57,59,6235
57,60,5096
57,61,5353
57,62,5373
57,63,5652
58,0,5534
58,1,5944
58,2,5532
58,3,6443
58,4,7313
58,5,6192
58,6,5532
58,7,5480
58,8,5772
58,9,8611
58,10,5330
58,11,5749
58,12,6241
58,13,6006
58,14,8332
58,15,6110
58,16,8071
58,17,6045
58,18,6525
58,19,7022
58,20,5446
58,21,6429
58,22,5612
58,23,38414
58,24,13718
58,25,5396
58,26,5098
58,27,5920
58,28,6028
58,29,6267
58,30,6281
58,31,5612
58,32,5902
58,33,5303
58,34,5987
58,35,6230
58,36,5952
58,37,6115
58,38,5721
58,39,6972
58,40,23615
58,41,5636
58,42,6155
58,43,5365
58,44,7192
58,45,5622
58,46,6054
58,47,5735
58,48,5631
58,49,5543
58,50,5348
58,51,6929
58,52,6669
58,53,5914
58,54,5856
58,55,5664
58,56,5431
58,57,5990
58,58,6167
58,59,6254
58,60,5297
58,61,5299
58,62,5405
58,63,5428
59,0,495025
59,1,5816
59,2,5345
59,3,6390
59,4,7023
59,5,5795
59,6,5444
59,7,5459
59,8,5806
59,9,8623
59,10,4970
59,11,5817
59,12,6191
59,13,6133
59,14,8238
59,15,6235
59,16,8468
59,17,6033
59,18,6583
59,19,6369
59,20,5434
59,21,6262
59,22,5657
59,23,37862
59,24,13819
59,25,5200
59,26,5027
59,27,5550
59,28,5907
59,29,6143
59,30,6424
59,31,5819
59,32,5777
59,33,5122
59,34,5872
59,35,6299
59,36,6057
59,37,6103
59,38,5522
59,39,6705
59,40,23119
59,41,5580
59,42,6241
59,43,5211
59,44,7227
59,45,5539
59,46,5700
59,47,5613
59,48,5607
59,49,5380
59,50,5378
59,51,7065
59,52,6543
59,53,5771
59,54,5788
59,55,5618
59,56,5396
59,57,5833
59,58,6078
59,59,6199
59,60,5168
59,61,5463
59,62,5496
59,63,5441
60,0,494279
60,1,5853
60,2,5325
60,3,6474
60,4,7086
60,5,6182
60,6,5404
60,7,5424
60,8,5847
60,9,8712
60,10,5114
60,11,5666
60,12,6239
60,13,5713
60,14,8338
60,15,6439
60,16,8165
60,17,6086
60,18,6564
60,19,6606
60,20,5355
60,21,6028
60,22,5693
60,23,37927
60,24,13734
60,25,5304
60,26,4942
60,27,5730
60,28,6114
60,29,6226
60,30,6079
60,31,5725
60,32,5851
60,33,5591
60,34,5757
60,35,6265
60,36,6059
60,37,6089
60,38,5788
60,39,7048
60,40,23527
60,41,5479
60,42,6050
60,43,5212
60,44,7252
60,45,5399
60,46,5958
60,47,5582
60,48,5470
60,49,5462
60,50,5464
60,51,6849
60,52,6649
60,53,5918
60,54,5700
60,55,5627
60,56,5534
60,57,5984
60,58,5959
60,59,6450
60,60,5247
60,61,5686
60,62,5339
60,63,5555
61,0,5463
61,1,5726
61,2,5191
61,3,6624
61,4,7107
61,5,6042
61,6,5505
61,7,5316
61,8,5692
61,9,8570
61,10,5187
61,11,5826
61,12,6068
61,13,5777
61,14,8327
61,15,6340
61,16,8363
61,17,6213
61,18,6586
61,19,6671
61,20,5242
61,21,6064
61,22,5526
61,23,37604
61,24,13966
61,25,5591
61,26,5198
61,27,5613
61,28,5790
61,29,6201
61,30,6291
61,31,5773
61,32,5754
61,33,5225
61,34,6061
61,35,6296
61,36,5943
61,37,5933
61,38,5804
61,39,6903
61,40,23134
61,41,5330
61,42,6244
61,43,5216
61,44,7118
61,45,5318
61,46,5846
61,47,5591
61,48,5508
61,49,5475
61,50,5268
61,51,6766
61,52,6593
61,53,5790
61,54,5929
61,55,5379
61,56,5347
61,57,5808
61,58,5991
61,59,6218
61,60,5087
61,61,5331
61,62,5308
61,63,5640
62,0,499443
62,1,6042
62,2,5290
62,3,6498
62,4,6997
62,5,6097
62,6,5473
62,7,5493
62,8,6017
62,9,8636
62,10,5117
62,11,5744
62,12,6323
62,13,6084
62,14,8299
62,15,6166
62,16,8301
62,17,6297
62,18,6702
62,19,6976
62,20,5545
62,21,6229
62,22,5576
62,23,38354
62,24,13881
62,25,5434
62,26,5071
62,27,5586
62,28,6049
62,29,6223
62,30,6403
62,31,5650
62,32,5797
62,33,5336
62,34,5942
62,35,6134
62,36,6103
62,37,6064
62,38,5558
62,39,7074
62,40,23718
62,41,5642
62,42,6118
62,43,5256
62,44,7284
62,45,5703
62,46,5775
62,47,5686
62,48,5554
62,49,5487
62,50,5524
62,51,6986
62,52,6489
62,53,5840
62,54,5940
62,55,5523
62,56,5397
62,57,6005
62,58,6067
62,59,6182
62,60,5279
62,61,5595
62,62,5503
62,63,5510
63,0,485466
63,1,6019
63,2,5236
63,3,6278
63,4,7056
63,5,5932
63,6,5217
63,7,5419
63,8,5573
63,9,8398
63,10,5022
63,11,5855
63,12,6073
63,13,5860
63,14,7883
63,15,6029
63,16,8052
63,17,6000
63,18,6360
63,19,6502
63,20,5309
63,21,6095
63,22,5621
63,23,38179
63,24,13476
63,25,5400
63,26,5142
63,27,5635
63,28,5948
63,29,6110
63,30,6108
63,31,5681
63,32,5678
63,33,5302
63,34,5877
63,35,6118
63,36,6058
63,37,6087
63,38,5589
63,39,6924
63,40,23143
63,41,5400
63,42,5983
63,43,5188
63,44,7105
63,45,5532
63,46,5737
63,47,5528
63,48,5490
63,49,5318
63,50,5223
63,51,6863
63,52,6682
63,53,5677
63,54,5627
63,55,5581
63,56,5367
63,57,6005
63,58,6123
63,59,6112
63,60,5212
63,61,5538
63,62,5315
63,63,5337
