0,0,14571
0,1,14438
0,2,13923
0,3,14437
0,4,14318
0,5,14284
0,6,14470
0,7,14123
0,8,14493
0,9,14250
0,10,14442
0,11,14398
0,12,14212
0,13,14465
0,14,14497
0,15,14328
0,16,14691
0,17,14700
0,18,14354
0,19,14421
0,20,14243
0,21,14047
0,22,14551
0,23,14381
0,24,14324
0,25,14199
0,26,14077
0,27,14089
0,28,13920
0,29,14220
0,30,14405
0,31,14412
0,32,14120
0,33,14099
0,34,14361
0,35,14221
0,36,14309
0,37,14412
0,38,14487
0,39,14120
0,40,14201
0,41,13911
0,42,14079
0,43,14208
0,44,14325
0,45,14269
0,46,14266
0,47,13890
0,48,14465
0,49,14372
0,50,14239
0,51,14286
0,52,14134
0,53,14503
0,54,14551
0,55,14365
0,56,14404
0,57,14333
0,58,14443
0,59,14223
0,60,14188
0,61,14379
0,62,14155
0,63,14015
1,0,15820
1,1,15396
1,2,15290
1,3,15502
1,4,15478
1,5,15258
1,6,15453
1,7,15015
1,8,15331
1,9,15401
1,10,15305
1,11,15584
1,12,15322
1,13,15578
1,14,15314
1,15,15368
1,16,15461
1,17,15071
1,18,14918
1,19,15500
1,20,15376
1,21,15557
1,22,15259
1,23,15499
1,24,15465
1,25,15374
1,26,15062
1,27,15201
1,28,15119
1,29,15383
1,30,15323
1,31,15260
1,32,15016
1,33,15419
1,34,15533
1,35,15407
1,36,15281
1,37,15523
1,38,15461
1,39,15357
1,40,15397
1,41,15158
1,42,15347
1,43,15106
1,44,15231
1,45,15336
1,46,15333
1,47,15519
1,48,15401
1,49,15257
1,50,15689
1,51,15172
1,52,15149
1,53,15463
1,54,15215
1,55,15517
1,56,15330
1,57,15337
1,58,15485
1,59,15231
1,60,15461
1,61,15186
1,62,15376
1,63,14972
2,0,14904
2,1,14607
2,2,14805
2,3,14707
2,4,14738
2,5,14620
2,6,15155
2,7,14782
2,8,14947
2,9,15052
2,10,14708
2,11,14789
2,12,14975
2,13,14797
2,14,15017
2,15,14917
2,16,14955
2,17,14920
2,18,14622
2,19,14857
2,20,14858
2,21,14723
2,22,15299
2,23,15047
2,24,14877
2,25,14683
2,26,14801
2,27,14536
2,28,14582
2,29,14904
2,30,14847
2,31,14861
2,32,14546
2,33,14815
2,34,14978
2,35,15008
2,36,15000
2,37,14891
2,38,14780
2,39,14675
2,40,14953
2,41,14698
2,42,14993
2,43,14620
2,44,14778
2,45,14782
2,46,14934
2,47,14973
2,48,14879
2,49,15049
2,50,14831
2,51,14589
2,52,14631
2,53,14889
2,54,14755
2,55,14916
2,56,14932
2,57,14692
2,58,15143
2,59,14994
2,60,14929
2,61,14659
2,62,15364
2,63,14487
3,0,14777
3,1,14594
3,2,14383
3,3,14697
3,4,14807
3,5,14481
3,6,14970
3,7,14405
3,8,14620
3,9,14774
3,10,14326
3,11,14765
3,12,14675
3,13,14586
3,14,14853
3,15,14643
3,16,14698
3,17,14581
3,18,14622
3,19,14999
3,20,14340
3,21,14748
3,22,14989
3,23,14671
3,24,14470
3,25,14640
3,26,14376
3,27,14360
3,28,14384
3,29,14633
3,30,14432
3,31,14552
3,32,14277
3,33,14508
3,34,14511
3,35,14649
3,36,14726
3,37,14618
3,38,14631
3,39,14485
3,40,14651
3,41,14284
3,42,14641
3,43,14084
3,44,14565
3,45,14461
3,46,14508
3,47,14729
3,48,14581
3,49,14720
3,50,14869
3,51,14342
3,52,14297
3,53,14406
3,54,14605
3,55,14569
3,56,14746
3,57,14512
3,58,14892
3,59,14815
3,60,14902
3,61,14392
3,62,14662
3,63,14315
4,0,15299
4,1,14892
4,2,15096
4,3,14865
4,4,15050
4,5,14918
4,6,14985
4,7,14973
4,8,15137
4,9,15103
4,10,14710
4,11,15097
4,12,15078
4,13,15061
4,14,14925
4,15,14932
4,16,15176
4,17,14928
4,18,15033
4,19,15343
4,20,14739
4,21,14942
4,22,15126
4,23,15188
4,24,14561
4,25,15093
4,26,14728
4,27,14536
4,28,14912
4,29,15039
4,30,14707
4,31,14877
4,32,14866
4,33,14772
4,34,15073
4,35,14889
4,36,14728
4,37,15318
4,38,14994
4,39,14829
4,40,14929
4,41,14603
4,42,14978
4,43,14636
4,44,14792
4,45,14809
4,46,14864
4,47,15090
4,48,14956
4,49,15072
4,50,14783
4,51,15086
4,52,14581
4,53,14876
4,54,14790
4,55,15144
4,56,15263
4,57,15046
4,58,15178
4,59,14778
4,60,14912
4,61,14821
4,62,14815
4,63,14825
5,0,14529
5,1,14673
5,2,14447
5,3,14254
5,4,14305
5,5,14317
5,6,14389
5,7,14421
5,8,14512
5,9,14991
5,10,14474
5,11,14287
5,12,14442
5,13,14734
5,14,14708
5,15,14340
5,16,14926
5,17,14295
5,18,14226
5,19,14480
5,20,14485
5,21,14657
5,22,14593
5,23,14571
5,24,14365
5,25,14608
5,26,14283
5,27,14325
5,28,14381
5,29,14452
5,30,14413
5,31,14375
5,32,14165
5,33,14479
5,34,14409
5,35,14572
5,36,14504
5,37,14558
5,38,14652
5,39,14506
5,40,14166
5,41,14297
5,42,14512
5,43,14250
5,44,14284
5,45,14316
5,46,14369
5,47,14614
5,48,14574
5,49,14571
5,50,14559
5,51,14321
5,52,14127
5,53,14592
5,54,14153
5,55,14613
5,56,14522
5,57,14398
5,58,14580
5,59,14152
5,60,14463
5,61,14255
5,62,14942
5,63,14445
6,0,14787
6,1,14331
6,2,14592
6,3,14597
6,4,14451
6,5,14337
6,6,14598
6,7,14252
6,8,14461
6,9,14654
6,10,14460
6,11,14871
6,12,14853
6,13,14279
6,14,14465
6,15,14506
6,16,14771
6,17,14335
6,18,14451
6,19,14640
6,20,14389
6,21,14572
6,22,14588
6,23,14623
6,24,13993
6,25,14538
6,26,14186
6,27,14514
6,28,14348
6,29,14363
6,30,14645
6,31,14502
6,32,14326
6,33,14840
6,34,14598
6,35,14863
6,36,14628
6,37,14686
6,38,14489
6,39,14453
6,40,14616
6,41,14584
6,42,14355
6,43,14544
6,44,14425
6,45,14621
6,46,14428
6,47,14451
6,48,14720
6,49,14599
6,50,14823
6,51,14523
6,52,14138
6,53,14428
6,54,14297
6,55,14598
6,56,14330
6,57,14396
6,58,14955
6,59,14578
6,60,14581
6,61,14362
6,62,14505
6,63,14131
7,0,15021
7,1,14817
7,2,14603
7,3,14862
7,4,14832
7,5,14597
7,6,15019
7,7,14769
7,8,14846
7,9,15152
7,10,14818
7,11,14870
7,12,14811
7,13,14949
7,14,14902
7,15,14728
7,16,15172
7,17,14798
7,18,14827
7,19,14826
7,20,14974
7,21,14755
7,22,15106
7,23,15051
7,24,14427
7,25,14949
7,26,14741
7,27,14613
7,28,14651
7,29,14745
7,30,14735
7,31,14515
7,32,14505
7,33,14743
7,34,14919
7,35,15089
7,36,15042
7,37,14918
7,38,14854
7,39,14653
7,40,14984
7,41,14571
7,42,14487
7,43,14407
7,44,14649
7,45,14681
7,46,14606
7,47,14974
7,48,14751
7,49,14760
7,50,15199
7,51,14528
7,52,14790
7,53,14878
7,54,14683
7,55,15088
7,56,14874
7,57,14764
7,58,14800
7,59,14642
7,60,14788
7,61,14764
7,62,15386
7,63,14501
8,0,15264
8,1,14641
8,2,14462
8,3,14794
8,4,14816
8,5,14401
8,6,14832
8,7,14628
8,8,14627
8,9,14729
8,10,14810
8,11,14666
8,12,14583
8,13,14829
8,14,14630
8,15,14588
8,16,14919
8,17,14643
8,18,14435
8,19,14784
8,20,14542
8,21,14754
8,22,14823
8,23,14754
8,24,14627
8,25,14912
8,26,14534
8,27,14493
8,28,14689
8,29,14740
8,30,14705
8,31,14734
8,32,14450
8,33,14458
8,34,14450
8,35,14737
8,36,14625
8,37,14900
8,38,14328
8,39,14283
8,40,14716
8,41,14443
8,42,14497
8,43,14594
8,44,14563
8,45,14428
8,46,14534
8,47,14900
8,48,14670
8,49,14672
8,50,14995
8,51,14402
8,52,14455
8,53,14709
8,54,14992
8,55,14911
8,56,14849
8,57,14514
8,58,14696
8,59,14479
8,60,14346
8,61,14508
8,62,15097
8,63,14345
9,0,14402
9,1,14545
9,2,14445
9,3,14423
9,4,14456
9,5,14335
9,6,14506
9,7,14240
9,8,14372
9,9,14603
9,10,14383
9,11,14508
9,12,14452
9,13,14801
9,14,14501
9,15,14586
9,16,14471
9,17,14264
9,18,14097
9,19,14530
9,20,14512
9,21,14316
9,22,14267
9,23,14593
9,24,14356
9,25,14444
9,26,14173
9,27,14272
9,28,14178
9,29,14762
9,30,14327
9,31,14358
9,32,14224
9,33,14548
9,34,14356
9,35,14579
9,36,14320
9,37,14618
9,38,14299
9,39,14111
9,40,14226
9,41,14059
9,42,14223
9,43,14184
9,44,14286
9,45,14280
9,46,14221
9,47,14404
9,48,14415
9,49,14472
9,50,14555
9,51,14448
9,52,14202
9,53,14451
9,54,14275
9,55,14540
9,56,14305
9,57,14554
9,58,14376
9,59,14421
9,60,14386
9,61,14161
9,62,14680
9,63,14286
10,0,15310
10,1,15377
10,2,15026
10,3,15138
10,4,15248
10,5,15068
10,6,15339
10,7,14957
10,8,15155
10,9,15064
10,10,14881
10,11,14859
10,12,15078
10,13,15400
10,14,15239
10,15,14783
10,16,15155
10,17,14963
10,18,14944
10,19,15391
10,20,15184
10,21,15041
10,22,15221
10,23,15150
10,24,14831
10,25,15315
10,26,14946
10,27,14834
10,28,14800
10,29,15045
10,30,15026
10,31,15035
10,32,14921
10,33,15094
10,34,14964
10,35,15116
10,36,15280
10,37,15276
10,38,15207
10,39,14942
10,40,15200
10,41,14835
10,42,15302
10,43,14801
10,44,15041
10,45,15059
10,46,15168
10,47,15258
10,48,15156
10,49,15130
10,50,15279
10,51,14987
10,52,14949
10,53,15186
10,54,14879
10,55,15146
10,56,14967
10,57,15091
10,58,15372
10,59,15235
10,60,14953
10,61,15009
10,62,15134
10,63,14832
11,0,14296
11,1,14287
11,2,14179
11,3,14389
11,4,14259
11,5,14160
11,6,14356
11,7,14119
11,8,14139
11,9,14381
11,10,13947
11,11,13978
11,12,14279
11,13,14399
11,14,14300
11,15,14070
11,16,14494
11,17,14073
11,18,14251
11,19,14301
11,20,14141
11,21,14269
11,22,14242
11,23,14365
11,24,13975
11,25,14215
11,26,14139
11,27,14253
11,28,13856
11,29,14428
11,30,14131
11,31,14175
11,32,13829
11,33,14054
11,34,14136
11,35,14209
11,36,14285
11,37,14231
11,38,14091
11,39,13782
11,40,14235
11,41,14053
11,42,14234
11,43,14022
11,44,14279
11,45,14096
11,46,14046
11,47,14135
11,48,14113
11,49,14395
11,50,14239
11,51,14166
11,52,13935
11,53,14081
11,54,13884
11,55,14392
11,56,14537
11,57,14141
11,58,14224
11,59,14155
11,60,14019
11,61,14288
11,62,14192
11,63,13837
12,0,15076
12,1,14682
12,2,14870
12,3,14912
12,4,14925
12,5,14570
12,6,14904
12,7,14718
12,8,14882
12,9,14850
12,10,14608
12,11,14796
12,12,14468
12,13,14733
12,14,14738
12,15,14927
12,16,15061
12,17,14658
12,18,14545
12,19,14771
12,20,14880
12,21,14640
12,22,14797
12,23,14666
12,24,14606
12,25,14727
12,26,14718
12,27,14369
12,28,14564
12,29,14905
12,30,14574
12,31,14950
12,32,14703
12,33,14823
12,34,14656
12,35,14723
12,36,14734
12,37,15035
12,38,14769
12,39,14713
12,40,14930
12,41,14578
12,42,14719
12,43,14569
12,44,14749
12,45,14801
12,46,14602
12,47,14726
12,48,14847
12,49,14859
12,50,14912
12,51,14684
12,52,14443
12,53,14846
12,54,14633
12,55,14942
12,56,14892
12,57,14856
12,58,14777
12,59,14603
12,60,14663
12,61,14762
12,62,14701
12,63,14564
13,0,14697
13,1,14257
13,2,14193
13,3,14457
13,4,14376
13,5,13904
13,6,14601
13,7,14074
13,8,14242
13,9,14577
13,10,14179
13,11,14440
13,12,14771
13,13,14391
13,14,14658
13,15,14317
13,16,14657
13,17,14377
13,18,14221
13,19,14385
13,20,13918
13,21,14193
13,22,14121
13,23,14648
13,24,14112
13,25,14335
13,26,14228
13,27,14396
13,28,14135
13,29,14251
13,30,14356
13,31,14422
13,32,13795
13,33,14242
13,34,14306
13,35,14354
13,36,14267
13,37,14536
13,38,14345
13,39,13980
13,40,14650
13,41,14226
13,42,14213
13,43,14220
13,44,14479
13,45,14101
13,46,14152
13,47,14255
13,48,14266
13,49,14250
13,50,14161
13,51,14083
13,52,13986
13,53,14254
13,54,14308
13,55,14469
13,56,14365
13,57,14446
13,58,14372
13,59,14188
13,60,14243
13,61,14234
13,62,14224
13,63,14271
14,0,15255
14,1,14914
14,2,14732
14,3,15042
14,4,14940
14,5,14667
14,6,15193
14,7,14912
14,8,14724
14,9,15160
14,10,14663
14,11,15159
14,12,15125
14,13,15079
14,14,15044
14,15,14807
14,16,15003
14,17,14834
14,18,14862
14,19,15056
14,20,14692
14,21,14884
14,22,14973
14,23,15116
14,24,14816
14,25,15038
14,26,14786
14,27,14761
14,28,14895
14,29,14971
14,30,14851
14,31,14815
14,32,14602
14,33,15162
14,34,14739
14,35,15169
14,36,14900
14,37,14988
14,38,15111
14,39,14928
14,40,15038
14,41,14611
14,42,14868
14,43,14840
14,44,15062
14,45,14836
14,46,14962
14,47,15259
14,48,14865
14,49,14923
14,50,15107
14,51,14826
14,52,14961
14,53,14990
14,54,15177
14,55,15018
14,56,15065
14,57,14750
14,58,15002
14,59,15110
14,60,14759
14,61,15127
14,62,15112
14,63,14472
15,0,14981
15,1,15023
15,2,14857
15,3,15087
15,4,15278
15,5,14683
15,6,15070
15,7,15034
15,8,14988
15,9,15142
15,10,14895
15,11,15257
15,12,14988
15,13,15203
15,14,15115
15,15,15106
15,16,15330
15,17,14943
15,18,14940
15,19,15044
15,20,15053
15,21,14841
15,22,15197
15,23,14866
15,24,14864
15,25,15160
15,26,15079
15,27,14888
15,28,14943
15,29,15082
15,30,14994
15,31,14902
15,32,14909
15,33,14877
15,34,15072
15,35,14974
15,36,14860
15,37,15254
15,38,15044
15,39,14814
15,40,15144
15,41,14995
15,42,15271
15,43,14718
15,44,14939
15,45,14858
15,46,14954
15,47,15036
15,48,15163
15,49,15241
15,50,14935
15,51,14940
15,52,14569
15,53,14788
15,54,14814
15,55,15089
15,56,15241
15,57,14878
15,58,15233
15,59,14988
15,60,15244
15,61,14691
15,62,15132
15,63,14660
16,0,14699
16,1,14452
16,2,14237
16,3,14475
16,4,14483
16,5,14451
16,6,14265
16,7,14557
16,8,14348
16,9,14656
16,10,14326
16,11,14529
16,12,14690
16,13,14403
16,14,14651
16,15,14339
16,16,14838
16,17,14185
16,18,14358
16,19,14754
16,20,14216
16,21,14562
16,22,14685
16,23,14581
16,24,14674
16,25,14447
16,26,14687
16,27,14268
16,28,14080
16,29,14732
16,30,14390
16,31,14575
16,32,14067
16,33,14550
16,34,14511
16,35,14594
16,36,14489
16,37,14730
16,38,14433
16,39,14416
16,40,14709
16,41,14422
16,42,14531
16,43,14307
16,44,14679
16,45,14450
16,46,14635
16,47,14535
16,48,14442
16,49,14432
16,50,14544
16,51,14487
16,52,14344
16,53,14636
16,54,14527
16,55,14375
16,56,14622
16,57,14335
16,58,14669
16,59,14124
16,60,14803
16,61,14510
16,62,14177
16,63,14384
17,0,15062
17,1,14808
17,2,14619
17,3,14758
17,4,14806
17,5,14480
17,6,15052
17,7,14582
17,8,14929
17,9,14930
17,10,14574
17,11,14831
17,12,14890
17,13,14568
17,14,14922
17,15,14887
17,16,14743
17,17,14658
17,18,14618
17,19,14698
17,20,14593
17,21,14931
17,22,14955
17,23,14701
17,24,14890
17,25,14974
17,26,14561
17,27,14436
17,28,14656
17,29,14862
17,30,14870
17,31,14866
17,32,14537
17,33,14399
17,34,14592
17,35,14908
17,36,14885
17,37,14904
17,38,14631
17,39,14691
17,40,14664
17,41,14608
17,42,14744
17,43,14545
17,44,14879
17,45,14389
17,46,14693
17,47,14660
17,48,14812
17,49,14676
17,50,14866
17,51,14635
17,52,14493
17,53,14788
17,54,14367
17,55,14960
17,56,14805
17,57,14882
17,58,14829
17,59,14732
17,60,14993
17,61,14520
17,62,14951
17,63,14472
18,0,15005
18,1,14471
18,2,14371
18,3,14587
18,4,14421
18,5,14469
18,6,14796
18,7,14476
18,8,14460
18,9,14637
18,10,14327
18,11,14526
18,12,14576
18,13,14567
18,14,14801
18,15,14428
18,16,14931
18,17,14441
18,18,14392
18,19,14703
18,20,14707
18,21,14478
18,22,14541
18,23,14801
18,24,14438
18,25,14591
18,26,14690
18,27,14406
18,28,14255
18,29,14606
18,30,14582
18,31,14626
18,32,14221
18,33,14496
18,34,14557
18,35,14592
18,36,14360
18,37,14607
18,38,14407
18,39,14420
18,40,14631
18,41,14222
18,42,14643
18,43,14389
18,44,14498
18,45,14178
18,46,14401
18,47,14539
18,48,14947
18,49,14603
18,50,14546
18,51,14348
18,52,14134
18,53,14590
18,54,14357
18,55,14589
18,56,14642
18,57,14378
18,58,14748
18,59,14461
18,60,14680
18,61,14510
18,62,14736
18,63,14375
19,0,14740
19,1,14556
19,2,14586
19,3,14761
19,4,14904
19,5,14371
19,6,14587
19,7,14467
19,8,14557
19,9,14925
19,10,14547
19,11,15107
19,12,14722
19,13,14839
19,14,14675
19,15,14934
19,16,14931
19,17,14745
19,18,14537
19,19,14721
19,20,14464
19,21,14657
19,22,14770
19,23,14858
19,24,14709
19,25,14728
19,26,14736
19,27,14662
19,28,14453
19,29,14890
19,30,14876
19,31,14877
19,32,14622
19,33,14771
19,34,14669
19,35,14790
19,36,14619
19,37,14774
19,38,14692
19,39,14760
19,40,14651
19,41,14382
19,42,14845
19,43,14505
19,44,14670
19,45,14849
19,46,14507
19,47,14825
19,48,14462
19,49,14539
19,50,14971
19,51,14699
19,52,14512
19,53,14651
19,54,14658
19,55,14715
19,56,14750
19,57,14559
19,58,14830
19,59,14612
19,60,14832
19,61,14685
19,62,14806
19,63,14478
20,0,14616
20,1,14545
20,2,14208
20,3,14068
20,4,14587
20,5,14017
20,6,14553
20,7,14216
20,8,14220
20,9,14543
20,10,13857
20,11,14340
20,12,14409
20,13,14260
20,14,14255
20,15,14143
20,16,14599
20,17,14044
20,18,14372
20,19,14364
20,20,14328
20,21,14212
20,22,14483
20,23,14361
20,24,14085
20,25,14183
20,26,14078
20,27,13821
20,28,14144
20,29,14703
20,30,14204
20,31,14480
20,32,13972
20,33,14396
20,34,14174
20,35,14508
20,36,14033
20,37,14308
20,38,14424
20,39,14056
20,40,14546
20,41,13915
20,42,14383
20,43,14017
20,44,14081
20,45,14535
20,46,14316
20,47,14513
20,48,14293
20,49,14555
20,50,14369
20,51,14053
20,52,14073
20,53,14234
20,54,14064
20,55,14237
20,56,14135
20,57,14506
20,58,14332
20,59,14114
20,60,14447
20,61,14434
20,62,14247
20,63,13957
21,0,14744
21,1,14482
21,2,14500
21,3,14628
21,4,14681
21,5,14510
21,6,14675
21,7,14614
21,8,14893
21,9,14809
21,10,14805
21,11,14775
21,12,14730
21,13,14853
21,14,14720
21,15,14607
21,16,14879
21,17,14448
21,18,14576
21,19,14641
21,20,14527
21,21,14628
21,22,14728
21,23,14656
21,24,14707
21,25,14544
21,26,14405
21,27,14416
21,28,14364
21,29,14554
21,30,14472
21,31,14431
21,32,14300
21,33,14469
21,34,14583
21,35,14877
21,36,14450
21,37,14348
21,38,14610
21,39,14587
21,40,14589
21,41,14463
21,42,14404
21,43,14519
21,44,14660
21,45,14858
21,46,14888
21,47,14565
21,48,14697
21,49,14704
21,50,14766
21,51,14335
21,52,14283
21,53,14704
21,54,14767
21,55,14496
21,56,14985
21,57,14669
21,58,14888
21,59,14645
21,60,14436
21,61,14567
21,62,14908
21,63,14336
22,0,14622
22,1,14782
22,2,14555
22,3,14495
22,4,14492
22,5,14336
22,6,14842
22,7,14383
22,8,14647
22,9,15057
22,10,14599
22,11,14390
22,12,14398
22,13,14576
22,14,14727
22,15,14469
22,16,14645
22,17,14346
22,18,14329
22,19,14494
22,20,14709
22,21,14371
22,22,14873
22,23,14343
22,24,14556
22,25,14652
22,26,14441
22,27,14347
22,28,14440
22,29,14807
22,30,14424
22,31,14870
22,32,14324
22,33,14866
22,34,14857
22,35,14521
22,36,14718
22,37,14704
22,38,14835
22,39,14308
22,40,14482
22,41,14417
22,42,14523
22,43,14355
22,44,14501
22,45,14448
22,46,14546
22,47,14466
22,48,14554
22,49,14572
22,50,14907
22,51,14698
22,52,14468
22,53,14474
22,54,14287
22,55,14572
22,56,14641
22,57,14515
22,58,14748
22,59,14481
22,60,14781
22,61,14597
22,62,14554
22,63,14464
23,0,15125
23,1,15171
23,2,14885
23,3,15213
23,4,15058
23,5,15070
23,6,15229
23,7,14858
23,8,14921
23,9,14842
23,10,14895
23,11,15238
23,12,15158
23,13,15010
23,14,15155
23,15,14831
23,16,15129
23,17,14862
23,18,15087
23,19,15254
23,20,15042
23,21,15111
23,22,15109
23,23,15009
23,24,14892
23,25,15057
23,26,14732
23,27,14652
23,28,14602
23,29,15126
23,30,14743
23,31,15006
23,32,14974
23,33,14660
23,34,14840
23,35,14825
23,36,14725
23,37,15098
23,38,14861
23,39,14806
23,40,15092
23,41,14677
23,42,14731
23,43,14604
23,44,15186
23,45,15087
23,46,14891
23,47,14752
23,48,14908
23,49,15184
23,50,15094
23,51,14718
23,52,14688
23,53,14698
23,54,14756
23,55,15291
23,56,14963
23,57,15105
23,58,14977
23,59,14850
23,60,14726
23,61,14856
23,62,15218
23,63,14578
24,0,14471
24,1,14204
24,2,14271
24,3,14328
24,4,14215
24,5,14219
24,6,14194
24,7,14268
24,8,14141
24,9,14358
24,10,14221
24,11,14466
24,12,14103
24,13,14527
24,14,14410
24,15,13952
24,16,14383
24,17,14126
24,18,13893
24,19,14435
24,20,14352
24,21,14405
24,22,14281
24,23,14374
24,24,14022
24,25,14404
24,26,14091
24,27,14036
24,28,14101
24,29,14380
24,30,14237
24,31,14382
24,32,14247
24,33,14466
24,34,14099
24,35,14576
24,36,14218
24,37,14398
24,38,14259
24,39,13974
24,40,14326
24,41,14043
24,42,14021
24,43,14128
24,44,14273
24,45,14294
24,46,14234
24,47,14440
24,48,14097
24,49,14076
24,50,14222
24,51,14351
24,52,14217
24,53,14168
24,54,14074
24,55,14222
24,56,14328
24,57,13972
24,58,14434
24,59,14314
24,60,14130
24,61,14012
24,62,14430
24,63,14157
25,0,14561
25,1,14322
25,2,14175
25,3,14338
25,4,14334
25,5,13916
25,6,14193
25,7,14184
25,8,14325
25,9,14467
25,10,13996
25,11,14324
25,12,14062
25,13,14172
25,14,14299
25,15,14053
25,16,14293
25,17,14008
25,18,14062
25,19,14486
25,20,14122
25,21,14421
25,22,14429
25,23,14315
25,24,14107
25,25,14248
25,26,14052
25,27,13995
25,28,13907
25,29,14108
25,30,14213
25,31,14368
25,32,14059
25,33,14034
25,34,14090
25,35,14126
25,36,14103
25,37,14363
25,38,14134
25,39,13972
25,40,14031
25,41,13957
25,42,14103
25,43,14039
25,44,14284
25,45,14258
25,46,14237
25,47,14357
25,48,14131
25,49,14515
25,50,14369
25,51,14098
25,52,13901
25,53,14284
25,54,14259
25,55,14306
25,56,14137
25,57,14220
25,58,14370
25,59,14039
25,60,14338
25,61,14103
25,62,14140
25,63,13856
26,0,14674
26,1,14606
26,2,14696
26,3,14756
26,4,14749
26,5,14769
26,6,14945
26,7,14700
26,8,14862
26,9,14996
26,10,14842
26,11,14975
26,12,14864
26,13,14659
26,14,14805
26,15,14544
26,16,14907
26,17,14641
26,18,14907
26,19,14737
26,20,14649
26,21,14648
26,22,15036
26,23,14853
26,24,14660
26,25,14701
26,26,14557
26,27,14691
26,28,14687
26,29,14984
26,30,14764
26,31,14599
26,32,14500
26,33,14527
26,34,14691
26,35,14958
26,36,14800
26,37,14840
26,38,14745
26,39,14652
26,40,14385
26,41,14606
26,42,14735
26,43,14843
26,44,14875
26,45,14526
26,46,14679
26,47,14841
26,48,14829
26,49,14574
26,50,14776
26,51,14768
26,52,14345
26,53,14802
26,54,14698
26,55,14942
26,56,14684
26,57,14718
26,58,15105
26,59,14541
26,60,14570
26,61,14697
26,62,14974
26,63,14435
27,0,15119
27,1,14884
27,2,14753
27,3,14915
27,4,14930
27,5,14902
27,6,15152
27,7,14759
27,8,14721
27,9,14942
27,10,14722
27,11,14832
27,12,14768
27,13,14951
27,14,15167
27,15,14995
27,16,14961
27,17,14571
27,18,14681
27,19,15060
27,20,14918
27,21,14673
27,22,14676
27,23,15102
27,24,14777
27,25,14948
27,26,14966
27,27,14546
27,28,14410
27,29,15112
27,30,14776
27,31,14869
27,32,15000
27,33,14898
27,34,14485
27,35,14685
27,36,14773
27,37,15034
27,38,14984
27,39,14902
27,40,14813
27,41,14565
27,42,14892
27,43,14943
27,44,14746
27,45,15034
27,46,14543
27,47,14754
27,48,14866
27,49,14939
27,50,15012
27,51,14776
27,52,14480
27,53,14789
27,54,14931
27,55,14977
27,56,15004
27,57,14875
27,58,14963
27,59,15062
27,60,14896
27,61,14733
27,62,14919
27,63,14555
28,0,14988
28,1,14852
28,2,14541
28,3,14777
28,4,14883
28,5,14776
28,6,14990
28,7,14640
28,8,14725
28,9,14728
28,10,14698
28,11,14876
28,12,14742
28,13,14953
28,14,14805
28,15,14720
28,16,14533
28,17,14521
28,18,14674
28,19,14843
28,20,14796
28,21,14614
28,22,14812
28,23,14763
28,24,14795
28,25,14612
28,26,14676
28,27,14511
28,28,14449
28,29,14919
28,30,14733
28,31,14876
28,32,14627
28,33,14614
28,34,14500
28,35,14689
28,36,14772
28,37,14744
28,38,14790
28,39,14853
28,40,14587
28,41,14351
28,42,14732
28,43,14545
28,44,14892
28,45,14913
28,46,14736
28,47,14823
28,48,14828
28,49,14612
28,50,14898
28,51,14547
28,52,14518
28,53,14657
28,54,14593
28,55,14564
28,56,14797
28,57,14756
28,58,14993
28,59,15000
28,60,14870
28,61,14689
28,62,14728
28,63,14674
29,0,14511
29,1,14223
29,2,14390
29,3,14491
29,4,14511
29,5,14359
29,6,14509
29,7,14393
29,8,14316
29,9,14699
29,10,14261
29,11,14403
29,12,14586
29,13,14296
29,14,14571
29,15,14251
29,16,14654
29,17,14225
29,18,14433
29,19,14486
29,20,14150
29,21,14206
29,22,14688
29,23,14586
29,24,14504
29,25,14531
29,26,14256
29,27,14193
29,28,14083
29,29,14318
29,30,14328
29,31,14389
29,32,14034
29,33,14432
29,34,14459
29,35,14330
29,36,14359
29,37,14349
29,38,14422
29,39,14167
29,40,14562
29,41,14356
29,42,14456
29,43,14235
29,44,14384
29,45,14370
29,46,14418
29,47,14598
29,48,14416
29,49,14543
29,50,14328
29,51,14246
29,52,14075
29,53,14470
29,54,14487
29,55,14504
29,56,14558
29,57,14337
29,58,14373
29,59,14345
29,60,14523
29,61,14395
29,62,14581
29,63,14043
30,0,15643
30,1,15177
30,2,15285
30,3,15402
30,4,15215
30,5,15015
30,6,15219
30,7,15086
30,8,15371
30,9,15490
30,10,15084
30,11,15454
30,12,15298
30,13,15314
30,14,15388
30,15,15112
30,16,15254
30,17,15228
30,18,15149
30,19,15397
30,20,15416
30,21,15118
30,22,15341
30,23,15207
30,24,15246
30,25,15181
30,26,15350
30,27,15232
30,28,15058
30,29,15563
30,30,15223
30,31,15025
30,32,14818
30,33,15375
30,34,15391
30,35,14997
30,36,15136
30,37,15385
30,38,15520
30,39,15063
30,40,15268
30,41,15137
30,42,15151
30,43,14990
30,44,15246
30,45,14904
30,46,15149
30,47,15445
30,48,15264
30,49,15244
30,50,15508
30,51,15115
30,52,14975
30,53,14942
30,54,15293
30,55,15407
30,56,15435
30,57,15284
30,58,15727
30,59,15250
30,60,15238
30,61,15215
30,62,15447
30,63,15075
31,0,14909
31,1,14745
31,2,14792
31,3,14799
31,4,15048
31,5,14648
31,6,15048
31,7,14751
31,8,15025
31,9,14914
31,10,14743
31,11,14705
31,12,14942
31,13,14857
31,14,14648
31,15,14738
31,16,15098
31,17,14800
31,18,15039
31,19,14833
31,20,14753
31,21,14839
31,22,14786
31,23,14884
31,24,14690
31,25,14929
31,26,14580
31,27,14718
31,28,14441
31,29,15019
31,30,14737
31,31,14765
31,32,14566
31,33,14783
31,34,14496
31,35,15093
31,36,14917
31,37,15038
31,38,14450
31,39,14462
31,40,14773
31,41,14606
31,42,14815
31,43,14723
31,44,14643
31,45,14411
31,46,14648
31,47,14956
31,48,14881
31,49,14829
31,50,14874
31,51,14914
31,52,14301
31,53,14854
31,54,14606
31,55,14787
31,56,14750
31,57,14607
31,58,14922
31,59,14882
31,60,14744
31,61,14512
31,62,14782
31,63,14645
32,0,15306
32,1,15221
32,2,14772
32,3,15192
32,4,15103
32,5,15103
32,6,15173
32,7,15111
32,8,14939
32,9,15286
32,10,14942
32,11,15123
32,12,14875
32,13,15054
32,14,15378
32,15,15243
32,16,15240
32,17,15083
32,18,15104
32,19,15270
32,20,15048
32,21,14932
32,22,15060
32,23,15159
32,24,15044
32,25,15114
32,26,15124
32,27,14755
32,28,14802
32,29,15033
32,30,15162
32,31,15096
32,32,15090
32,33,15112
32,34,15117
32,35,15061
32,36,15007
32,37,15255
32,38,15289
32,39,14882
32,40,15065
32,41,14774
32,42,15208
32,43,15132
32,44,15055
32,45,15055
32,46,15143
32,47,15103
32,48,14978
32,49,15229
32,50,15225
32,51,14861
32,52,14754
32,53,15150
32,54,14975
32,55,15341
32,56,15121
32,57,15263
32,58,15254
32,59,15057
32,60,15033
32,61,15111
32,62,14921
32,63,15017
33,0,14599
33,1,14606
33,2,14414
33,3,14673
33,4,14363
33,5,14345
33,6,14608
33,7,14356
33,8,14578
33,9,14449
33,10,14482
33,11,14783
33,12,14546
33,13,14860
33,14,14804
33,15,14530
33,16,14621
33,17,14512
33,18,14474
33,19,14844
33,20,14396
33,21,14235
33,22,14548
33,23,14592
33,24,14398
33,25,14681
33,26,14658
33,27,14181
33,28,14328
33,29,14693
33,30,14579
33,31,14531
33,32,14276
33,33,14445
33,34,14391
33,35,14602
33,36,14713
33,37,14716
33,38,14719
33,39,14669
33,40,14580
33,41,14083
33,42,14504
33,43,14304
33,44,14355
33,45,14421
33,46,14488
33,47,14629
33,48,14600
33,49,14590
33,50,14675
33,51,14381
33,52,14377
33,53,14611
33,54,14406
33,55,14720
33,56,14676
33,57,14319
33,58,14642
33,59,14622
33,60,14370
33,61,14517
33,62,14615
33,63,14418
34,0,14401
34,1,14086
34,2,13937
34,3,13923
34,4,14289
34,5,13866
34,6,14062
34,7,14168
34,8,14544
34,9,14597
34,10,14116
34,11,14267
34,12,14272
34,13,14115
34,14,14128
34,15,13783
34,16,14236
34,17,13869
34,18,14395
34,19,14513
34,20,14157
34,21,14049
34,22,14357
34,23,14287
34,24,13871
34,25,14354
34,26,14168
34,27,13882
34,28,13940
34,29,14015
34,30,13971
34,31,14006
34,32,14038
34,33,14001
34,34,14114
34,35,14269
34,36,14015
34,37,14179
34,38,13953
34,39,13989
34,40,14007
34,41,13779
34,42,14177
34,43,13958
34,44,14269
34,45,14117
34,46,14154
34,47,14328
34,48,14230
34,49,14104
34,50,14249
34,51,14011
34,52,13776
34,53,14055
34,54,14245
34,55,14301
34,56,14243
34,57,14049
34,58,14255
34,59,14131
34,60,14223
34,61,14246
34,62,14344
34,63,13947
35,0,14976
35,1,15195
35,2,14741
35,3,15342
35,4,15016
35,5,15091
35,6,15172
35,7,14962
35,8,15074
35,9,15322
35,10,14721
35,11,15484
35,12,15211
35,13,15069
35,14,15363
35,15,14911
35,16,15203
35,17,14911
35,18,15005
35,19,15192
35,20,14927
35,21,15005
35,22,15275
35,23,15386
35,24,15018
35,25,15237
35,26,14852
35,27,15076
35,28,15007
35,29,15080
35,30,14986
35,31,15156
35,32,15058
35,33,14787
35,34,15143
35,35,15157
35,36,15216
35,37,15423
35,38,15349
35,39,14994
35,40,15324
35,41,14683
35,42,15045
35,43,14845
35,44,15236
35,45,15180
35,46,14779
35,47,15042
35,48,15268
35,49,15014
35,50,15324
35,51,15011
35,52,14954
35,53,15409
35,54,14853
35,55,15220
35,56,15202
35,57,15329
35,58,15057
35,59,15260
35,60,14898
35,61,14974
35,62,14948
35,63,14984
36,0,15060
36,1,14278
36,2,14640
36,3,14534
36,4,14951
36,5,14383
36,6,14628
36,7,14353
36,8,14522
36,9,14444
36,10,14312
36,11,14660
36,12,14373
36,13,14894
36,14,14618
36,15,14533
36,16,14895
36,17,14237
36,18,14318
36,19,14527
36,20,14402
36,21,14329
36,22,14498
36,23,14548
36,24,14426
36,25,14555
36,26,14088
36,27,14141
36,28,14476
36,29,14671
36,30,14527
36,31,14464
36,32,14401
36,33,14378
36,34,14252
36,35,14668
36,36,14130
36,37,14599
36,38,14342
36,39,14528
36,40,14445
36,41,14294
36,42,14604
36,43,14298
36,44,14624
36,45,14506
36,46,14271
36,47,14610
36,48,14472
36,49,14548
36,50,14513
36,51,14336
36,52,14279
36,53,14637
36,54,14430
36,55,14649
36,56,14524
36,57,14698
36,58,14654
36,59,14383
36,60,14823
36,61,14337
36,62,14448
36,63,14108
37,0,15400
37,1,15225
37,2,15259
37,3,15369
37,4,15438
37,5,15045
37,6,15260
37,7,15228
37,8,15210
37,9,15349
37,10,15177
37,11,15443
37,12,15330
37,13,15288
37,14,15207
37,15,15223
37,16,15206
37,17,15050
37,18,15245
37,19,15359
37,20,15299
37,21,14996
37,22,15283
37,23,15527
37,24,14860
37,25,15047
37,26,15342
37,27,15011
37,28,15033
37,29,15565
37,30,15082
37,31,15076
37,32,15228
37,33,15327
37,34,15110
37,35,15180
37,36,15220
37,37,15384
37,38,15262
37,39,15323
37,40,15480
37,41,15007
37,42,15247
37,43,15180
37,44,15436
37,45,15415
37,46,15050
37,47,15446
37,48,15118
37,49,15274
37,50,15318
37,51,15115
37,52,14962
37,53,15394
37,54,15187
37,55,15339
37,56,15246
37,57,15354
37,58,15336
37,59,15397
37,60,15099
37,61,14906
37,62,15630
37,63,14982
38,0,14200
38,1,13882
38,2,13994
38,3,14048
38,4,13907
38,5,13821
38,6,14145
38,7,13903
38,8,14001
38,9,14126
38,10,14323
38,11,14211
38,12,13724
38,13,14109
38,14,13888
38,15,14194
38,16,14016
38,17,13764
38,18,14034
38,19,14142
38,20,13835
38,21,14004
38,22,14088
38,23,14046
38,24,13668
38,25,13902
38,26,13895
38,27,13475
38,28,13646
38,29,14229
38,30,13874
38,31,13901
38,32,13741
38,33,13908
38,34,13650
38,35,13855
38,36,13927
38,37,14114
38,38,13892
38,39,13695
38,40,13653
38,41,13519
38,42,13870
38,43,14122
38,44,13745
38,45,13715
38,46,13928
38,47,13852
38,48,14025
38,49,14036
38,50,13979
38,51,13799
38,52,13664
38,53,13848
38,54,13845
38,55,14026
38,56,13915
38,57,13964
38,58,14144
38,59,13781
38,60,13781
38,61,13844
38,62,14026
38,63,13679
39,0,15111
39,1,14904
39,2,15157
39,3,15176
39,4,15148
39,5,14636
39,6,15334
39,7,14926
39,8,14899
39,9,15301
39,10,15030
39,11,15217
39,12,15265
39,13,15031
39,14,14954
39,15,14916
39,16,15334
39,17,14984
39,18,15232
39,19,14932
39,20,15010
39,21,14984
39,22,15234
39,23,15295
39,24,15008
39,25,15332
39,26,14925
39,27,14675
39,28,14816
39,29,15177
39,30,14895
39,31,15019
39,32,14901
39,33,15118
39,34,14996
39,35,15023
39,36,15019
39,37,15185
39,38,15147
39,39,15118
39,40,14937
39,41,14928
39,42,15028
39,43,14752
39,44,14817
39,45,14776
39,46,15040
39,47,15100
39,48,15290
39,49,15001
39,50,14987
39,51,14796
39,52,14800
39,53,15061
39,54,14802
39,55,15136
39,56,15229
39,57,15251
39,58,15030
39,59,14876
39,60,14985
39,61,14790
39,62,15386
39,63,14664
40,0,15001
40,1,14545
40,2,14641
40,3,14976
40,4,14695
40,5,14394
40,6,14733
40,7,14397
40,8,14556
40,9,14790
40,10,14386
40,11,14712
40,12,14528
40,13,14810
40,14,14993
40,15,14579
40,16,14937
40,17,14561
40,18,14781
40,19,14956
40,20,14614
40,21,14612
40,22,14376
40,23,14801
40,24,14567
40,25,14672
40,26,14487
40,27,14610
40,28,14464
40,29,14371
40,30,14871
40,31,14854
40,32,14392
40,33,14565
40,34,14605
40,35,14843
40,36,14733
40,37,15012
40,38,14585
40,39,14816
40,40,14739
40,41,14288
40,42,14664
40,43,14300
40,44,14673
40,45,14852
40,46,14734
40,47,14920
40,48,14580
40,49,14676
40,50,14815
40,51,14850
40,52,14638
40,53,14854
40,54,14603
40,55,14673
40,56,14834
40,57,14445
40,58,14508
40,59,14792
40,60,14656
40,61,14570
40,62,14746
40,63,14118
41,0,14344
41,1,14059
41,2,13936
41,3,14274
41,4,14220
41,5,13968
41,6,14279
41,7,13775
41,8,13948
41,9,14164
41,10,13727
41,11,13926
41,12,13991
41,13,13996
41,14,14219
41,15,14124
41,16,14072
41,17,13919
41,18,13940
41,19,14173
41,20,14214
41,21,13983
41,22,14073
41,23,14188
41,24,13874
41,25,13889
41,26,14126
41,27,13500
41,28,13608
41,29,14149
41,30,13835
41,31,13955
41,32,13595
41,33,14003
41,34,13854
41,35,13924
41,36,14226
41,37,14194
41,38,13950
41,39,13874
41,40,13950
41,41,14035
41,42,13943
41,43,13654
41,44,14175
41,45,13837
41,46,14108
41,47,14079
41,48,13859
41,49,14028
41,50,14039
41,51,13901
41,52,13882
41,53,13930
41,54,14199
41,55,14184
41,56,13923
41,57,14320
41,58,14274
41,59,14145
41,60,14203
41,61,13920
41,62,14155
41,63,13656
42,0,15039
42,1,14899
42,2,14723
42,3,14806
42,4,14829
42,5,14507
42,6,15038
42,7,14676
42,8,14787
42,9,15002
42,10,15073
42,11,14980
42,12,14719
42,13,15255
42,14,15047
42,15,14735
42,16,15020
42,17,14909
42,18,14800
42,19,15029
42,20,14746
42,21,15043
42,22,14892
42,23,14746
42,24,14948
42,25,14755
42,26,14819
42,27,14649
42,28,14743
42,29,14941
42,30,14737
42,31,14720
42,32,14772
42,33,14670
42,34,14705
42,35,14603
42,36,14991
42,37,14909
42,38,14832
42,39,14799
42,40,14914
42,41,14632
42,42,14868
42,43,14604
42,44,14564
42,45,14531
42,46,14674
42,47,14650
42,48,14795
42,49,14787
42,50,14945
42,51,14661
42,52,14640
42,53,14745
42,54,14715
42,55,14804
42,56,14845
42,57,14707
42,58,14942
42,59,14802
42,60,14597
42,61,14738
42,62,14994
42,63,14609
43,0,15000
43,1,14780
43,2,14688
43,3,14919
43,4,14742
43,5,14665
43,6,14853
43,7,14774
43,8,14680
43,9,14921
43,10,14563
43,11,14868
43,12,14427
43,13,14704
43,14,14677
43,15,14924
43,16,15120
43,17,14615
43,18,14801
43,19,14775
43,20,14762
43,21,14887
43,22,14769
43,23,14989
43,24,14549
43,25,14606
43,26,14690
43,27,14423
43,28,14655
43,29,14971
43,30,14668
43,31,14533
43,32,14451
43,33,14850
43,34,14590
43,35,14828
43,36,14944
43,37,14638
43,38,14772
43,39,14528
43,40,14599
43,41,14343
43,42,14929
43,43,14599
43,44,14742
43,45,14592
43,46,14602
43,47,15125
43,48,14826
43,49,14715
43,50,14811
43,51,14858
43,52,14526
43,53,14480
43,54,14611
43,55,14930
43,56,14610
43,57,14903
43,58,14729
43,59,14766
43,60,14726
43,61,14380
43,62,14848
43,63,14395
44,0,14892
44,1,14961
44,2,14960
44,3,14694
44,4,15079
44,5,14698
44,6,14791
44,7,14813
44,8,14617
44,9,15096
44,10,15026
44,11,14894
44,12,14655
44,13,14997
44,14,14980
44,15,15050
44,16,15085
44,17,14745
44,18,14982
44,19,15000
44,20,14836
44,21,14955
44,22,14997
44,23,14798
44,24,14690
44,25,14657
44,26,14747
44,27,14916
44,28,14778
44,29,14972
44,30,14745
44,31,14886
44,32,14698
44,33,15287
44,34,14970
44,35,14702
44,36,14659
44,37,14913
44,38,14782
44,39,15001
44,40,15163
44,41,14558
44,42,14571
44,43,14848
44,44,14776
44,45,14954
44,46,15087
44,47,14968
44,48,14646
44,49,14880
44,50,15059
44,51,14658
44,52,14530
44,53,14976
44,54,14880
44,55,15039
44,56,15006
44,57,14849
44,58,14941
44,59,14753
44,60,14742
44,61,14750
44,62,14703
44,63,14643
45,0,14864
45,1,14680
45,2,14560
45,3,14466
45,4,14568
45,5,14304
45,6,14597
45,7,14319
45,8,14495
45,9,14583
45,10,14651
45,11,14304
45,12,14721
45,13,14520
45,14,14662
45,15,14503
45,16,14666
45,17,14634
45,18,14356
45,19,14837
45,20,14359
45,21,14352
45,22,14496
45,23,14831
45,24,14358
45,25,14581
45,26,14423
45,27,14529
45,28,14391
45,29,14987
45,30,14628
45,31,14583
45,32,14321
45,33,14641
45,34,14365
45,35,14530
45,36,14652
45,37,14809
45,38,14254
45,39,14348
45,40,14495
45,41,14243
45,42,14426
45,43,14285
45,44,14443
45,45,14666
45,46,14410
45,47,14432
45,48,14618
45,49,14445
45,50,14756
45,51,14182
45,52,14177
45,53,14480
45,54,14513
45,55,14496
45,56,14534
45,57,14550
45,58,14672
45,59,14482
45,60,14405
45,61,14156
45,62,14477
45,63,14187
46,0,14322
46,1,14116
46,2,13873
46,3,14655
46,4,14184
46,5,14224
46,6,14676
46,7,14166
46,8,14450
46,9,14572
46,10,14156
46,11,14283
46,12,14280
46,13,14089
46,14,14528
46,15,14370
46,16,14571
46,17,14169
46,18,14261
46,19,14368
46,20,14191
46,21,14168
46,22,14454
46,23,14498
46,24,14020
46,25,14143
46,26,14267
46,27,14140
46,28,13877
46,29,14269
46,30,14283
46,31,14053
46,32,14116
46,33,14373
46,34,14064
46,35,14267
46,36,14326
46,37,14470
46,38,14374
46,39,14128
46,40,14260
46,41,14026
46,42,14399
46,43,14238
46,44,14290
46,45,14134
46,46,14253
46,47,14056
46,48,14214
46,49,14209
46,50,14711
46,51,14096
46,52,14062
46,53,14464
46,54,14215
46,55,14106
46,56,14348
46,57,14414
46,58,14439
46,59,14140
46,60,14186
46,61,14056
46,62,14180
46,63,14019
47,0,14170
47,1,14539
47,2,13893
47,3,14300
47,4,14233
47,5,14177
47,6,14218
47,7,14117
47,8,13830
47,9,14213
47,10,13964
47,11,14197
47,12,14259
47,13,14220
47,14,14302
47,15,13842
47,16,14395
47,17,14102
47,18,13998
47,19,14290
47,20,14267
47,21,14051
47,22,14405
47,23,14112
47,24,14280
47,25,14166
47,26,14265
47,27,14073
47,28,13819
47,29,14423
47,30,14004
47,31,14193
47,32,13965
47,33,14163
47,34,14194
47,35,14291
47,36,14135
47,37,14272
47,38,14225
47,39,13912
47,40,13874
47,41,14003
47,42,14035
47,43,13980
47,44,14041
47,45,14211
47,46,14214
47,47,13976
47,48,14029
47,49,14266
47,50,14176
47,51,13861
47,52,13924
47,53,14246
47,54,14005
47,55,14378
47,56,14481
47,57,13978
47,58,14339
47,59,14214
47,60,14431
47,61,14365
47,62,14303
47,63,14281
48,0,14835
48,1,15101
48,2,14882
48,3,15088
48,4,14559
48,5,14635
48,6,14857
48,7,14696
48,8,14662
48,9,14877
48,10,14701
48,11,15017
48,12,14875
48,13,14839
48,14,14933
48,15,14748
48,16,14733
48,17,14517
48,18,14810
48,19,14974
48,20,14581
48,21,14796
48,22,14836
48,23,14858
48,24,14873
48,25,14657
48,26,14611
48,27,14701
48,28,14766
48,29,14939
48,30,14893
48,31,14845
48,32,14766
48,33,14820
48,34,14632
48,35,14948
48,36,14748
48,37,15337
48,38,14746
48,39,14665
48,40,14923
48,41,14727
48,42,14596
48,43,14746
48,44,14977
48,45,14802
48,46,14540
48,47,14782
48,48,14907
48,49,15130
48,50,14907
48,51,14625
48,52,14338
48,53,14856
48,54,14891
48,55,15099
48,56,14670
48,57,14725
48,58,14941
48,59,14658
48,60,14633
48,61,14733
48,62,15059
48,63,14503
49,0,14522
49,1,13921
49,2,14133
49,3,14427
49,4,14337
49,5,13852
49,6,14366
49,7,14278
49,8,14116
49,9,14088
49,10,14087
49,11,14273
49,12,14091
49,13,14015
49,14,14525
49,15,14208
49,16,14378
49,17,14135
49,18,14300
49,19,14186
49,20,14120
49,21,14113
49,22,14071
49,23,14301
49,24,14262
49,25,14109
49,26,13815
49,27,14077
49,28,14007
49,29,14455
49,30,14010
49,31,14212
49,32,13992
49,33,14116
49,34,14307
49,35,14064
49,36,14281
49,37,14086
49,38,14163
49,39,14313
49,40,14369
49,41,14120
49,42,14104
49,43,14033
49,44,14275
49,45,14175
49,46,14219
49,47,14225
49,48,14261
49,49,14516
49,50,14291
49,51,13814
49,52,13971
49,53,14076
49,54,13839
49,55,14144
49,56,14183
49,57,14061
49,58,14261
49,59,14086
49,60,14008
49,61,14354
49,62,14360
49,63,14004
50,0,15260
50,1,15313
50,2,15325
50,3,15723
50,4,15324
50,5,14937
50,6,15107
50,7,15232
50,8,15351
50,9,15463
50,10,15022
50,11,15372
50,12,15337
50,13,15454
50,14,15482
50,15,15143
50,16,15476
50,17,14992
50,18,15094
50,19,15030
50,20,15272
50,21,15191
50,22,15353
50,23,15302
50,24,15490
50,25,15423
50,26,15276
50,27,15138
50,28,15002
50,29,15527
50,30,15345
50,31,15096
50,32,15277
50,33,15125
50,34,15197
50,35,15361
50,36,15307
50,37,15282
50,38,15230
50,39,15159
50,40,15319
50,41,15109
50,42,15268
50,43,15073
50,44,15288
50,45,15215
50,46,14895
50,47,15258
50,48,15463
50,49,15523
50,50,15289
50,51,15247
50,52,15184
50,53,15376
50,54,15226
50,55,15130
50,56,15711
50,57,15234
50,58,15507
50,59,15445
50,60,15266
50,61,15208
50,62,15576
50,63,15075
51,0,14401
51,1,14036
51,2,14238
51,3,14265
51,4,14057
51,5,14157
51,6,14152
51,7,14251
51,8,14351
51,9,14472
51,10,14216
51,11,14312
51,12,14321
51,13,14242
51,14,14422
51,15,14261
51,16,14388
51,17,14098
51,18,14260
51,19,14122
51,20,14353
51,21,14406
51,22,14435
51,23,14232
51,24,14194
51,25,14321
51,26,14480
51,27,14018
51,28,14392
51,29,14355
51,30,14208
51,31,14122
51,32,14209
51,33,14170
51,34,14202
51,35,14259
51,36,14161
51,37,14315
51,38,14195
51,39,14278
51,40,14405
51,41,14190
51,42,14156
51,43,14249
51,44,14266
51,45,14097
51,46,14280
51,47,14572
51,48,13891
51,49,14249
51,50,14431
51,51,14312
51,52,14101
51,53,14286
51,54,14129
51,55,14380
51,56,14296
51,57,14208
51,58,14486
51,59,14453
51,60,14285
51,61,14194
51,62,14292
51,63,14141
52,0,14945
52,1,14470
52,2,14092
52,3,14367
52,4,14534
52,5,13989
52,6,14492
52,7,14328
52,8,14458
52,9,14562
52,10,14121
52,11,14424
52,12,14377
52,13,14240
52,14,14717
52,15,14279
52,16,14443
52,17,14000
52,18,14555
52,19,14259
52,20,14337
52,21,14418
52,22,14498
52,23,14295
52,24,14383
52,25,14396
52,26,14057
52,27,13921
52,28,14223
52,29,14486
52,30,14309
52,31,14432
52,32,14139
52,33,14263
52,34,14563
52,35,14243
52,36,14124
52,37,14558
52,38,14569
52,39,14217
52,40,14227
52,41,14060
52,42,14160
52,43,14272
52,44,14372
52,45,14626
52,46,14441
52,47,14432
52,48,14267
52,49,14483
52,50,14343
52,51,14460
52,52,14251
52,53,14427
52,54,14377
52,55,14332
52,56,14390
52,57,14573
52,58,14564
52,59,14242
52,60,14581
52,61,14206
52,62,14444
52,63,13988
53,0,14487
53,1,14432
53,2,14222
53,3,14612
53,4,14477
53,5,14112
53,6,14495
53,7,14353
53,8,14310
53,9,14665
53,10,13999
53,11,14318
53,12,14379
53,13,14337
53,14,14528
53,15,14192
53,16,14401
53,17,14270
53,18,14394
53,19,14473
53,20,13987
53,21,14374
53,22,14573
53,23,14648
53,24,14111
53,25,14513
53,26,14276
53,27,14115
53,28,14145
53,29,14395
53,30,14290
53,31,14379
53,32,14079
53,33,14516
53,34,14366
53,35,14244
53,36,14263
53,37,14574
53,38,14420
53,39,14227
53,40,14254
53,41,13898
53,42,14257
53,43,13947
53,44,14496
53,45,14117
53,46,14267
53,47,14440
53,48,14370
53,49,14349
53,50,14275
53,51,14293
53,52,14124
53,53,14216
53,54,14358
53,55,14567
53,56,14177
53,57,14363
53,58,14639
53,59,14384
53,60,14147
53,61,14073
53,62,14819
53,63,13890
54,0,14974
54,1,14841
54,2,14605
54,3,14662
54,4,14910
54,5,14686
54,6,14692
54,7,14741
54,8,14493
54,9,14974
54,10,14736
54,11,14810
54,12,14751
54,13,14747
54,14,14760
54,15,14581
54,16,14939
54,17,14613
54,18,14602
54,19,14892
54,20,14839
54,21,14720
54,22,14629
54,23,14877
54,24,14735
54,25,14583
54,26,14846
54,27,14658
54,28,14485
54,29,14692
54,30,14461
54,31,14665
54,32,14442
54,33,14463
54,34,14619
54,35,14827
54,36,14678
54,37,14893
54,38,14500
54,39,14546
54,40,14487
54,41,14502
54,42,14802
54,43,14747
54,44,14622
54,45,14475
54,46,14815
54,47,14869
54,48,14497
54,49,14950
54,50,15016
54,51,14584
54,52,14654
54,53,14921
54,54,14784
54,55,14877
54,56,14634
54,57,14622
54,58,14787
54,59,14467
54,60,14786
54,61,14698
54,62,14650
54,63,14480
55,0,15468
55,1,15181
55,2,15574
55,3,15477
55,4,15517
55,5,15267
55,6,15573
55,7,15380
55,8,15144
55,9,15452
55,10,15526
55,11,15435
55,12,15427
55,13,15452
55,14,15719
55,15,15239
55,16,15766
55,17,15149
55,18,15615
55,19,15289
55,20,15532
55,21,15430
55,22,15770
55,23,15475
55,24,15368
55,25,15361
55,26,15349
55,27,15478
55,28,15322
55,29,15353
55,30,15507
55,31,15549
55,32,15287
55,33,15197
55,34,15277
55,35,15645
55,36,15342
55,37,15658
55,38,15189
55,39,15225
55,40,15505
55,41,14929
55,42,15553
55,43,15080
55,44,15301
55,45,15403
55,46,15216
55,47,15535
55,48,15384
55,49,15475
55,50,15362
55,51,15618
55,52,14952
55,53,15523
55,54,15304
55,55,15353
55,56,15385
55,57,15486
55,58,15477
55,59,15340
55,60,15038
55,61,15403
55,62,15498
55,63,15184
56,0,15454
56,1,14931
56,2,14823
56,3,15141
56,4,14966
56,5,14586
56,6,15238
56,7,14895
56,8,14701
56,9,14995
56,10,14730
56,11,14836
56,12,14780
56,13,15198
56,14,15078
56,15,14961
56,16,14926
56,17,14685
56,18,14838
56,19,14876
56,20,14845
56,21,14998
56,22,14832
56,23,14688
56,24,14657
56,25,14874
56,26,14866
56,27,14899
56,28,14599
56,29,14980
56,30,14884
56,31,14914
56,32,14405
56,33,14788
56,34,14842
56,35,14898
56,36,14976
56,37,14909
56,38,14986
56,39,14707
56,40,14928
56,41,14705
56,42,14617
56,43,14788
56,44,14715
56,45,14670
56,46,14895
56,47,14747
56,48,14687
56,49,14938
56,50,15036
56,51,14620
56,52,14504
56,53,14711
56,54,14677
56,55,14811
56,56,14787
56,57,14680
56,58,15006
56,59,14895
56,60,14825
56,61,14926
56,62,14949
56,63,14705
57,0,14789
57,1,14439
57,2,14397
57,3,14521
57,4,14482
57,5,14200
57,6,14659
57,7,14208
57,8,14229
57,9,14328
57,10,14265
57,11,14489
57,12,14460
57,13,14391
57,14,14457
57,15,14148
57,16,14668
57,17,14210
57,18,14495
57,19,14486
57,20,14170
57,21,14329
57,22,14636
57,23,14206
57,24,14019
57,25,14280
57,26,14244
57,27,14312
57,28,13953
57,29,14493
57,30,14539
57,31,14328
57,32,14036
57,33,14273
57,34,14136
57,35,14289
57,36,14496
57,37,14273
57,38,14328
57,39,14522
57,40,14231
57,41,14353
57,42,14358
57,43,14023
57,44,14391
57,45,14305
57,46,14299
57,47,14426
57,48,14408
57,49,14415
57,50,14385
57,51,14126
57,52,14353
57,53,14273
57,54,14493
57,55,14523
57,56,14573
57,57,14447
57,58,14231
57,59,14280
57,60,14201
57,61,14081
57,62,14271
57,63,14078
58,0,14480
58,1,14342
58,2,14135
58,3,14665
58,4,14277
58,5,14232
58,6,14566
58,7,14406
58,8,14660
58,9,14372
58,10,14368
58,11,14488
58,12,14497
58,13,14459
58,14,14592
58,15,14449
58,16,14443
58,17,14509
58,18,14348
58,19,14511
58,20,14441
58,21,14240
58,22,14365
58,23,14611
58,24,14187
58,25,14482
58,26,14395
58,27,14453
58,28,14361
58,29,14497
58,30,14376
58,31,14479
58,32,14337
58,33,14323
58,34,14306
58,35,14659
58,36,14285
58,37,14594
58,38,14197
58,39,14418
58,40,14339
58,41,14298
58,42,14651
58,43,14742
58,44,14541
58,45,14311
58,46,14371
58,47,14644
58,48,14430
58,49,14659
58,50,14393
58,51,14141
58,52,14176
58,53,14656
58,54,14570
58,55,14470
58,56,14437
58,57,14285
58,58,14489
58,59,14445
58,60,14439
58,61,14298
58,62,14558
58,63,14161
59,0,14861
59,1,14909
59,2,14428
59,3,14705
59,4,14820
59,5,14763
59,6,14601
59,7,14860
59,8,14725
59,9,14945
59,10,14995
59,11,14864
59,12,14879
59,13,14657
59,14,14852
59,15,14693
59,16,15056
59,17,14656
59,18,14772
59,19,14824
59,20,14665
59,21,14611
59,22,14777
59,23,14750
59,24,14540
59,25,14604
59,26,14689
59,27,14740
59,28,14695
59,29,15081
59,30,14517
59,31,14663
59,32,14399
59,33,14671
59,34,14435
59,35,14794
59,36,14689
59,37,14859
59,38,14913
59,39,14636
59,40,14783
59,41,14537
59,42,14540
59,43,14567
59,44,14585
59,45,15030
59,46,14924
59,47,14914
59,48,14653
59,49,14804
59,50,15193
59,51,14742
59,52,14688
59,53,14838
59,54,14641
59,55,14845
59,56,14902
59,57,14599
59,58,14835
59,59,14491
59,60,14834
59,61,14843
59,62,14908
59,63,14688
60,0,14249
60,1,14076
60,2,14295
60,3,14284
60,4,14541
60,5,14245
60,6,14389
60,7,14098
60,8,13760
60,9,14660
60,10,14279
60,11,14502
60,12,14491
60,13,14399
60,14,14122
60,15,14402
60,16,14566
60,17,14389
60,18,14166
60,19,14464
60,20,14325
60,21,14057
60,22,14412
60,23,14503
60,24,14049
60,25,14291
60,26,14025
60,27,14048
60,28,14192
60,29,14285
60,30,14168
60,31,14370
60,32,14028
60,33,13935
60,34,14053
60,35,14370
60,36,14254
60,37,14137
60,38,14229
60,39,14198
60,40,14488
60,41,13999
60,42,14147
60,43,13799
60,44,14381
60,45,14049
60,46,14331
60,47,14274
60,48,14436
60,49,14351
60,50,14351
60,51,14118
60,52,13998
60,53,14239
60,54,14356
60,55,14479
60,56,14165
60,57,14360
60,58,14214
60,59,14372
60,60,14030
60,61,14099
60,62,14342
60,63,14019
61,0,14712
61,1,14668
61,2,14628
61,3,14645
61,4,14711
61,5,14438
61,6,14562
61,7,14491
61,8,14695
61,9,14918
61,10,14605
61,11,14937
61,12,14386
61,13,14600
61,14,14693
61,15,14520
61,16,14811
61,17,14561
61,18,14533
61,19,14895
61,20,14346
61,21,14576
61,22,14806
61,23,14642
61,24,14641
61,25,14949
61,26,14450
61,27,14492
61,28,14197
61,29,14726
61,30,14631
61,31,14582
61,32,14524
61,33,14377
61,34,14512
61,35,14710
61,36,14637
61,37,14801
61,38,14709
61,39,14793
61,40,14768
61,41,14523
61,42,14643
61,43,14358
61,44,14362
61,45,14523
61,46,14421
61,47,14454
61,48,14613
61,49,14534
61,50,15041
61,51,14546
61,52,14208
61,53,14893
61,54,14571
61,55,14863
61,56,14638
61,57,14756
61,58,14701
61,59,14120
61,60,14546
61,61,14454
61,62,14856
61,63,14398
62,0,15273
62,1,15117
62,2,15136
62,3,15160
62,4,15175
62,5,15017
62,6,15288
62,7,15158
62,8,15244
62,9,15420
62,10,15114
62,11,15422
62,12,15290
62,13,15378
62,14,15246
62,15,14983
62,16,15218
62,17,15077
62,18,15182
62,19,15266
62,20,15121
62,21,14925
62,22,15267
62,23,15608
62,24,15099
62,25,15248
62,26,14843
62,27,15087
62,28,14914
62,29,15197
62,30,15024
62,31,15068
62,32,15136
62,33,15098
62,34,15341
62,35,15151
62,36,15052
62,37,15712
62,38,15247
62,39,15024
62,40,15213
62,41,14967
62,42,15123
62,43,14895
62,44,15353
62,45,15102
62,46,15078
62,47,15293
62,48,15180
62,49,14943
62,50,15180
62,51,15169
62,52,14873
62,53,15105
62,54,15046
62,55,15118
62,56,15021
62,57,15041
62,58,15337
62,59,15164
62,60,15264
62,61,14733
62,62,15184
62,63,15073
63,0,13996
63,1,13766
63,2,13716
63,3,13717
63,4,13942
63,5,13935
63,6,13930
63,7,13753
63,8,13836
63,9,14249
63,10,13653
63,11,13811
63,12,13916
63,13,13973
63,14,13808
63,15,13798
63,16,14333
63,17,13850
63,18,13789
63,19,13831
63,20,14009
63,21,14020
63,22,13953
63,23,14160
63,24,13691
63,25,13780
63,26,13729
63,27,13719
63,28,13586
63,29,13920
63,30,13769
63,31,13847
63,32,13402
63,33,14076
63,34,14043
63,35,13861
63,36,13790
63,37,13858
63,38,13849
63,39,13650
63,40,14000
63,41,13687
63,42,13750
63,43,13567
63,44,13863
63,45,13656
63,46,13848
63,47,13959
63,48,13936
63,49,13799
63,50,13779
63,51,13551
63,52,13465
63,53,13743
63,54,13681
63,55,13808
63,56,13801
63,57,13835
63,58,13984
63,59,13665
63,60,13735
63,61,13558
63,62,14038
63,63,13576
