0,0,1112
0,1,1135
0,2,1114
0,3,1084
0,4,1157
0,5,1106
0,6,1150
0,7,1128
0,8,1132
0,9,1117
0,10,1190
0,11,1140
0,12,1112
0,13,1266
0,14,1092
0,15,1112
0,16,1183
0,17,1176
0,18,1142
0,19,1107
0,20,1182
0,21,1105
0,22,1162
0,23,1127
0,24,1137
0,25,1161
0,26,1166
0,27,1066
0,28,1111
0,29,1089
0,30,1105
0,31,1118
0,32,1080
0,33,1165
0,34,1161
0,35,1176
0,36,1125
0,37,1148
0,38,1151
0,39,1124
0,40,1169
0,41,1171
0,42,1137
0,43,1154
0,44,1169
0,45,1187
0,46,1092
0,47,1081
0,48,1136
0,49,1223
0,50,1166
0,51,1174
0,52,1121
0,53,1200
0,54,1070
0,55,1130
0,56,1149
0,57,1131
0,58,1121
0,59,1090
0,60,1204
0,61,1128
0,62,1141
0,63,1097
1,0,1378
1,1,1294
1,2,1302
1,3,1341
1,4,1314
1,5,1234
1,6,1250
1,7,1356
1,8,1337
1,9,1322
1,10,1312
1,11,1407
1,12,1360
1,13,1290
1,14,1346
1,15,1292
1,16,1379
1,17,1293
1,18,1310
1,19,1327
1,20,1314
1,21,1327
1,22,1342
1,23,1318
1,24,1309
1,25,1335
1,26,1374
1,27,1324
1,28,1322
1,29,1366
1,30,1287
1,31,1272
1,32,1314
1,33,1348
1,34,1339
1,35,1386
1,36,1350
1,37,1301
1,38,1309
1,39,1307
1,40,1359
1,41,1350
1,42,1277
1,43,1316
1,44,1321
1,45,1368
1,46,1351
1,47,1346
1,48,1268
1,49,1324
1,50,1366
1,51,1359
1,52,1307
1,53,1329
1,54,1423
1,55,1285
1,56,1287
1,57,1295
1,58,1331
1,59,1386
1,60,1323
1,61,1351
1,62,1290
1,63,1368
2,0,1104
2,1,1062
2,2,989
2,3,997
2,4,1034
2,5,1052
2,6,1076
2,7,958
2,8,1054
2,9,1075
2,10,1038
2,11,1046
2,12,1018
2,13,1081
2,14,1006
2,15,1008
2,16,985
2,17,1058
2,18,1043
2,19,1055
2,20,991
2,21,1026
2,22,1064
2,23,1075
2,24,1037
2,25,1026
2,26,996
2,27,1073
2,28,1035
2,29,1013
2,30,1001
2,31,987
2,32,1033
2,33,1098
2,34,1031
2,35,1110
2,36,1043
2,37,1127
2,38,1042
2,39,1013
2,40,994
2,41,932
2,42,1004
2,43,1057
2,44,1042
2,45,1033
2,46,1071
2,47,1010
2,48,1082
2,49,1083
2,50,1002
2,51,1038
2,52,1112
2,53,1074
2,54,1096
2,55,1047
2,56,1029
2,57,1051
2,58,1018
2,59,1078
2,60,1023
2,61,1046
2,62,1015
2,63,993
3,0,902
3,1,878
3,2,889
3,3,877
3,4,884
3,5,887
3,6,864
3,7,856
3,8,921
3,9,883
3,10,895
3,11,875
3,12,860
3,13,918
3,14,907
3,15,889
3,16,888
3,17,949
3,18,831
3,19,889
3,20,843
3,21,902
3,22,835
3,23,904
3,24,900
3,25,903
3,26,870
3,27,873
3,28,913
3,29,897
3,30,885
3,31,832
3,32,843
3,33,883
3,34,838
3,35,879
3,36,887
3,37,878
3,38,897
3,39,921
3,40,884
3,41,868
3,42,878
3,43,880
3,44,931
3,45,845
3,46,918
3,47,853
3,48,880
3,49,855
3,50,859
3,51,888
3,52,858
3,53,886
3,54,875
3,55,880
3,56,886
3,57,895
3,58,834
3,59,938
3,60,846
3,61,886
3,62,899
3,63,856
4,0,1020
4,1,1033
4,2,996
4,3,1062
4,4,980
4,5,1030
4,6,1056
4,7,1047
4,8,1000
4,9,1074
4,10,1033
4,11,992
4,12,996
4,13,1033
4,14,1007
4,15,1003
4,16,1090
4,17,992
4,18,1051
4,19,1029
4,20,979
4,21,985
4,22,1076
4,23,952
4,24,972
4,25,997
4,26,966
4,27,991
4,28,1001
4,29,1002
4,30,986
4,31,1032
4,32,1004
4,33,1002
4,34,994
4,35,1015
4,36,999
4,37,1062
4,38,1040
4,39,1038
4,40,916
4,41,966
4,42,961
4,43,1056
4,44,991
4,45,1004
4,46,1033
4,47,995
4,48,1007
4,49,982
4,50,955
4,51,949
4,52,1065
4,53,981
4,54,993
4,55,1050
4,56,989
4,57,1015
4,58,1007
4,59,1055
4,60,971
4,61,970
4,62,992
4,63,995
5,0,1112
5,1,986
5,2,1093
5,3,1093
5,4,1066
5,5,1125
5,6,1055
5,7,1099
5,8,1043
5,9,1127
5,10,1108
5,11,1171
5,12,1124
5,13,1083
5,14,1071
5,15,1044
5,16,1100
5,17,1103
5,18,1093
5,19,1107
5,20,1088
5,21,986
5,22,1124
5,23,1087
5,24,1030
5,25,1090
5,26,1091
5,27,1040
5,28,1059
5,29,1078
5,30,1041
5,31,1093
5,32,1178
5,33,1091
5,34,1154
5,35,1111
5,36,1014
5,37,1051
5,38,992
5,39,1057
5,40,1071
5,41,1089
5,42,1123
5,43,1153
5,44,1067
5,45,1056
5,46,1086
5,47,1107
5,48,1080
5,49,1060
5,50,1058
5,51,1133
5,52,1106
5,53,1148
5,54,1020
5,55,1121
5,56,1070
5,57,1069
5,58,1110
5,59,1076
5,60,1110
5,61,1107
5,62,1043
5,63,1089
6,0,937
6,1,936
6,2,927
6,3,946
6,4,918
6,5,994
6,6,872
6,7,919
6,8,970
6,9,958
6,10,917
6,11,1010
6,12,938
6,13,975
6,14,912
6,15,899
6,16,938
6,17,854
6,18,980
6,19,989
6,20,935
6,21,959
6,22,932
6,23,1001
6,24,959
6,25,888
6,26,857
6,27,885
6,28,950
6,29,965
6,30,974
6,31,966
6,32,916
6,33,930
6,34,949
6,35,992
6,36,976
6,37,982
6,38,914
6,39,940
6,40,860
6,41,966
6,42,934
6,43,898
6,44,930
6,45,990
6,46,958
6,47,953
6,48,924
6,49,965
6,50,877
6,51,943
6,52,919
6,53,973
6,54,957
6,55,934
6,56,930
6,57,908
6,58,991
6,59,926
6,60,940
6,61,970
6,62,970
6,63,935
7,0,834
7,1,779
7,2,804
7,3,847
7,4,841
7,5,852
7,6,870
7,7,799
7,8,803
7,9,909
7,10,770
7,11,876
7,12,842
7,13,867
7,14,812
7,15,855
7,16,821
7,17,809
7,18,800
7,19,834
7,20,874
7,21,815
7,22,835
7,23,834
7,24,805
7,25,823
7,26,817
7,27,858
7,28,820
7,29,852
7,30,816
7,31,847
7,32,788
7,33,837
7,34,862
7,35,811
7,36,842
7,37,837
7,38,853
7,39,841
7,40,864
7,41,846
7,42,792
7,43,855
7,44,806
7,45,849
7,46,820
7,47,818
7,48,840
7,49,811
7,50,820
7,51,835
7,52,865
7,53,860
7,54,846
7,55,855
7,56,820
7,57,834
7,58,900
7,59,887
7,60,845
7,61,839
7,62,806
7,63,857
8,0,1053
8,1,1050
8,2,1086
8,3,1050
8,4,1084
8,5,1044
8,6,1111
8,7,1040
8,8,1092
8,9,1121
8,10,1092
8,11,1098
8,12,1147
8,13,1106
8,14,1056
8,15,1079
8,16,1053
8,17,1070
8,18,1036
8,19,1034
8,20,1072
8,21,997
8,22,1082
8,23,1119
8,24,1050
8,25,1068
8,26,1068
8,27,1138
8,28,1095
8,29,1026
8,30,1066
8,31,1065
8,32,1043
8,33,1059
8,34,1048
8,35,1144
8,36,1153
8,37,1067
8,38,1041
8,39,1031
8,40,1076
8,41,1042
8,42,1081
8,43,1080
8,44,1122
8,45,1044
8,46,1050
8,47,1096
8,48,1083
8,49,1043
8,50,1046
8,51,1089
8,52,1084
8,53,1112
8,54,1144
8,55,1124
8,56,1069
8,57,1052
8,58,1158
8,59,1073
8,60,1167
8,61,1076
8,62,1088
8,63,1089
9,0,1283
9,1,1248
9,2,1233
9,3,1283
9,4,1245
9,5,1289
9,6,1312
9,7,1252
9,8,1234
9,9,1338
9,10,1279
9,11,1225
9,12,1348
9,13,1302
9,14,1268
9,15,1268
9,16,1316
9,17,1272
9,18,1339
9,19,1309
9,20,1341
9,21,1311
9,22,1280
9,23,1225
9,24,1250
9,25,1271
9,26,1292
9,27,1167
9,28,1206
9,29,1301
9,30,1322
9,31,1259
9,32,1243
9,33,1295
9,34,1228
9,35,1292
9,36,1283
9,37,1296
9,38,1298
9,39,1268
9,40,1293
9,41,1272
9,42,1228
9,43,1233
9,44,1310
9,45,1249
9,46,1343
9,47,1319
9,48,1253
9,49,1264
9,50,1200
9,51,1273
9,52,1240
9,53,1189
9,54,1293
9,55,1198
9,56,1263
9,57,1291
9,58,1330
9,59,1278
9,60,1250
9,61,1277
9,62,1324
9,63,1225
10,0,861
10,1,912
10,2,926
10,3,900
10,4,892
10,5,890
10,6,855
10,7,850
10,8,849
10,9,858
10,10,824
10,11,913
10,12,867
10,13,838
10,14,813
10,15,863
10,16,968
10,17,877
10,18,857
10,19,926
10,20,865
10,21,887
10,22,844
10,23,879
10,24,846
10,25,880
10,26,950
10,27,846
10,28,818
10,29,916
10,30,849
10,31,868
10,32,883
10,33,928
10,34,939
10,35,880
10,36,951
10,37,914
10,38,923
10,39,866
10,40,931
10,41,866
10,42,902
10,43,923
10,44,920
10,45,888
10,46,900
10,47,888
10,48,873
10,49,880
10,50,847
10,51,887
10,52,853
10,53,894
10,54,916
10,55,902
10,56,926
10,57,882
10,58,890
10,59,908
10,60,862
10,61,849
10,62,899
10,63,848
11,0,1058
11,1,1011
11,2,1026
11,3,1024
11,4,1017
11,5,1032
11,6,1042
11,7,1052
11,8,1046
11,9,1051
11,10,1096
11,11,913
11,12,969
11,13,1032
11,14,1000
11,15,1015
11,16,986
11,17,955
11,18,999
11,19,969
11,20,1052
11,21,1039
11,22,1064
11,23,1085
11,24,938
11,25,973
11,26,973
11,27,1035
11,28,1020
11,29,961
11,30,950
11,31,1024
11,32,970
11,33,964
11,34,955
11,35,1003
11,36,1066
11,37,1033
11,38,947
11,39,1025
11,40,1001
11,41,1017
11,42,952
11,43,1019
11,44,1045
11,45,1014
11,46,1050
11,47,973
11,48,1021
11,49,1012
11,50,981
11,51,1022
11,52,965
11,53,1010
11,54,964
11,55,987
11,56,1027
11,57,1010
11,58,1049
11,59,962
11,60,986
11,61,945
11,62,1004
11,63,1017
12,0,1129
12,1,1092
12,2,1079
12,3,1115
12,4,1018
12,5,1083
12,6,1028
12,7,1145
12,8,1081
12,9,1132
12,10,1086
12,11,1065
12,12,1071
12,13,1167
12,14,1074
12,15,1016
12,16,1072
12,17,1027
12,18,1101
12,19,1124
12,20,1077
12,21,1083
12,22,1088
12,23,1070
12,24,1111
12,25,1082
12,26,1056
12,27,1066
12,28,1010
12,29,1016
12,30,1069
12,31,1011
12,32,1087
12,33,1086
12,34,1083
12,35,1115
12,36,1111
12,37,1069
12,38,1093
12,39,1002
12,40,1109
12,41,1074
12,42,1091
12,43,1116
12,44,1080
12,45,1099
12,46,1067
12,47,1128
12,48,1064
12,49,1117
12,50,1108
12,51,1083
12,52,1070
12,53,1012
12,54,1104
12,55,1071
12,56,1076
12,57,1068
12,58,1080
12,59,1082
12,60,985
12,61,1083
12,62,1123
12,63,1055
13,0,1061
13,1,1118
13,2,1105
13,3,1081
13,4,1115
13,5,1147
13,6,1104
13,7,1178
13,8,1185
13,9,1137
13,10,1151
13,11,1190
13,12,1109
13,13,1157
13,14,1154
13,15,1121
13,16,1145
13,17,1101
13,18,1127
13,19,1097
13,20,1210
13,21,1060
13,22,1092
13,23,1138
13,24,1125
13,25,1116
13,26,1091
13,27,1079
13,28,1081
13,29,1142
13,30,1067
13,31,1082
13,32,1039
13,33,1066
13,34,1118
13,35,1141
13,36,1144
13,37,1086
13,38,1137
13,39,1134
13,40,1087
13,41,1158
13,42,1147
13,43,1173
13,44,1117
13,45,1095
13,46,1171
13,47,1088
13,48,1058
13,49,1124
13,50,1079
13,51,1135
13,52,1111
13,53,1152
13,54,1111
13,55,1168
13,56,1109
13,57,1091
13,58,1100
13,59,1081
13,60,1149
13,61,1163
13,62,1184
13,63,1099
14,0,996
14,1,938
14,2,996
14,3,1004
14,4,962
14,5,904
14,6,1004
14,7,889
14,8,1020
14,9,995
14,10,922
14,11,947
14,12,1005
14,13,992
14,14,943
14,15,980
14,16,993
14,17,1043
14,18,1004
14,19,965
14,20,978
14,21,935
14,22,1018
14,23,979
14,24,950
14,25,902
14,26,1006
14,27,951
14,28,1025
14,29,1005
14,30,924
14,31,976
14,32,966
14,33,912
14,34,981
14,35,909
14,36,971
14,37,921
14,38,912
14,39,966
14,40,947
14,41,896
14,42,947
14,43,931
14,44,926
14,45,965
14,46,965
14,47,1012
14,48,916
14,49,1020
14,50,996
14,51,961
14,52,980
14,53,871
14,54,994
14,55,981
14,56,964
14,57,973
14,58,991
14,59,1050
14,60,976
14,61,991
14,62,1012
14,63,909
15,0,1215
15,1,1188
15,2,1172
15,3,1198
15,4,1208
15,5,1270
15,6,1216
15,7,1271
15,8,1220
15,9,1169
15,10,1163
15,11,1296
15,12,1215
15,13,1204
15,14,1237
15,15,1160
15,16,1221
15,17,1265
15,18,1203
15,19,1210
15,20,1207
15,21,1199
15,22,1202
15,23,1184
15,24,1285
15,25,1224
15,26,1144
15,27,1200
15,28,1209
15,29,1146
15,30,1226
15,31,1238
15,32,1262
15,33,1225
15,34,1167
15,35,1159
15,36,1236
15,37,1177
15,38,1226
15,39,1306
15,40,1183
15,41,1246
15,42,1188
15,43,1272
15,44,1144
15,45,1172
15,46,1157
15,47,1229
15,48,1163
15,49,1221
15,50,1182
15,51,1201
15,52,1186
15,53,1164
15,54,1264
15,55,1197
15,56,1192
15,57,1190
15,58,1160
15,59,1210
15,60,1205
15,61,1189
15,62,1257
15,63,1120
16,0,1204
16,1,1077
16,2,1163
16,3,1141
16,4,1163
16,5,1192
16,6,1234
16,7,1106
16,8,1153
16,9,1192
16,10,1198
16,11,1224
16,12,1137
16,13,1181
16,14,1223
16,15,1193
16,16,1189
16,17,1144
16,18,1199
16,19,1176
16,20,1160
16,21,1064
16,22,1168
16,23,1259
16,24,1161
16,25,1158
16,26,1193
16,27,1169
16,28,1174
16,29,1185
16,30,1198
16,31,1117
16,32,1147
16,33,1188
16,34,1094
16,35,1168
16,36,1197
16,37,1190
16,38,1126
16,39,1165
16,40,1239
16,41,1117
16,42,1125
16,43,1150
16,44,1103
16,45,1206
16,46,1183
16,47,1181
16,48,1153
16,49,1101
16,50,1152
16,51,1062
16,52,1112
16,53,1133
16,54,1171
16,55,1210
16,56,1173
16,57,1267
16,58,1210
16,59,1138
16,60,1136
16,61,1145
16,62,1157
16,63,1105
17,0,1075
17,1,1033
17,2,1047
17,3,1037
17,4,1084
17,5,1057
17,6,994
17,7,1093
17,8,1040
17,9,1136
17,10,1021
17,11,1075
17,12,995
17,13,1010
17,14,1023
17,15,1034
17,16,1076
17,17,1065
17,18,1058
17,19,1080
17,20,1041
17,21,1056
17,22,1078
17,23,1018
17,24,1038
17,25,1036
17,26,1061
17,27,960
17,28,1050
17,29,1075
17,30,1096
17,31,1031
17,32,1021
17,33,1082
17,34,1061
17,35,1081
17,36,1045
17,37,1076
17,38,1071
17,39,1076
17,40,934
17,41,978
17,42,1023
17,43,1023
17,44,1001
17,45,1037
17,46,1046
17,47,1006
17,48,1024
17,49,1138
17,50,1024
17,51,1061
17,52,1078
17,53,1047
17,54,1088
17,55,1081
17,56,1124
17,57,1052
17,58,1051
17,59,1005
17,60,1056
17,61,992
17,62,1062
17,63,1050
18,0,1732
18,1,1846
18,2,1782
18,3,1754
18,4,1759
18,5,1793
18,6,1771
18,7,1671
18,8,1833
18,9,1850
18,10,1754
18,11,1720
18,12,1762
18,13,1752
18,14,1805
18,15,1754
18,16,1821
18,17,1854
18,18,1737
18,19,1825
18,20,1678
18,21,1684
18,22,1787
18,23,1893
18,24,1773
18,25,1754
18,26,1776
18,27,1683
18,28,1757
18,29,1790
18,30,1753
18,31,1744
18,32,1758
18,33,1730
18,34,1759
18,35,1840
18,36,1842
18,37,1727
18,38,1809
18,39,1748
18,40,1729
18,41,1763
18,42,1764
18,43,1754
18,44,1771
18,45,1750
18,46,1865
18,47,1776
18,48,1755
18,49,1760
18,50,1756
18,51,1729
18,52,1807
18,53,1759
18,54,1701
18,55,1791
18,56,1800
18,57,1758
18,58,1842
18,59,1756
18,60,1786
18,61,1758
18,62,1772
18,63,1786
19,0,846
19,1,951
19,2,943
19,3,915
19,4,926
19,5,850
19,6,895
19,7,920
19,8,865
19,9,918
19,10,946
19,11,895
19,12,898
19,13,889
19,14,822
19,15,882
19,16,935
19,17,944
19,18,833
19,19,875
19,20,949
19,21,864
19,22,882
19,23,923
19,24,835
19,25,883
19,26,917
19,27,841
19,28,852
19,29,905
19,30,897
19,31,885
19,32,919
19,33,921
19,34,889
19,35,840
19,36,912
19,37,893
19,38,860
19,39,906
19,40,887
19,41,880
19,42,891
19,43,853
19,44,906
19,45,889
19,46,972
19,47,926
19,48,908
19,49,908
19,50,903
19,51,908
19,52,880
19,53,919
19,54,917
19,55,883
19,56,910
19,57,896
19,58,860
19,59,897
19,60,875
19,61,882
19,62,847
19,63,873
20,0,1137
20,1,1109
20,2,1107
20,3,1150
20,4,1089
20,5,1134
20,6,1162
20,7,1080
20,8,1168
20,9,1166
20,10,1146
20,11,1162
20,12,1129
20,13,1096
20,14,1128
20,15,1135
20,16,1229
20,17,1152
20,18,1127
20,19,1147
20,20,1099
20,21,1106
20,22,1072
20,23,1101
20,24,1074
20,25,1152
20,26,1124
20,27,958
20,28,1104
20,29,1091
20,30,1156
20,31,1094
20,32,1157
20,33,1085
20,34,1172
20,35,1171
20,36,1151
20,37,1107
20,38,1145
20,39,1113
20,40,1072
20,41,1100
20,42,1143
20,43,1168
20,44,1171
20,45,1084
20,46,1195
20,47,1096
20,48,1094
20,49,1123
20,50,1144
20,51,1126
20,52,1128
20,53,1151
20,54,1150
20,55,1114
20,56,1164
20,57,1141
20,58,1165
20,59,1136
20,60,1086
20,61,1194
20,62,1158
20,63,1086
21,0,1014
21,1,1034
21,2,1021
21,3,1006
21,4,962
21,5,989
21,6,956
21,7,1006
21,8,1075
21,9,1070
21,10,1032
21,11,1025
21,12,1094
21,13,1126
21,14,1021
21,15,976
21,16,1099
21,17,1029
21,18,1063
21,19,1053
21,20,1025
21,21,1023
21,22,1013
21,23,1049
21,24,975
21,25,1005
21,26,1079
21,27,979
21,28,992
21,29,1046
21,30,1042
21,31,991
21,32,977
21,33,1056
21,34,1063
21,35,1057
21,36,1070
21,37,1028
21,38,1030
21,39,1056
21,40,957
21,41,965
21,42,1071
21,43,1055
21,44,1058
21,45,996
21,46,1043
21,47,1027
21,48,1018
21,49,1018
21,50,1071
21,51,1036
21,52,994
21,53,936
21,54,1027
21,55,1034
21,56,1128
21,57,1044
21,58,1049
21,59,1006
21,60,1004
21,61,1043
21,62,1050
21,63,1001
22,0,937
22,1,973
22,2,970
22,3,1003
22,4,966
22,5,896
22,6,990
22,7,936
22,8,927
22,9,978
22,10,955
22,11,958
22,12,921
22,13,949
22,14,883
22,15,907
22,16,969
22,17,906
22,18,912
22,19,941
22,20,936
22,21,915
22,22,992
22,23,920
22,24,914
22,25,978
22,26,930
22,27,908
22,28,941
22,29,936
22,30,910
22,31,955
22,32,902
22,33,947
22,34,976
22,35,921
22,36,971
22,37,904
22,38,929
22,39,896
22,40,953
22,41,937
22,42,909
22,43,871
22,44,944
22,45,940
22,46,935
22,47,975
22,48,973
22,49,947
22,50,884
22,51,927
22,52,925
22,53,905
22,54,927
22,55,935
22,56,968
22,57,984
22,58,987
22,59,955
22,60,970
22,61,954
22,62,996
22,63,1004
23,0,1056
23,1,1036
23,2,1068
23,3,1025
23,4,1021
23,5,1037
23,6,1067
23,7,1092
23,8,1092
23,9,993
23,10,1027
23,11,1070
23,12,1097
23,13,1069
23,14,1058
23,15,1013
23,16,1114
23,17,1093
23,18,1021
23,19,977
23,20,1100
23,21,1045
23,22,1068
23,23,1048
23,24,1028
23,25,960
23,26,1008
23,27,972
23,28,984
23,29,1100
23,30,1061
23,31,1018
23,32,967
23,33,1005
23,34,1035
23,35,1053
23,36,1061
23,37,1009
23,38,1032
23,39,1048
23,40,971
23,41,1063
23,42,1043
23,43,1011
23,44,1056
23,45,1058
23,46,1097
23,47,1009
23,48,1077
23,49,1076
23,50,996
23,51,1051
23,52,983
23,53,987
23,54,1004
23,55,989
23,56,1011
23,57,1115
23,58,974
23,59,1036
23,60,1011
23,61,1032
23,62,977
23,63,1038
24,0,957
24,1,1022
24,2,1039
24,3,1028
24,4,950
24,5,1042
24,6,1057
24,7,1013
24,8,1010
24,9,986
24,10,972
24,11,1011
24,12,988
24,13,1034
24,14,1047
24,15,962
24,16,1043
24,17,977
24,18,999
24,19,1086
24,20,1047
24,21,985
24,22,986
24,23,978
24,24,980
24,25,1012
24,26,1022
24,27,991
24,28,1046
24,29,973
24,30,1029
24,31,976
24,32,982
24,33,994
24,34,952
24,35,1001
24,36,1033
24,37,1035
24,38,1010
24,39,986
24,40,1052
24,41,923
24,42,1072
24,43,940
24,44,995
24,45,979
24,46,976
24,47,930
24,48,1054
24,49,975
24,50,1043
24,51,979
24,52,1013
24,53,953
24,54,1018
24,55,1041
24,56,969
24,57,964
24,58,985
24,59,1002
24,60,1059
24,61,1031
24,62,987
24,63,1024
25,0,1427
25,1,1466
25,2,1370
25,3,1341
25,4,1402
25,5,1408
25,6,1321
25,7,1350
25,8,1513
25,9,1428
25,10,1434
25,11,1434
25,12,1381
25,13,1390
25,14,1375
25,15,1386
25,16,1404
25,17,1400
25,18,1467
25,19,1396
25,20,1395
25,21,1462
25,22,1459
25,23,1425
25,24,1253
25,25,1332
25,26,1373
25,27,1289
25,28,1381
25,29,1364
25,30,1354
25,31,1393
25,32,1369
25,33,1520
25,34,1400
25,35,1398
25,36,1402
25,37,1426
25,38,1372
25,39,1368
25,40,1436
25,41,1388
25,42,1365
25,43,1420
25,44,1477
25,45,1454
25,46,1448
25,47,1309
25,48,1442
25,49,1455
25,50,1436
25,51,1465
25,52,1358
25,53,1447
25,54,1380
25,55,1410
25,56,1424
25,57,1400
25,58,1409
25,59,1384
25,60,1379
25,61,1349
25,62,1425
25,63,1326
26,0,1341
26,1,1239
26,2,1269
26,3,1312
26,4,1338
26,5,1274
26,6,1336
26,7,1350
26,8,1322
26,9,1324
26,10,1325
26,11,1399
26,12,1306
26,13,1336
26,14,1311
26,15,1345
26,16,1298
26,17,1363
26,18,1313
26,19,1288
26,20,1364
26,21,1326
26,22,1363
26,23,1297
26,24,1279
26,25,1286
26,26,1312
26,27,1271
26,28,1262
26,29,1291
26,30,1300
26,31,1300
26,32,1328
26,33,1302
26,34,1289
26,35,1315
26,36,1323
26,37,1236
26,38,1251
26,39,1310
26,40,1341
26,41,1324
26,42,1303
26,43,1328
26,44,1300
26,45,1350
26,46,1358
26,47,1366
26,48,1316
26,49,1352
26,50,1280
26,51,1242
26,52,1316
26,53,1363
26,54,1357
26,55,1291
26,56,1334
26,57,1157
26,58,1322
26,59,1289
26,60,1281
26,61,1292
26,62,1359
26,63,1235
27,0,876
27,1,845
27,2,847
27,3,886
27,4,792
27,5,842
27,6,862
27,7,875
27,8,862
27,9,876
27,10,831
27,11,892
27,12,799
27,13,888
27,14,839
27,15,824
27,16,863
27,17,848
27,18,836
27,19,925
27,20,833
27,21,853
27,22,846
27,23,874
27,24,779
27,25,840
27,26,845
27,27,895
27,28,835
27,29,847
27,30,810
27,31,833
27,32,781
27,33,868
27,34,787
27,35,866
27,36,872
27,37,880
27,38,823
27,39,816
27,40,803
27,41,836
27,42,829
27,43,803
27,44,876
27,45,883
27,46,834
27,47,848
27,48,813
27,49,851
27,50,857
27,51,785
27,52,853
27,53,913
27,54,818
27,55,818
27,56,827
27,57,828
27,58,865
27,59,804
27,60,839
27,61,816
27,62,813
27,63,810
28,0,972
28,1,995
28,2,1010
28,3,988
28,4,910
28,5,957
28,6,892
28,7,936
28,8,960
28,9,1013
28,10,903
28,11,1021
28,12,1014
28,13,958
28,14,927
28,15,978
28,16,1007
28,17,938
28,18,986
28,19,1038
28,20,980
28,21,914
28,22,902
28,23,985
28,24,948
28,25,935
28,26,958
28,27,942
28,28,926
28,29,1014
28,30,949
28,31,940
28,32,947
28,33,923
28,34,979
28,35,985
28,36,992
28,37,923
28,38,973
28,39,987
28,40,968
28,41,937
28,42,1003
28,43,957
28,44,1044
28,45,972
28,46,976
28,47,936
28,48,993
28,49,988
28,50,1017
28,51,1014
28,52,882
28,53,987
28,54,936
28,55,1028
28,56,992
28,57,965
28,58,970
28,59,932
28,60,973
28,61,973
28,62,976
28,63,877
29,0,904
29,1,893
29,2,945
29,3,936
29,4,948
29,5,901
29,6,941
29,7,920
29,8,908
29,9,965
29,10,991
29,11,928
29,12,934
29,13,937
29,14,875
29,15,884
29,16,969
29,17,987
29,18,967
29,19,955
29,20,922
29,21,959
29,22,906
29,23,895
29,24,832
29,25,903
29,26,945
29,27,937
29,28,904
29,29,935
29,30,914
29,31,922
29,32,899
29,33,923
29,34,939
29,35,987
29,36,898
29,37,985
29,38,943
29,39,931
29,40,862
29,41,905
29,42,934
29,43,904
29,44,899
29,45,907
29,46,962
29,47,952
29,48,990
29,49,928
29,50,949
29,51,927
29,52,944
29,53,922
29,54,980
29,55,949
29,56,947
29,57,929
29,58,929
29,59,927
29,60,938
29,61,937
29,62,957
29,63,916
30,0,1061
30,1,1039
30,2,1042
30,3,998
30,4,1048
30,5,1045
30,6,1082
30,7,1051
30,8,1114
30,9,1040
30,10,1074
30,11,1057
30,12,1021
30,13,1038
30,14,1102
30,15,1133
30,16,1092
30,17,1142
30,18,1040
30,19,1104
30,20,1057
30,21,1009
30,22,1085
30,23,1083
30,24,1000
30,25,1052
30,26,1035
30,27,1079
30,28,1030
30,29,1009
30,30,1051
30,31,1049
30,32,1066
30,33,1049
30,34,1105
30,35,1054
30,36,1075
30,37,1033
30,38,1129
30,39,1039
30,40,1066
30,41,1058
30,42,1032
30,43,1033
30,44,1083
30,45,1083
30,46,1043
30,47,1051
30,48,1120
30,49,1129
30,50,1064
30,51,1036
30,52,1036
30,53,1078
30,54,1065
30,55,1015
30,56,1052
30,57,983
30,58,1115
30,59,1075
30,60,1067
30,61,1036
30,62,1033
30,63,1061
31,0,1444
31,1,1442
31,2,1364
31,3,1360
31,4,1351
31,5,1342
31,6,1381
31,7,1398
31,8,1426
31,9,1379
31,10,1334
31,11,1409
31,12,1480
31,13,1420
31,14,1423
31,15,1410
31,16,1445
31,17,1346
31,18,1385
31,19,1373
31,20,1444
31,21,1407
31,22,1374
31,23,1387
31,24,1447
31,25,1350
31,26,1428
31,27,1329
31,28,1409
31,29,1392
31,30,1397
31,31,1288
31,32,1378
31,33,1375
31,34,1382
31,35,1455
31,36,1365
31,37,1332
31,38,1362
31,39,1405
31,40,1387
31,41,1433
31,42,1402
31,43,1416
31,44,1352
31,45,1392
31,46,1366
31,47,1347
31,48,1379
31,49,1409
31,50,1419
31,51,1417
31,52,1370
31,53,1407
31,54,1321
31,55,1349
31,56,1341
31,57,1399
31,58,1351
31,59,1380
31,60,1522
31,61,1315
31,62,1334
31,63,1443
32,0,1110
32,1,1184
32,2,1134
32,3,1162
32,4,1214
32,5,1149
32,6,1174
32,7,1177
32,8,1170
32,9,1157
32,10,1150
32,11,1146
32,12,1069
32,13,1244
32,14,1118
32,15,1129
32,16,1185
32,17,1237
32,18,1147
32,19,1073
32,20,1193
32,21,1160
32,22,1075
32,23,1101
32,24,1156
32,25,1180
32,26,1133
32,27,1136
32,28,1165
32,29,1135
32,30,1194
32,31,1117
32,32,1082
32,33,1131
32,34,1183
32,35,1135
32,36,1243
32,37,1123
32,38,1203
32,39,1153
32,40,1192
32,41,1132
32,42,1120
32,43,1173
32,44,1140
32,45,1155
32,46,1143
32,47,1174
32,48,1115
32,49,1159
32,50,1142
32,51,1137
32,52,1126
32,53,1172
32,54,1152
32,55,1183
32,56,1062
32,57,1123
32,58,1168
32,59,1181
32,60,1111
32,61,1170
32,62,1191
32,63,1150
33,0,990
33,1,966
33,2,915
33,3,959
33,4,996
33,5,957
33,6,1043
33,7,970
33,8,994
33,9,959
33,10,1023
33,11,979
33,12,1006
33,13,959
33,14,1021
33,15,979
33,16,1051
33,17,1026
33,18,949
33,19,1051
33,20,1015
33,21,977
33,22,923
33,23,965
33,24,974
33,25,1008
33,26,948
33,27,959
33,28,964
33,29,1001
33,30,922
33,31,1022
33,32,912
33,33,1028
33,34,959
33,35,994
33,36,987
33,37,997
33,38,1027
33,39,992
33,40,960
33,41,933
33,42,944
33,43,1014
33,44,972
33,45,1019
33,46,1040
33,47,960
33,48,1047
33,49,1035
33,50,1038
33,51,1015
33,52,1031
33,53,974
33,54,949
33,55,998
33,56,998
33,57,1048
33,58,1025
33,59,993
33,60,968
33,61,995
33,62,946
33,63,980
34,0,796
34,1,742
34,2,868
34,3,783
34,4,782
34,5,830
34,6,801
34,7,776
34,8,803
34,9,809
34,10,791
34,11,863
34,12,852
34,13,798
34,14,797
34,15,802
34,16,810
34,17,814
34,18,768
34,19,840
34,20,815
34,21,800
34,22,822
34,23,828
34,24,785
34,25,780
34,26,738
34,27,702
34,28,777
34,29,822
34,30,813
34,31,766
34,32,789
34,33,792
34,34,818
34,35,814
34,36,775
34,37,790
34,38,771
34,39,795
34,40,765
34,41,869
34,42,789
34,43,801
34,44,802
34,45,770
34,46,770
34,47,841
34,48,770
34,49,791
34,50,799
34,51,772
34,52,846
34,53,830
34,54,760
34,55,804
34,56,763
34,57,823
34,58,817
34,59,799
34,60,751
34,61,792
34,62,800
34,63,842
35,0,956
35,1,1017
35,2,978
35,3,1044
35,4,1086
35,5,990
35,6,1030
35,7,977
35,8,1018
35,9,1104
35,10,1030
35,11,1020
35,12,1049
35,13,1000
35,14,996
35,15,1049
35,16,1011
35,17,1053
35,18,1029
35,19,1070
35,20,966
35,21,1000
35,22,1041
35,23,945
35,24,1048
35,25,1043
35,26,1079
35,27,950
35,28,1004
35,29,1013
35,30,970
35,31,1055
35,32,999
35,33,1060
35,34,1002
35,35,1006
35,36,1097
35,37,1046
35,38,1082
35,39,1049
35,40,1031
35,41,1038
35,42,1080
35,43,1052
35,44,958
35,45,1042
35,46,1110
35,47,1034
35,48,996
35,49,955
35,50,1038
35,51,1100
35,52,1000
35,53,976
35,54,1076
35,55,1045
35,56,1028
35,57,1028
35,58,1051
35,59,1016
35,60,1016
35,61,1018
35,62,1001
35,63,1068
36,0,1148
36,1,1033
36,2,1077
36,3,1070
36,4,1104
36,5,1087
36,6,1067
36,7,1109
36,8,1083
36,9,1112
36,10,1068
36,11,1081
36,12,1094
36,13,1152
36,14,1033
36,15,1071
36,16,1093
36,17,1087
36,18,1067
36,19,1031
36,20,1130
36,21,1077
36,22,1086
36,23,1061
36,24,1056
36,25,1050
36,26,1141
36,27,1083
36,28,1077
36,29,1036
36,30,1058
36,31,1057
36,32,1112
36,33,1058
36,34,1040
36,35,1100
36,36,1104
36,37,1090
36,38,1100
36,39,1031
36,40,1061
36,41,1085
36,42,1038
36,43,1056
36,44,1128
36,45,1146
36,46,1035
36,47,1110
36,48,1071
36,49,1057
36,50,1145
36,51,1004
36,52,1085
36,53,1137
36,54,1106
36,55,1170
36,56,1131
36,57,1108
36,58,1115
36,59,1061
36,60,1091
36,61,1049
36,62,1059
36,63,1027
37,0,1855
37,1,1957
37,2,1841
37,3,1839
37,4,1851
37,5,1876
37,6,1732
37,7,1886
37,8,1954
37,9,1828
37,10,1887
37,11,2000
37,12,1899
37,13,1918
37,14,1879
37,15,1889
37,16,1870
37,17,1814
37,18,1909
37,19,1774
37,20,1857
37,21,1849
37,22,1833
37,23,1938
37,24,1833
37,25,1910
37,26,1893
37,27,1776
37,28,1768
37,29,1958
37,30,1835
37,31,1862
37,32,1918
37,33,1867
37,34,1833
37,35,1826
37,36,1925
37,37,1803
37,38,1946
37,39,1868
37,40,1972
37,41,1817
37,42,1882
37,43,1858
37,44,1857
37,45,1831
37,46,1857
37,47,1849
37,48,1834
37,49,1821
37,50,1836
37,51,1838
37,52,1816
37,53,1793
37,54,2012
37,55,1902
37,56,1915
37,57,1900
37,58,2001
37,59,1752
37,60,1859
37,61,1937
37,62,1910
37,63,1758
38,0,1354
38,1,1372
38,2,1319
38,3,1321
38,4,1259
38,5,1331
38,6,1361
38,7,1340
38,8,1349
38,9,1337
38,10,1407
38,11,1344
38,12,1440
38,13,1338
38,14,1347
38,15,1346
38,16,1367
38,17,1338
38,18,1336
38,19,1394
38,20,1413
38,21,1350
38,22,1315
38,23,1384
38,24,1330
38,25,1327
38,26,1260
38,27,1342
38,28,1372
38,29,1366
38,30,1434
38,31,1352
38,32,1364
38,33,1309
38,34,1264
38,35,1363
38,36,1314
38,37,1374
38,38,1337
38,39,1374
38,40,1339
38,41,1264
38,42,1298
38,43,1324
38,44,1427
38,45,1293
38,46,1356
38,47,1329
38,48,1322
38,49,1248
38,50,1407
38,51,1285
38,52,1268
38,53,1293
38,54,1351
38,55,1296
38,56,1362
38,57,1263
38,58,1419
38,59,1340
38,60,1350
38,61,1353
38,62,1325
38,63,1320
39,0,1399
39,1,1408
39,2,1457
39,3,1347
39,4,1409
39,5,1389
39,6,1546
39,7,1407
39,8,1391
39,9,1414
39,10,1402
39,11,1366
39,12,1368
39,13,1428
39,14,1466
39,15,1429
39,16,1395
39,17,1436
39,18,1423
39,19,1369
39,20,1467
39,21,1385
39,22,1453
39,23,1481
39,24,1389
39,25,1361
39,26,1378
39,27,1362
39,28,1421
39,29,1357
39,30,1411
39,31,1421
39,32,1346
39,33,1399
39,34,1396
39,35,1390
39,36,1345
39,37,1383
39,38,1382
39,39,1381
39,40,1400
39,41,1386
39,42,1382
39,43,1388
39,44,1387
39,45,1361
39,46,1431
39,47,1307
39,48,1437
39,49,1406
39,50,1422
39,51,1319
39,52,1445
39,53,1396
39,54,1372
39,55,1422
39,56,1453
39,57,1356
39,58,1449
39,59,1397
39,60,1377
39,61,1317
39,62,1409
39,63,1353
40,0,1171
40,1,1069
40,2,1149
40,3,1145
40,4,1134
40,5,1102
40,6,1159
40,7,1122
40,8,1175
40,9,1156
40,10,1064
40,11,1068
40,12,1095
40,13,1120
40,14,1140
40,15,1060
40,16,1126
40,17,1079
40,18,1084
40,19,1104
40,20,1096
40,21,1108
40,22,1114
40,23,1152
40,24,1106
40,25,1132
40,26,1157
40,27,1113
40,28,1215
40,29,1126
40,30,1127
40,31,1114
40,32,1109
40,33,1147
40,34,1135
40,35,1089
40,36,1096
40,37,1099
40,38,1055
40,39,1142
40,40,1029
40,41,1159
40,42,1121
40,43,1077
40,44,1138
40,45,1105
40,46,1125
40,47,1135
40,48,1106
40,49,1129
40,50,1167
40,51,1107
40,52,1139
40,53,1140
40,54,1171
40,55,1047
40,56,1132
40,57,1094
40,58,1194
40,59,1103
40,60,1131
40,61,1065
40,62,1136
40,63,1123
41,0,1097
41,1,1034
41,2,1094
41,3,1168
41,4,1093
41,5,1121
41,6,1070
41,7,1083
41,8,1039
41,9,1132
41,10,1201
41,11,1135
41,12,1068
41,13,1074
41,14,1070
41,15,1100
41,16,1108
41,17,1117
41,18,1065
41,19,1124
41,20,1149
41,21,1092
41,22,1136
41,23,1064
41,24,1002
41,25,1057
41,26,1104
41,27,1101
41,28,1076
41,29,1147
41,30,1046
41,31,1079
41,32,1099
41,33,1142
41,34,1129
41,35,1052
41,36,1110
41,37,1106
41,38,1170
41,39,1119
41,40,1105
41,41,1052
41,42,1134
41,43,1131
41,44,1089
41,45,1149
41,46,1146
41,47,1076
41,48,1110
41,49,1095
41,50,1095
41,51,1095
41,52,1049
41,53,1125
41,54,1082
41,55,1126
41,56,1106
41,57,1125
41,58,1082
41,59,1062
41,60,1098
41,61,996
41,62,1121
41,63,999
42,0,1077
42,1,1012
42,2,1026
42,3,1056
42,4,1033
42,5,1005
42,6,1027
42,7,1037
42,8,1005
42,9,1050
42,10,1051
42,11,1108
42,12,1093
42,13,1026
42,14,1006
42,15,1024
42,16,1094
42,17,1018
42,18,1053
42,19,1062
42,20,1048
42,21,1027
42,22,1026
42,23,1011
42,24,1017
42,25,1065
42,26,966
42,27,1020
42,28,1051
42,29,1038
42,30,1018
42,31,1000
42,32,1017
42,33,1064
42,34,1061
42,35,1087
42,36,1032
42,37,1049
42,38,999
42,39,1028
42,40,993
42,41,976
42,42,1077
42,43,1050
42,44,945
42,45,1036
42,46,1004
42,47,1132
42,48,1043
42,49,1090
42,50,1094
42,51,1030
42,52,1087
42,53,1080
42,54,1043
42,55,1065
42,56,997
42,57,1050
42,58,1005
42,59,1073
42,60,970
42,61,1039
42,62,1039
42,63,1016
43,0,1137
43,1,1069
43,2,1074
43,3,1141
43,4,1063
43,5,1104
43,6,1181
43,7,1109
43,8,1076
43,9,1096
43,10,1075
43,11,1103
43,12,1057
43,13,1081
43,14,1063
43,15,1054
43,16,1101
43,17,1056
43,18,1085
43,19,1122
43,20,1100
43,21,1084
43,22,1044
43,23,1078
43,24,1022
43,25,1047
43,26,1093
43,27,1025
43,28,1065
43,29,1034
43,30,1136
43,31,1042
43,32,1025
43,33,1066
43,34,1141
43,35,1094
43,36,1109
43,37,1053
43,38,1113
43,39,1066
43,40,1092
43,41,1031
43,42,1047
43,43,1065
43,44,1049
43,45,1032
43,46,1014
43,47,1026
43,48,1167
43,49,1097
43,50,1089
43,51,1032
43,52,1061
43,53,1006
43,54,1064
43,55,1105
43,56,1045
43,57,1070
43,58,1152
43,59,1040
43,60,1092
43,61,1057
43,62,1140
43,63,1042
44,0,1076
44,1,1070
44,2,1090
44,3,1059
44,4,1045
44,5,1026
44,6,1100
44,7,1063
44,8,1061
44,9,1077
44,10,1058
44,11,1078
44,12,1055
44,13,1131
44,14,1070
44,15,1139
44,16,1164
44,17,1179
44,18,1142
44,19,1048
44,20,1114
44,21,1036
44,22,1076
44,23,1057
44,24,1085
44,25,1096
44,26,1072
44,27,1049
44,28,1071
44,29,1101
44,30,1034
44,31,1125
44,32,1057
44,33,1022
44,34,1043
44,35,1105
44,36,1090
44,37,1075
44,38,1090
44,39,1042
44,40,1084
44,41,1042
44,42,1028
44,43,1105
44,44,1091
44,45,1035
44,46,1078
44,47,1113
44,48,1119
44,49,1096
44,50,1064
44,51,1103
44,52,1064
44,53,1084
44,54,1020
44,55,1049
44,56,1083
44,57,1030
44,58,1080
44,59,1073
44,60,1073
44,61,1085
44,62,1082
44,63,1068
45,0,2224
45,1,2200
45,2,2136
45,3,2112
45,4,2153
45,5,2174
45,6,2081
45,7,2241
45,8,2228
45,9,2165
45,10,2169
45,11,2155
45,12,2200
45,13,2161
45,14,2055
45,15,2057
45,16,2204
45,17,2125
45,18,2210
45,19,2152
45,20,2163
45,21,2092
45,22,2161
45,23,2096
45,24,2127
45,25,2114
45,26,2143
45,27,2115
45,28,2157
45,29,2103
45,30,2164
45,31,2138
45,32,2103
45,33,2334
45,34,2185
45,35,2172
45,36,2186
45,37,2063
45,38,2145
45,39,2198
45,40,2228
45,41,2201
45,42,2197
45,43,2136
45,44,2144
45,45,2136
45,46,2206
45,47,2101
45,48,2187
45,49,2201
45,50,2147
45,51,2188
45,52,2174
45,53,2194
45,54,2140
45,55,2129
45,56,2261
45,57,2128
45,58,2164
45,59,2123
45,60,2228
45,61,2209
45,62,2142
45,63,2121
46,0,1105
46,1,1234
46,2,1123
46,3,1178
46,4,1167
46,5,1156
46,6,1123
46,7,1138
46,8,1200
46,9,1152
46,10,1154
46,11,1180
46,12,1177
46,13,1127
46,14,1110
46,15,1186
46,16,1208
46,17,1191
46,18,1177
46,19,1173
46,20,1179
46,21,1098
46,22,1122
46,23,1129
46,24,1174
46,25,1176
46,26,1184
46,27,1128
46,28,1195
46,29,1101
46,30,1129
46,31,1133
46,32,1156
46,33,1170
46,34,1114
46,35,1163
46,36,1171
46,37,1155
46,38,1139
46,39,1194
46,40,1097
46,41,1210
46,42,1118
46,43,1100
46,44,1169
46,45,1168
46,46,1204
46,47,1165
46,48,1122
46,49,1152
46,50,1117
46,51,1142
46,52,1164
46,53,1173
46,54,1162
46,55,1172
46,56,1175
46,57,1213
46,58,1176
46,59,1162
46,60,1185
46,61,1088
46,62,1127
46,63,1155
47,0,951
47,1,950
47,2,954
47,3,966
47,4,1014
47,5,1001
47,6,1005
47,7,1006
47,8,1022
47,9,1065
47,10,1004
47,11,998
47,12,997
47,13,1044
47,14,1031
47,15,990
47,16,1040
47,17,940
47,18,963
47,19,981
47,20,1013
47,21,1035
47,22,975
47,23,975
47,24,1045
47,25,962
47,26,989
47,27,993
47,28,966
47,29,934
47,30,906
47,31,1003
47,32,993
47,33,992
47,34,947
47,35,995
47,36,1036
47,37,1012
47,38,1053
47,39,991
47,40,985
47,41,1004
47,42,957
47,43,952
47,44,903
47,45,997
47,46,1043
47,47,1013
47,48,960
47,49,997
47,50,998
47,51,1025
47,52,971
47,53,977
47,54,1009
47,55,1050
47,56,1072
47,57,962
47,58,1012
47,59,998
47,60,1060
47,61,1017
47,62,1005
47,63,933
48,0,1308
48,1,1268
48,2,1293
48,3,1349
48,4,1241
48,5,1341
48,6,1328
48,7,1305
48,8,1319
48,9,1243
48,10,1345
48,11,1238
48,12,1326
48,13,1266
48,14,1272
48,15,1286
48,16,1323
48,17,1300
48,18,1269
48,19,1239
48,20,1263
48,21,1259
48,22,1296
48,23,1346
48,24,1286
48,25,1290
48,26,1280
48,27,1234
48,28,1369
48,29,1321
48,30,1279
48,31,1251
48,32,1253
48,33,1413
48,34,1300
48,35,1283
48,36,1322
48,37,1305
48,38,1324
48,39,1261
48,40,1329
48,41,1253
48,42,1276
48,43,1262
48,44,1296
48,45,1354
48,46,1261
48,47,1230
48,48,1277
48,49,1339
48,50,1298
48,51,1361
48,52,1349
48,53,1315
48,54,1327
48,55,1252
48,56,1298
48,57,1304
48,58,1347
48,59,1294
48,60,1288
48,61,1241
48,62,1353
48,63,1289
49,0,916
49,1,860
49,2,823
49,3,909
49,4,855
49,5,808
49,6,889
49,7,851
49,8,852
49,9,837
49,10,840
49,11,825
49,12,831
49,13,798
49,14,814
49,15,890
49,16,884
49,17,911
49,18,856
49,19,879
49,20,813
49,21,884
49,22,809
49,23,876
49,24,871
49,25,809
49,26,893
49,27,825
49,28,822
49,29,896
49,30,817
49,31,855
49,32,863
49,33,857
49,34,859
49,35,825
49,36,893
49,37,907
49,38,884
49,39,841
49,40,857
49,41,850
49,42,877
49,43,952
49,44,831
49,45,887
49,46,848
49,47,807
49,48,850
49,49,856
49,50,834
49,51,850
49,52,916
49,53,820
49,54,912
49,55,834
49,56,892
49,57,808
49,58,892
49,59,864
49,60,867
49,61,844
49,62,830
49,63,892
50,0,1054
50,1,1138
50,2,1087
50,3,1132
50,4,1099
50,5,1059
50,6,1076
50,7,1102
50,8,1103
50,9,1117
50,10,1129
50,11,1192
50,12,1128
50,13,1110
50,14,1058
50,15,1014
50,16,1128
50,17,1088
50,18,1032
50,19,1063
50,20,1098
50,21,1026
50,22,1143
50,23,1082
50,24,1023
50,25,1070
50,26,1058
50,27,1074
50,28,1161
50,29,1164
50,30,1111
50,31,1012
50,32,1073
50,33,1143
50,34,1122
50,35,1075
50,36,1073
50,37,1048
50,38,1083
50,39,1075
50,40,996
50,41,1093
50,42,1049
50,43,1134
50,44,1150
50,45,1106
50,46,1089
50,47,1166
50,48,1114
50,49,1114
50,50,1004
50,51,1077
50,52,1043
50,53,1113
50,54,1085
50,55,1078
50,56,1088
50,57,1125
50,58,1092
50,59,1126
50,60,1062
50,61,1128
50,62,1147
50,63,1095
51,0,989
51,1,995
51,2,991
51,3,1017
51,4,978
51,5,975
51,6,991
51,7,983
51,8,1067
51,9,1004
51,10,951
51,11,983
51,12,1028
51,13,997
51,14,999
51,15,1023
51,16,1065
51,17,953
51,18,1008
51,19,985
51,20,1015
51,21,958
51,22,1001
51,23,939
51,24,1005
51,25,1043
51,26,1067
51,27,956
51,28,1011
51,29,985
51,30,981
51,31,961
51,32,996
51,33,942
51,34,951
51,35,988
51,36,1035
51,37,1020
51,38,976
51,39,997
51,40,955
51,41,1002
51,42,1042
51,43,961
51,44,1038
51,45,1053
51,46,1040
51,47,976
51,48,1017
51,49,955
51,50,976
51,51,1027
51,52,951
51,53,982
51,54,949
51,55,1040
51,56,1030
51,57,1012
51,58,991
51,59,976
51,60,1010
51,61,1033
51,62,961
51,63,971
52,0,1485
52,1,1555
52,2,1549
52,3,1585
52,4,1414
52,5,1479
52,6,1443
52,7,1410
52,8,1409
52,9,1534
52,10,1424
52,11,1463
52,12,1543
52,13,1420
52,14,1447
52,15,1423
52,16,1526
52,17,1370
52,18,1487
52,19,1406
52,20,1457
52,21,1452
52,22,1440
52,23,1522
52,24,1418
52,25,1431
52,26,1461
52,27,1443
52,28,1400
52,29,1539
52,30,1492
52,31,1544
52,32,1371
52,33,1457
52,34,1469
52,35,1527
52,36,1467
52,37,1431
52,38,1428
52,39,1543
52,40,1577
52,41,1339
52,42,1514
52,43,1474
52,44,1486
52,45,1481
52,46,1510
52,47,1448
52,48,1394
52,49,1457
52,50,1367
52,51,1591
52,52,1413
52,53,1454
52,54,1473
52,55,1427
52,56,1584
52,57,1467
52,58,1554
52,59,1486
52,60,1437
52,61,1471
52,62,1428
52,63,1450
53,0,2452
53,1,2482
53,2,2524
53,3,2424
53,4,2438
53,5,2430
53,6,2411
53,7,2402
53,8,2351
53,9,2418
53,10,2432
53,11,2432
53,12,2394
53,13,2511
53,14,2446
53,15,2378
53,16,2430
53,17,2440
53,18,2358
53,19,2486
53,20,2453
53,21,2368
53,22,2426
53,23,2464
53,24,2441
53,25,2379
53,26,2393
53,27,2301
53,28,2351
53,29,2417
53,30,2405
53,31,2365
53,32,2365
53,33,2246
53,34,2385
53,35,2483
53,36,2516
53,37,2490
53,38,2368
53,39,2373
53,40,2421
53,41,2380
53,42,2415
53,43,2321
53,44,2418
53,45,2282
53,46,2432
53,47,2538
53,48,2356
53,49,2370
53,50,2380
53,51,2374
53,52,2422
53,53,2426
53,54,2400
53,55,2396
53,56,2411
53,57,2414
53,58,2362
53,59,2483
53,60,2385
53,61,2393
53,62,2505
53,63,2341
54,0,1108
54,1,1092
54,2,1073
54,3,1106
54,4,1087
54,5,1035
54,6,1104
54,7,1107
54,8,1125
54,9,1109
54,10,1195
54,11,1098
54,12,1138
54,13,1155
54,14,1087
54,15,1091
54,16,1254
54,17,1036
54,18,1099
54,19,1152
54,20,1162
54,21,1139
54,22,1178
54,23,1143
54,24,1059
54,25,1077
54,26,1113
54,27,1061
54,28,1107
54,29,1106
54,30,1092
54,31,1080
54,32,1080
54,33,1173
54,34,1146
54,35,1169
54,36,1118
54,37,1153
54,38,1130
54,39,1113
54,40,1111
54,41,1181
54,42,1100
54,43,1164
54,44,1146
54,45,1084
54,46,1154
54,47,1142
54,48,1096
54,49,1121
54,50,1091
54,51,1082
54,52,1087
54,53,1049
54,54,1098
54,55,1107
54,56,1064
54,57,1070
54,58,1085
54,59,1143
54,60,1106
54,61,1049
54,62,1131
54,63,1195
55,0,1203
55,1,1224
55,2,1190
55,3,1148
55,4,1191
55,5,1214
55,6,1179
55,7,1163
55,8,1156
55,9,1259
55,10,1233
55,11,1277
55,12,1157
55,13,1235
55,14,1266
55,15,1122
55,16,1284
55,17,1224
55,18,1226
55,19,1241
55,20,1191
55,21,1184
55,22,1242
55,23,1224
55,24,1125
55,25,1180
55,26,1193
55,27,1197
55,28,1230
55,29,1209
55,30,1196
55,31,1226
55,32,1084
55,33,1277
55,34,1191
55,35,1186
55,36,1222
55,37,1256
55,38,1183
55,39,1135
55,40,1235
55,41,1192
55,42,1238
55,43,1265
55,44,1188
55,45,1190
55,46,1267
55,47,1204
55,48,1165
55,49,1254
55,50,1194
55,51,1177
55,52,1236
55,53,1228
55,54,1172
55,55,1247
55,56,1180
55,57,1189
55,58,1159
55,59,1182
55,60,1150
55,61,1193
55,62,1133
55,63,1136
56,0,1061
56,1,1042
56,2,1027
56,3,1012
56,4,1045
56,5,991
56,6,1007
56,7,976
56,8,1024
56,9,1024
56,10,1063
56,11,976
56,12,1091
56,13,1056
56,14,952
56,15,1002
56,16,1049
56,17,966
56,18,978
56,19,1071
56,20,1007
56,21,986
56,22,1072
56,23,1034
56,24,958
56,25,1005
56,26,1095
56,27,1034
56,28,1036
56,29,988
56,30,1063
56,31,1008
56,32,1005
56,33,998
56,34,1029
56,35,1079
56,36,1034
56,37,1045
56,38,1044
56,39,1012
56,40,998
56,41,1058
56,42,1007
56,43,1032
56,44,1018
56,45,1075
56,46,1026
56,47,1013
56,48,994
56,49,1017
56,50,1048
56,51,954
56,52,1025
56,53,1011
56,54,1016
56,55,998
56,56,1016
56,57,1037
56,58,1053
56,59,1048
56,60,1036
56,61,1069
56,62,1128
56,63,965
57,0,858
57,1,871
57,2,820
57,3,929
57,4,884
57,5,877
57,6,896
57,7,888
57,8,897
57,9,846
57,10,846
57,11,889
57,12,931
57,13,835
57,14,843
57,15,891
57,16,865
57,17,857
57,18,841
57,19,863
57,20,851
57,21,900
57,22,888
57,23,906
57,24,924
57,25,817
57,26,809
57,27,934
57,28,876
57,29,879
57,30,855
57,31,912
57,32,840
57,33,847
57,34,830
57,35,892
57,36,851
57,37,863
57,38,897
57,39,873
57,40,858
57,41,861
57,42,819
57,43,902
57,44,816
57,45,831
57,46,856
57,47,869
57,48,858
57,49,912
57,50,835
57,51,877
57,52,918
57,53,860
57,54,864
57,55,913
57,56,852
57,57,878
57,58,935
57,59,908
57,60,831
57,61,899
57,62,899
57,63,799
58,0,1076
58,1,1079
58,2,1041
58,3,1124
58,4,1043
58,5,1039
58,6,1092
58,7,1063
58,8,1104
58,9,1035
58,10,1097
58,11,1052
58,12,1065
58,13,1044
58,14,1072
58,15,1052
58,16,1075
58,17,1066
58,18,1106
58,19,1080
58,20,1066
58,21,997
58,22,1070
58,23,1014
58,24,980
58,25,1112
58,26,1047
58,27,1122
58,28,1054
58,29,1096
58,30,1118
58,31,1071
58,32,1080
58,33,1059
58,34,1070
58,35,1044
58,36,1098
58,37,1047
58,38,1073
58,39,1150
58,40,1125
58,41,1017
58,42,1056
58,43,1051
58,44,1106
58,45,1024
58,46,1073
58,47,1064
58,48,1107
58,49,1085
58,50,1055
58,51,1122
58,52,1046
58,53,1096
58,54,1041
58,55,1060
58,56,1126
58,57,1104
58,58,1092
58,59,1067
58,60,1029
58,61,1051
58,62,1050
58,63,1118
59,0,1077
59,1,1061
59,2,1088
59,3,1070
59,4,1056
59,5,1086
59,6,1156
59,7,1127
59,8,1132
59,9,1124
59,10,1076
59,11,1033
59,12,1110
59,13,1122
59,14,1117
59,15,1140
59,16,1108
59,17,1106
59,18,1075
59,19,1103
59,20,1058
59,21,1127
59,22,1054
59,23,1087
59,24,1095
59,25,1147
59,26,1135
59,27,1040
59,28,1062
59,29,1048
59,30,1084
59,31,1190
59,32,1114
59,33,1108
59,34,1092
59,35,1097
59,36,1137
59,37,1079
59,38,1157
59,39,1074
59,40,1025
59,41,1077
59,42,1142
59,43,1038
59,44,1098
59,45,1110
59,46,1120
59,47,1093
59,48,1154
59,49,1094
59,50,1094
59,51,1095
59,52,1118
59,53,1071
59,54,1111
59,55,1137
59,56,1197
59,57,1161
59,58,1107
59,59,1132
59,60,1168
59,61,1064
59,62,1108
59,63,1072
60,0,906
60,1,879
60,2,898
60,3,925
60,4,837
60,5,895
60,6,855
60,7,872
60,8,854
60,9,877
60,10,914
60,11,898
60,12,871
60,13,949
60,14,867
60,15,863
60,16,914
60,17,879
60,18,853
60,19,932
60,20,887
60,21,830
60,22,852
60,23,836
60,24,835
60,25,872
60,26,846
60,27,831
60,28,794
60,29,880
60,30,909
60,31,871
60,32,834
60,33,869
60,34,856
60,35,882
60,36,890
60,37,865
60,38,840
60,39,906
60,40,859
60,41,923
60,42,824
60,43,835
60,44,852
60,45,872
60,46,832
60,47,885
60,48,853
60,49,853
60,50,838
60,51,876
60,52,892
60,53,885
60,54,861
60,55,856
60,56,868
60,57,813
60,58,854
60,59,920
60,60,889
60,61,858
60,62,843
60,63,855
61,0,1352
61,1,1381
61,2,1381
61,3,1361
61,4,1453
61,5,1333
61,6,1415
61,7,1407
61,8,1393
61,9,1349
61,10,1375
61,11,1301
61,12,1336
61,13,1385
61,14,1365
61,15,1453
61,16,1424
61,17,1452
61,18,1391
61,19,1429
61,20,1427
61,21,1343
61,22,1410
61,23,1448
61,24,1441
61,25,1437
61,26,1421
61,27,1357
61,28,1396
61,29,1422
61,30,1348
61,31,1412
61,32,1434
61,33,1438
61,34,1374
61,35,1438
61,36,1387
61,37,1310
61,38,1386
61,39,1447
61,40,1387
61,41,1376
61,42,1489
61,43,1325
61,44,1430
61,45,1364
61,46,1404
61,47,1406
61,48,1410
61,49,1412
61,50,1349
61,51,1409
61,52,1474
61,53,1424
61,54,1347
61,55,1336
61,56,1392
61,57,1349
61,58,1371
61,59,1448
61,60,1400
61,61,1429
61,62,1370
61,63,1436
62,0,1262
62,1,1305
62,2,1260
62,3,1327
62,4,1298
62,5,1295
62,6,1311
62,7,1280
62,8,1277
62,9,1279
62,10,1229
62,11,1238
62,12,1261
62,13,1303
62,14,1379
62,15,1281
62,16,1259
62,17,1336
62,18,1331
62,19,1243
62,20,1301
62,21,1359
62,22,1285
62,23,1365
62,24,1297
62,25,1320
62,26,1300
62,27,1306
62,28,1230
62,29,1302
62,30,1322
62,31,1330
62,32,1325
62,33,1262
62,34,1293
62,35,1317
62,36,1224
62,37,1268
62,38,1275
62,39,1355
62,40,1357
62,41,1308
62,42,1310
62,43,1278
62,44,1258
62,45,1268
62,46,1295
62,47,1273
62,48,1352
62,49,1343
62,50,1292
62,51,1353
62,52,1278
62,53,1434
62,54,1266
62,55,1258
62,56,1304
62,57,1296
62,58,1335
62,59,1329
62,60,1342
62,61,1313
62,62,1285
62,63,1294
63,0,968
63,1,946
63,2,967
63,3,979
63,4,992
63,5,988
63,6,955
63,7,934
63,8,970
63,9,1019
63,10,910
63,11,1006
63,12,977
63,13,1006
63,14,929
63,15,992
63,16,953
63,17,985
63,18,964
63,19,945
63,20,995
63,21,902
63,22,976
63,23,963
63,24,917
63,25,936
63,26,939
63,27,1010
63,28,960
63,29,971
63,30,879
63,31,886
63,32,940
63,33,971
63,34,981
63,35,938
63,36,1018
63,37,959
63,38,945
63,39,966
63,40,981
63,41,899
63,42,948
63,43,922
63,44,952
63,45,1004
63,46,971
63,47,876
63,48,943
63,49,976
63,50,961
63,51,924
63,52,959
63,53,1026
63,54,982
63,55,979
63,56,976
63,57,946
63,58,1007
63,59,931
63,60,981
63,61,904
63,62,985
63,63,953
