0,0,510
0,1,569
0,2,604
0,3,556
0,4,579
0,5,588
0,6,590
0,7,529
0,8,531
0,9,580
0,10,553
0,11,627
0,12,590
0,13,593
0,14,640
0,15,555
0,16,640
0,17,538
0,18,531
0,19,618
0,20,582
0,21,612
0,22,563
0,23,591
0,24,519
0,25,607
0,26,556
0,27,497
0,28,539
0,29,535
0,30,648
0,31,576
0,32,558
0,33,549
0,34,563
0,35,520
0,36,667
0,37,639
0,38,613
0,39,539
0,40,546
0,41,587
0,42,579
0,43,574
0,44,585
0,45,584
0,46,591
0,47,541
0,48,530
0,49,566
0,50,601
0,51,512
0,52,538
0,53,539
0,54,564
0,55,597
0,56,599
0,57,572
0,58,682
0,59,623
0,60,644
0,61,610
0,62,603
0,63,568
1,0,569
1,1,570
1,2,600
1,3,609
1,4,559
1,5,629
1,6,671
1,7,562
1,8,578
1,9,666
1,10,592
1,11,644
1,12,542
1,13,614
1,14,677
1,15,627
1,16,676
1,17,593
1,18,599
1,19,651
1,20,680
1,21,687
1,22,615
1,23,635
1,24,635
1,25,582
1,26,613
1,27,511
1,28,630
1,29,589
1,30,685
1,31,599
1,32,612
1,33,620
1,34,583
1,35,586
1,36,653
1,37,607
1,38,642
1,39,632
1,40,650
1,41,558
1,42,614
1,43,596
1,44,567
1,45,595
1,46,674
1,47,594
1,48,551
1,49,636
1,50,595
1,51,559
1,52,588
1,53,586
1,54,637
1,55,587
1,56,622
1,57,650
1,58,768
1,59,693
1,60,635
1,61,579
1,62,685
1,63,642
2,0,604
2,1,600
2,2,670
2,3,520
2,4,539
2,5,649
2,6,634
2,7,552
2,8,596
2,9,598
2,10,635
2,11,656
2,12,561
2,13,630
2,14,687
2,15,581
2,16,668
2,17,558
2,18,515
2,19,656
2,20,607
2,21,682
2,22,640
2,23,595
2,24,584
2,25,558
2,26,594
2,27,518
2,28,605
2,29,529
2,30,654
2,31,586
2,32,555
2,33,581
2,34,622
2,35,543
2,36,733
2,37,625
2,38,641
2,39,594
2,40,638
2,41,574
2,42,586
2,43,588
2,44,584
2,45,628
2,46,574
2,47,573
2,48,618
2,49,663
2,50,580
2,51,506
2,52,603
2,53,573
2,54,515
2,55,635
2,56,606
2,57,558
2,58,788
2,59,667
2,60,660
2,61,664
2,62,644
2,63,597
3,0,556
3,1,609
3,2,520
3,3,538
3,4,610
3,5,582
3,6,604
3,7,578
3,8,523
3,9,588
3,10,602
3,11,634
3,12,538
3,13,603
3,14,652
3,15,546
3,16,574
3,17,533
3,18,572
3,19,621
3,20,582
3,21,644
3,22,616
3,23,612
3,24,595
3,25,539
3,26,584
3,27,509
3,28,639
3,29,559
3,30,686
3,31,574
3,32,529
3,33,576
3,34,529
3,35,540
3,36,690
3,37,601
3,38,562
3,39,588
3,40,538
3,41,525
3,42,611
3,43,596
3,44,539
3,45,546
3,46,591
3,47,530
3,48,552
3,49,608
3,50,564
3,51,519
3,52,574
3,53,554
3,54,542
3,55,625
3,56,608
3,57,571
3,58,647
3,59,648
3,60,549
3,61,528
3,62,650
3,63,559
4,0,579
4,1,559
4,2,539
4,3,610
4,4,572
4,5,521
4,6,607
4,7,531
4,8,504
4,9,592
4,10,624
4,11,583
4,12,579
4,13,626
4,14,592
4,15,611
4,16,635
4,17,546
4,18,565
4,19,588
4,20,604
4,21,641
4,22,626
4,23,596
4,24,513
4,25,544
4,26,594
4,27,527
4,28,601
4,29,557
4,30,633
4,31,568
4,32,555
4,33,590
4,34,564
4,35,585
4,36,718
4,37,559
4,38,568
4,39,574
4,40,566
4,41,527
4,42,569
4,43,549
4,44,593
4,45,556
4,46,613
4,47,590
4,48,530
4,49,618
4,50,563
4,51,556
4,52,577
4,53,597
4,54,559
4,55,605
4,56,597
4,57,582
4,58,685
4,59,676
4,60,597
4,61,565
4,62,622
4,63,567
5,0,588
5,1,629
5,2,649
5,3,582
5,4,521
5,5,610
5,6,623
5,7,555
5,8,551
5,9,572
5,10,622
5,11,691
5,12,660
5,13,616
5,14,696
5,15,571
5,16,602
5,17,578
5,18,576
5,19,622
5,20,598
5,21,687
5,22,650
5,23,605
5,24,566
5,25,582
5,26,608
5,27,515
5,28,609
5,29,557
5,30,651
5,31,634
5,32,583
5,33,579
5,34,643
5,35,562
5,36,688
5,37,594
5,38,634
5,39,611
5,40,628
5,41,544
5,42,645
5,43,580
5,44,566
5,45,662
5,46,689
5,47,601
5,48,599
5,49,610
5,50,572
5,51,589
5,52,599
5,53,583
5,54,613
5,55,611
5,56,642
5,57,603
5,58,700
5,59,676
5,60,633
5,61,557
5,62,653
5,63,614
6,0,590
6,1,671
6,2,634
6,3,604
6,4,607
6,5,623
6,6,680
6,7,567
6,8,609
6,9,617
6,10,620
6,11,632
6,12,633
6,13,645
6,14,726
6,15,617
6,16,670
6,17,646
6,18,594
6,19,662
6,20,683
6,21,668
6,22,679
6,23,566
6,24,635
6,25,654
6,26,579
6,27,583
6,28,671
6,29,627
6,30,684
6,31,627
6,32,644
6,33,626
6,34,635
6,35,639
6,36,713
6,37,657
6,38,659
6,39,635
6,40,648
6,41,583
6,42,614
6,43,594
6,44,630
6,45,606
6,46,638
6,47,608
6,48,619
6,49,678
6,50,633
6,51,611
6,52,624
6,53,607
6,54,635
6,55,641
6,56,698
6,57,596
6,58,754
6,59,690
6,60,654
6,61,597
6,62,628
6,63,597
7,0,529
7,1,562
7,2,552
7,3,578
7,4,531
7,5,555
7,6,567
7,7,540
7,8,483
7,9,523
7,10,519
7,11,565
7,12,575
7,13,554
7,14,581
7,15,543
7,16,629
7,17,522
7,18,537
7,19,548
7,20,580
7,21,673
7,22,549
7,23,557
7,24,534
7,25,565
7,26,530
7,27,467
7,28,547
7,29,554
7,30,618
7,31,559
7,32,540
7,33,541
7,34,523
7,35,518
7,36,600
7,37,599
7,38,591
7,39,538
7,40,554
7,41,473
7,42,535
7,43,512
7,44,572
7,45,538
7,46,569
7,47,495
7,48,533
7,49,614
7,50,560
7,51,511
7,52,548
7,53,540
7,54,516
7,55,539
7,56,516
7,57,515
7,58,693
7,59,617
7,60,535
7,61,540
7,62,592
7,63,475
8,0,531
8,1,578
8,2,596
8,3,523
8,4,504
8,5,551
8,6,609
8,7,483
8,8,514
8,9,574
8,10,594
8,11,587
8,12,580
8,13,561
8,14,674
8,15,552
8,16,655
8,17,536
8,18,546
8,19,635
8,20,546
8,21,590
8,22,557
8,23,584
8,24,588
8,25,584
8,26,540
8,27,460
8,28,581
8,29,520
8,30,700
8,31,518
8,32,511
8,33,539
8,34,590
8,35,495
8,36,649
8,37,608
8,38,595
8,39,506
8,40,576
8,41,541
8,42,590
8,43,566
8,44,557
8,45,558
8,46,631
8,47,540
8,48,543
8,49,588
8,50,577
8,51,526
8,52,555
8,53,573
8,54,546
8,55,607
8,56,632
8,57,575
8,58,657
8,59,686
8,60,566
8,61,565
8,62,586
8,63,591
9,0,580
9,1,666
9,2,598
9,3,588
9,4,592
9,5,572
9,6,617
9,7,523
9,8,574
9,9,614
9,10,603
9,11,645
9,12,560
9,13,620
9,14,683
9,15,584
9,16,665
9,17,553
9,18,535
9,19,614
9,20,600
9,21,677
9,22,645
9,23,626
9,24,567
9,25,619
9,26,584
9,27,543
9,28,578
9,29,553
9,30,687
9,31,667
9,32,588
9,33,625
9,34,559
9,35,567
9,36,678
9,37,620
9,38,615
9,39,605
9,40,580
9,41,516
9,42,605
9,43,572
9,44,585
9,45,583
9,46,642
9,47,571
9,48,565
9,49,638
9,50,606
9,51,550
9,52,624
9,53,556
9,54,542
9,55,625
9,56,659
9,57,602
9,58,719
9,59,682
9,60,618
9,61,606
9,62,608
9,63,591
10,0,553
10,1,592
10,2,635
10,3,602
10,4,624
10,5,622
10,6,620
10,7,519
10,8,594
10,9,603
10,10,608
10,11,679
10,12,618
10,13,671
10,14,710
10,15,600
10,16,682
10,17,601
10,18,575
10,19,605
10,20,629
10,21,645
10,22,629
10,23,638
10,24,598
10,25,604
10,26,625
10,27,515
10,28,630
10,29,570
10,30,737
10,31,597
10,32,568
10,33,577
10,34,614
10,35,593
10,36,711
10,37,671
10,38,595
10,39,567
10,40,630
10,41,557
10,42,580
10,43,547
10,44,556
10,45,608
10,46,612
10,47,603
10,48,593
10,49,653
10,50,588
10,51,553
10,52,583
10,53,603
10,54,573
10,55,640
10,56,601
10,57,547
10,58,729
10,59,663
10,60,674
10,61,600
10,62,667
10,63,593
11,0,627
11,1,644
11,2,656
11,3,634
11,4,583
11,5,691
11,6,632
11,7,565
11,8,587
11,9,645
11,10,679
11,11,736
11,12,612
11,13,705
11,14,747
11,15,602
11,16,690
11,17,630
11,18,592
11,19,657
11,20,676
11,21,749
11,22,680
11,23,631
11,24,601
11,25,624
11,26,638
11,27,555
11,28,682
11,29,627
11,30,767
11,31,627
11,32,635
11,33,645
11,34,627
11,35,585
11,36,688
11,37,676
11,38,706
11,39,658
11,40,657
11,41,613
11,42,625
11,43,596
11,44,607
11,45,676
11,46,680
11,47,621
11,48,609
11,49,636
11,50,645
11,51,638
11,52,668
11,53,607
11,54,630
11,55,688
11,56,670
11,57,634
11,58,770
11,59,700
11,60,621
11,61,638
11,62,678
11,63,622
12,0,590
12,1,542
12,2,561
12,3,538
12,4,579
12,5,660
12,6,633
12,7,575
12,8,580
12,9,560
12,10,618
12,11,612
12,12,626
12,13,641
12,14,707
12,15,610
12,16,631
12,17,602
12,18,594
12,19,634
12,20,659
12,21,696
12,22,611
12,23,609
12,24,603
12,25,613
12,26,629
12,27,532
12,28,596
12,29,585
12,30,683
12,31,598
12,32,562
12,33,625
12,34,632
12,35,590
12,36,739
12,37,625
12,38,578
12,39,644
12,40,610
12,41,531
12,42,603
12,43,579
12,44,584
12,45,556
12,46,632
12,47,611
12,48,570
12,49,633
12,50,629
12,51,562
12,52,649
12,53,580
12,54,571
12,55,595
12,56,599
12,57,560
12,58,735
12,59,708
12,60,657
12,61,596
12,62,647
12,63,604
13,0,593
13,1,614
13,2,630
13,3,603
13,4,626
13,5,616
13,6,645
13,7,554
13,8,561
13,9,620
13,10,671
13,11,705
13,12,641
13,13,658
13,14,726
13,15,610
13,16,664
13,17,606
13,18,591
13,19,648
13,20,628
13,21,730
13,22,713
13,23,621
13,24,589
13,25,638
13,26,587
13,27,549
13,28,661
13,29,600
13,30,691
13,31,633
13,32,610
13,33,625
13,34,615
13,35,638
13,36,749
13,37,661
13,38,660
13,39,607
13,40,612
13,41,545
13,42,587
13,43,641
13,44,607
13,45,612
13,46,632
13,47,631
13,48,583
13,49,627
13,50,626
13,51,579
13,52,592
13,53,636
13,54,539
13,55,621
13,56,624
13,57,600
13,58,795
13,59,708
13,60,682
13,61,628
13,62,667
13,63,626
14,0,640
14,1,677
14,2,687
14,3,652
14,4,592
14,5,696
14,6,726
14,7,581
14,8,674
14,9,683
14,10,710
14,11,747
14,12,707
14,13,726
14,14,804
14,15,675
14,16,719
14,17,673
14,18,651
14,19,684
14,20,696
14,21,758
14,22,728
14,23,685
14,24,605
14,25,642
14,26,627
14,27,654
14,28,735
14,29,619
14,30,726
14,31,660
14,32,626
14,33,674
14,34,653
14,35,620
14,36,790
14,37,678
14,38,698
14,39,680
14,40,658
14,41,619
14,42,650
14,43,628
14,44,643
14,45,613
14,46,686
14,47,633
14,48,594
14,49,702
14,50,661
14,51,659
14,52,673
14,53,625
14,54,646
14,55,695
14,56,700
14,57,639
14,58,791
14,59,753
14,60,706
14,61,669
14,62,701
14,63,700
15,0,555
15,1,627
15,2,581
15,3,546
15,4,611
15,5,571
15,6,617
15,7,543
15,8,552
15,9,584
15,10,600
15,11,602
15,12,610
15,13,610
15,14,675
15,15,578
15,16,683
15,17,581
15,18,588
15,19,638
15,20,614
15,21,617
15,22,645
15,23,609
15,24,567
15,25,588
15,26,608
15,27,537
15,28,585
15,29,592
15,30,699
15,31,585
15,32,562
15,33,614
15,34,633
15,35,575
15,36,753
15,37,615
15,38,585
15,39,602
15,40,598
15,41,588
15,42,564
15,43,616
15,44,531
15,45,572
15,46,639
15,47,563
15,48,570
15,49,590
15,50,571
15,51,582
15,52,559
15,53,574
15,54,524
15,55,602
15,56,627
15,57,572
15,58,693
15,59,646
15,60,594
15,61,591
15,62,581
15,63,576
16,0,640
16,1,676
16,2,668
16,3,574
16,4,635
16,5,602
16,6,670
16,7,629
16,8,655
16,9,665
16,10,682
16,11,690
16,12,631
16,13,664
16,14,719
16,15,683
16,16,758
16,17,609
16,18,643
16,19,707
16,20,661
16,21,702
16,22,673
16,23,694
16,24,642
16,25,656
16,26,615
16,27,522
16,28,651
16,29,588
16,30,730
16,31,651
16,32,659
16,33,630
16,34,623
16,35,647
16,36,821
16,37,684
16,38,646
16,39,634
16,40,637
16,41,589
16,42,657
16,43,615
16,44,624
16,45,657
16,46,683
16,47,643
16,48,636
16,49,685
16,50,617
16,51,617
16,52,635
16,53,615
16,54,620
16,55,640
16,56,673
16,57,635
16,58,793
16,59,676
16,60,702
16,61,679
16,62,694
16,63,602
17,0,538
17,1,593
17,2,558
17,3,533
17,4,546
17,5,578
17,6,646
17,7,522
17,8,536
17,9,553
17,10,601
17,11,630
17,12,602
17,13,606
17,14,673
17,15,581
17,16,609
17,17,532
17,18,548
17,19,594
17,20,592
17,21,670
17,22,593
17,23,554
17,24,533
17,25,577
17,26,568
17,27,519
17,28,574
17,29,554
17,30,663
17,31,622
17,32,544
17,33,576
17,34,578
17,35,595
17,36,650
17,37,617
17,38,582
17,39,587
17,40,585
17,41,519
17,42,584
17,43,571
17,44,544
17,45,550
17,46,617
17,47,601
17,48,554
17,49,586
17,50,561
17,51,561
17,52,568
17,53,566
17,54,579
17,55,617
17,56,590
17,57,542
17,58,737
17,59,685
17,60,634
17,61,589
17,62,595
17,63,581
18,0,531
18,1,599
18,2,515
18,3,572
18,4,565
18,5,576
18,6,594
18,7,537
18,8,546
18,9,535
18,10,575
18,11,592
18,12,594
18,13,591
18,14,651
18,15,588
18,16,643
18,17,548
18,18,546
18,19,598
18,20,611
18,21,613
18,22,607
18,23,579
18,24,580
18,25,577
18,26,586
18,27,500
18,28,594
18,29,542
18,30,663
18,31,587
18,32,518
18,33,554
18,34,554
18,35,567
18,36,685
18,37,612
18,38,560
18,39,564
18,40,619
18,41,494
18,42,594
18,43,541
18,44,573
18,45,612
18,46,617
18,47,557
18,48,534
18,49,577
18,50,553
18,51,582
18,52,542
18,53,574
18,54,515
18,55,532
18,56,574
18,57,563
18,58,727
18,59,636
18,60,588
18,61,558
18,62,602
18,63,605
19,0,618
19,1,651
19,2,656
19,3,621
19,4,588
19,5,622
19,6,662
19,7,548
19,8,635
19,9,614
19,10,605
19,11,657
19,12,634
19,13,648
19,14,684
19,15,638
19,16,707
19,17,594
19,18,598
19,19,666
19,20,627
19,21,690
19,22,626
19,23,645
19,24,641
19,25,609
19,26,577
19,27,560
19,28,656
19,29,628
19,30,698
19,31,628
19,32,636
19,33,632
19,34,587
19,35,635
19,36,650
19,37,630
19,38,602
19,39,631
19,40,585
19,41,593
19,42,614
19,43,589
19,44,599
19,45,595
19,46,635
19,47,577
19,48,608
19,49,675
19,50,630
19,51,584
19,52,607
19,53,598
19,54,605
19,55,666
19,56,635
19,57,607
19,58,740
19,59,713
19,60,642
19,61,589
19,62,629
19,63,603
20,0,582
20,1,680
20,2,607
20,3,582
20,4,604
20,5,598
20,6,683
20,7,580
20,8,546
20,9,600
20,10,629
20,11,676
20,12,659
20,13,628
20,14,696
20,15,614
20,16,661
20,17,592
20,18,611
20,19,627
20,20,654
20,21,717
20,22,665
20,23,654
20,24,677
20,25,637
20,26,617
20,27,552
20,28,632
20,29,603
20,30,729
20,31,663
20,32,616
20,33,655
20,34,618
20,35,583
20,36,662
20,37,664
20,38,628
20,39,604
20,40,625
20,41,605
20,42,608
20,43,587
20,44,611
20,45,576
20,46,652
20,47,595
20,48,592
20,49,657
20,50,595
20,51,570
20,52,592
20,53,588
20,54,611
20,55,582
20,56,635
20,57,611
20,58,738
20,59,728
20,60,620
20,61,597
20,62,661
20,63,617
21,0,612
21,1,687
21,2,682
21,3,644
21,4,641
21,5,687
21,6,668
21,7,673
21,8,590
21,9,677
21,10,645
21,11,749
21,12,696
21,13,730
21,14,758
21,15,617
21,16,702
21,17,670
21,18,613
21,19,690
21,20,717
21,21,720
21,22,704
21,23,644
21,24,687
21,25,639
21,26,672
21,27,571
21,28,685
21,29,614
21,30,746
21,31,653
21,32,626
21,33,685
21,34,650
21,35,646
21,36,760
21,37,729
21,38,694
21,39,656
21,40,643
21,41,593
21,42,640
21,43,654
21,44,631
21,45,655
21,46,661
21,47,616
21,48,632
21,49,671
21,50,671
21,51,618
21,52,632
21,53,616
21,54,670
21,55,651
21,56,649
21,57,634
21,58,773
21,59,752
21,60,724
21,61,689
21,62,710
21,63,612
22,0,563
22,1,615
22,2,640
22,3,616
22,4,626
22,5,650
22,6,679
22,7,549
22,8,557
22,9,645
22,10,629
22,11,680
22,12,611
22,13,713
22,14,728
22,15,645
22,16,673
22,17,593
22,18,607
22,19,626
22,20,665
22,21,704
22,22,676
22,23,646
22,24,581
22,25,644
22,26,608
22,27,599
22,28,654
22,29,603
22,30,737
22,31,611
22,32,616
22,33,642
22,34,598
22,35,577
22,36,736
22,37,606
22,38,664
22,39,680
22,40,667
22,41,580
22,42,617
22,43,594
22,44,619
22,45,638
22,46,654
22,47,622
22,48,555
22,49,716
22,50,602
22,51,588
22,52,606
22,53,563
22,54,590
22,55,596
22,56,658
22,57,589
22,58,703
22,59,670
22,60,647
22,61,580
22,62,655
22,63,601
23,0,591
23,1,635
23,2,595
23,3,612
23,4,596
23,5,605
23,6,566
23,7,557
23,8,584
23,9,626
23,10,638
23,11,631
23,12,609
23,13,621
23,14,685
23,15,609
23,16,694
23,17,554
23,18,579
23,19,645
23,20,654
23,21,644
23,22,646
23,23,648
23,24,608
23,25,562
23,26,575
23,27,524
23,28,635
23,29,548
23,30,721
23,31,635
23,32,606
23,33,624
23,34,586
23,35,581
23,36,705
23,37,633
23,38,607
23,39,582
23,40,570
23,41,567
23,42,611
23,43,574
23,44,578
23,45,589
23,46,657
23,47,640
23,48,583
23,49,605
23,50,566
23,51,564
23,52,636
23,53,560
23,54,588
23,55,651
23,56,640
23,57,618
23,58,740
23,59,720
23,60,586
23,61,592
23,62,683
23,63,590
24,0,519
24,1,635
24,2,584
24,3,595
24,4,513
24,5,566
24,6,635
24,7,534
24,8,588
24,9,567
24,10,598
24,11,601
24,12,603
24,13,589
24,14,605
24,15,567
24,16,642
24,17,533
24,18,580
24,19,641
24,20,677
24,21,687
24,22,581
24,23,608
24,24,508
24,25,564
24,26,603
24,27,490
24,28,589
24,29,551
24,30,609
24,31,617
24,32,538
24,33,583
24,34,569
24,35,573
24,36,709
24,37,606
24,38,594
24,39,571
24,40,584
24,41,547
24,42,565
24,43,579
24,44,599
24,45,566
24,46,615
24,47,558
24,48,546
24,49,603
24,50,559
24,51,543
24,52,583
24,53,537
24,54,555
24,55,547
24,56,620
24,57,573
24,58,642
24,59,647
24,60,602
24,61,543
24,62,608
24,63,531
25,0,607
25,1,582
25,2,558
25,3,539
25,4,544
25,5,582
25,6,654
25,7,565
25,8,584
25,9,619
25,10,604
25,11,624
25,12,613
25,13,638
25,14,642
25,15,588
25,16,656
25,17,577
25,18,577
25,19,609
25,20,637
25,21,639
25,22,644
25,23,562
25,24,564
25,25,570
25,26,589
25,27,518
25,28,602
25,29,534
25,30,709
25,31,606
25,32,601
25,33,581
25,34,576
25,35,613
25,36,671
25,37,587
25,38,628
25,39,573
25,40,610
25,41,530
25,42,564
25,43,565
25,44,565
25,45,625
25,46,627
25,47,540
25,48,566
25,49,603
25,50,581
25,51,569
25,52,607
25,53,583
25,54,592
25,55,643
25,56,654
25,57,591
25,58,722
25,59,628
25,60,617
25,61,530
25,62,613
25,63,621
26,0,556
26,1,613
26,2,594
26,3,584
26,4,594
26,5,608
26,6,579
26,7,530
26,8,540
26,9,584
26,10,625
26,11,638
26,12,629
26,13,587
26,14,627
26,15,608
26,16,615
26,17,568
26,18,586
26,19,577
26,20,617
26,21,672
26,22,608
26,23,575
26,24,603
26,25,589
26,26,516
26,27,524
26,28,624
26,29,553
26,30,647
26,31,577
26,32,579
26,33,541
26,34,612
26,35,556
26,36,717
26,37,588
26,38,591
26,39,601
26,40,596
26,41,523
26,42,596
26,43,570
26,44,590
26,45,624
26,46,660
26,47,584
26,48,548
26,49,627
26,50,598
26,51,546
26,52,574
26,53,559
26,54,582
26,55,616
26,56,611
26,57,582
26,58,695
26,59,662
26,60,609
26,61,602
26,62,607
26,63,622
27,0,497
27,1,511
27,2,518
27,3,509
27,4,527
27,5,515
27,6,583
27,7,467
27,8,460
27,9,543
27,10,515
27,11,555
27,12,532
27,13,549
27,14,654
27,15,537
27,16,522
27,17,519
27,18,500
27,19,560
27,20,552
27,21,571
27,22,599
27,23,524
27,24,490
27,25,518
27,26,524
27,27,466
27,28,534
27,29,471
27,30,645
27,31,508
27,32,493
27,33,530
27,34,529
27,35,534
27,36,651
27,37,526
27,38,555
27,39,566
27,40,554
27,41,463
27,42,528
27,43,492
27,44,478
27,45,528
27,46,529
27,47,503
27,48,524
27,49,577
27,50,520
27,51,490
27,52,516
27,53,534
27,54,512
27,55,516
27,56,570
27,57,534
27,58,618
27,59,548
27,60,521
27,61,503
27,62,498
27,63,517
28,0,539
28,1,630
28,2,605
28,3,639
28,4,601
28,5,609
28,6,671
28,7,547
28,8,581
28,9,578
28,10,630
28,11,682
28,12,596
28,13,661
28,14,735
28,15,585
28,16,651
28,17,574
28,18,594
28,19,656
28,20,632
28,21,685
28,22,654
28,23,635
28,24,589
28,25,602
28,26,624
28,27,534
28,28,656
28,29,567
28,30,657
28,31,598
28,32,619
28,33,635
28,34,591
28,35,576
28,36,710
28,37,629
28,38,621
28,39,614
28,40,570
28,41,586
28,42,627
28,43,570
28,44,599
28,45,581
28,46,627
28,47,638
28,48,631
28,49,605
28,50,595
28,51,582
28,52,565
28,53,601
28,54,605
28,55,637
28,56,629
28,57,630
28,58,680
28,59,711
28,60,652
28,61,614
28,62,626
28,63,595
29,0,535
29,1,589
29,2,529
29,3,559
29,4,557
29,5,557
29,6,627
29,7,554
29,8,520
29,9,553
29,10,570
29,11,627
29,12,585
29,13,600
29,14,619
29,15,592
29,16,588
29,17,554
29,18,542
29,19,628
29,20,603
29,21,614
29,22,603
29,23,548
29,24,551
29,25,534
29,26,553
29,27,471
29,28,567
29,29,552
29,30,648
29,31,569
29,32,478
29,33,552
29,34,552
29,35,533
29,36,688
29,37,600
29,38,610
29,39,560
29,40,571
29,41,510
29,42,559
29,43,566
29,44,585
29,45,569
29,46,627
29,47,576
29,48,528
29,49,575
29,50,593
29,51,499
29,52,600
29,53,535
29,54,557
29,55,589
29,56,578
29,57,563
29,58,661
29,59,641
29,60,627
29,61,593
29,62,626
29,63,548
30,0,648
30,1,685
30,2,654
30,3,686
30,4,633
30,5,651
30,6,684
30,7,618
30,8,700
30,9,687
30,10,737
30,11,767
30,12,683
30,13,691
30,14,726
30,15,699
30,16,730
30,17,663
30,18,663
30,19,698
30,20,729
30,21,746
30,22,737
30,23,721
30,24,609
30,25,709
30,26,647
30,27,645
30,28,657
30,29,648
30,30,772
30,31,696
30,32,649
30,33,706
30,34,695
30,35,656
30,36,753
30,37,689
30,38,713
30,39,722
30,40,700
30,41,657
30,42,644
30,43,664
30,44,702
30,45,704
30,46,719
30,47,721
30,48,667
30,49,678
30,50,671
30,51,673
30,52,689
30,53,649
30,54,619
30,55,690
30,56,708
30,57,680
30,58,785
30,59,718
30,60,704
30,61,681
30,62,663
30,63,654
31,0,576
31,1,599
31,2,586
31,3,574
31,4,568
31,5,634
31,6,627
31,7,559
31,8,518
31,9,667
31,10,597
31,11,627
31,12,598
31,13,633
31,14,660
31,15,585
31,16,651
31,17,622
31,18,587
31,19,628
31,20,663
31,21,653
31,22,611
31,23,635
31,24,617
31,25,606
31,26,577
31,27,508
31,28,598
31,29,569
31,30,696
31,31,636
31,32,592
31,33,632
31,34,570
31,35,586
31,36,661
31,37,663
31,38,628
31,39,609
31,40,644
31,41,555
31,42,603
31,43,535
31,44,591
31,45,545
31,46,630
31,47,590
31,48,593
31,49,644
31,50,604
31,51,512
31,52,604
31,53,545
31,54,603
31,55,590
31,56,621
31,57,559
31,58,758
31,59,669
31,60,650
31,61,622
31,62,619
31,63,608
32,0,558
32,1,612
32,2,555
32,3,529
32,4,555
32,5,583
32,6,644
32,7,540
32,8,511
32,9,588
32,10,568
32,11,635
32,12,562
32,13,610
32,14,626
32,15,562
32,16,659
32,17,544
32,18,518
32,19,636
32,20,616
32,21,626
32,22,616
32,23,606
32,24,538
32,25,601
32,26,579
32,27,493
32,28,619
32,29,478
32,30,649
32,31,592
32,32,560
32,33,574
32,34,590
32,35,543
32,36,718
32,37,613
32,38,572
32,39,583
32,40,607
32,41,511
32,42,558
32,43,588
32,44,599
32,45,532
32,46,625
32,47,595
32,48,527
32,49,643
32,50,591
32,51,546
32,52,596
32,53,532
32,54,542
32,55,569
32,56,603
32,57,549
32,58,682
32,59,663
32,60,562
32,61,585
32,62,648
32,63,551
33,0,549
33,1,620
33,2,581
33,3,576
33,4,590
33,5,579
33,6,626
33,7,541
33,8,539
33,9,625
33,10,577
33,11,645
33,12,625
33,13,625
33,14,674
33,15,614
33,16,630
33,17,576
33,18,554
33,19,632
33,20,655
33,21,685
33,22,642
33,23,624
33,24,583
33,25,581
33,26,541
33,27,530
33,28,635
33,29,552
33,30,706
33,31,632
33,32,574
33,33,540
33,34,631
33,35,558
33,36,713
33,37,654
33,38,592
33,39,585
33,40,552
33,41,550
33,42,564
33,43,583
33,44,594
33,45,604
33,46,654
33,47,524
33,48,600
33,49,629
33,50,572
33,51,532
33,52,556
33,53,574
33,54,574
33,55,577
33,56,688
33,57,586
33,58,701
33,59,690
33,60,653
33,61,628
33,62,618
33,63,582
34,0,563
34,1,583
34,2,622
34,3,529
34,4,564
34,5,643
34,6,635
34,7,523
34,8,590
34,9,559
34,10,614
34,11,627
34,12,632
34,13,615
34,14,653
34,15,633
34,16,623
34,17,578
34,18,554
34,19,587
34,20,618
34,21,650
34,22,598
34,23,586
34,24,569
34,25,576
34,26,612
34,27,529
34,28,591
34,29,552
34,30,695
34,31,570
34,32,590
34,33,631
34,34,616
34,35,621
34,36,705
34,37,584
34,38,657
34,39,562
34,40,643
34,41,589
34,42,579
34,43,574
34,44,553
34,45,644
34,46,664
34,47,583
34,48,595
34,49,633
34,50,579
34,51,594
34,52,575
34,53,603
34,54,608
34,55,583
34,56,631
34,57,578
34,58,742
34,59,630
34,60,623
34,61,635
34,62,637
34,63,599
35,0,520
35,1,586
35,2,543
35,3,540
35,4,585
35,5,562
35,6,639
35,7,518
35,8,495
35,9,567
35,10,593
35,11,585
35,12,590
35,13,638
35,14,620
35,15,575
35,16,647
35,17,595
35,18,567
35,19,635
35,20,583
35,21,646
35,22,577
35,23,581
35,24,573
35,25,613
35,26,556
35,27,534
35,28,576
35,29,533
35,30,656
35,31,586
35,32,543
35,33,558
35,34,621
35,35,530
35,36,687
35,37,582
35,38,593
35,39,608
35,40,612
35,41,514
35,42,583
35,43,576
35,44,594
35,45,559
35,46,633
35,47,542
35,48,540
35,49,619
35,50,574
35,51,557
35,52,564
35,53,548
35,54,620
35,55,547
35,56,654
35,57,588
35,58,692
35,59,632
35,60,639
35,61,555
35,62,608
35,63,522
36,0,667
36,1,653
36,2,733
36,3,690
36,4,718
36,5,688
36,6,713
36,7,600
36,8,649
36,9,678
36,10,711
36,11,688
36,12,739
36,13,749
36,14,790
36,15,753
36,16,821
36,17,650
36,18,685
36,19,650
36,20,662
36,21,760
36,22,736
36,23,705
36,24,709
36,25,671
36,26,717
36,27,651
36,28,710
36,29,688
36,30,753
36,31,661
36,32,718
36,33,713
36,34,705
36,35,687
36,36,798
36,37,720
36,38,682
36,39,790
36,40,757
36,41,643
36,42,666
36,43,708
36,44,744
36,45,674
36,46,722
36,47,657
36,48,635
36,49,733
36,50,676
36,51,660
36,52,666
36,53,722
36,54,635
36,55,712
36,56,718
36,57,692
36,58,777
36,59,762
36,60,715
36,61,696
36,62,735
36,63,671
37,0,639
37,1,607
37,2,625
37,3,601
37,4,559
37,5,594
37,6,657
37,7,599
37,8,608
37,9,620
37,10,671
37,11,676
37,12,625
37,13,661
37,14,678
37,15,615
37,16,684
37,17,617
37,18,612
37,19,630
37,20,664
37,21,729
37,22,606
37,23,633
37,24,606
37,25,587
37,26,588
37,27,526
37,28,629
37,29,600
37,30,689
37,31,663
37,32,613
37,33,654
37,34,584
37,35,582
37,36,720
37,37,700
37,38,688
37,39,642
37,40,600
37,41,551
37,42,607
37,43,590
37,44,544
37,45,639
37,46,688
37,47,654
37,48,636
37,49,697
37,50,612
37,51,598
37,52,631
37,53,645
37,54,550
37,55,608
37,56,645
37,57,600
37,58,754
37,59,646
37,60,693
37,61,631
37,62,676
37,63,610
38,0,613
38,1,642
38,2,641
38,3,562
38,4,568
38,5,634
38,6,659
38,7,591
38,8,595
38,9,615
38,10,595
38,11,706
38,12,578
38,13,660
38,14,698
38,15,585
38,16,646
38,17,582
38,18,560
38,19,602
38,20,628
38,21,694
38,22,664
38,23,607
38,24,594
38,25,628
38,26,591
38,27,555
38,28,621
38,29,610
38,30,713
38,31,628
38,32,572
38,33,592
38,34,657
38,35,593
38,36,682
38,37,688
38,38,732
38,39,570
38,40,671
38,41,544
38,42,573
38,43,583
38,44,578
38,45,633
38,46,654
38,47,634
38,48,565
38,49,608
38,50,591
38,51,586
38,52,608
38,53,603
38,54,625
38,55,621
38,56,653
38,57,562
38,58,677
38,59,669
38,60,617
38,61,606
38,62,656
38,63,531
39,0,539
39,1,632
39,2,594
39,3,588
39,4,574
39,5,611
39,6,635
39,7,538
39,8,506
39,9,605
39,10,567
39,11,658
39,12,644
39,13,607
39,14,680
39,15,602
39,16,634
39,17,587
39,18,564
39,19,631
39,20,604
39,21,656
39,22,680
39,23,582
39,24,571
39,25,573
39,26,601
39,27,566
39,28,614
39,29,560
39,30,722
39,31,609
39,32,583
39,33,585
39,34,562
39,35,608
39,36,790
39,37,642
39,38,570
39,39,550
39,40,583
39,41,547
39,42,561
39,43,589
39,44,591
39,45,594
39,46,599
39,47,625
39,48,551
39,49,621
39,50,580
39,51,548
39,52,591
39,53,567
39,54,623
39,55,565
39,56,620
39,57,558
39,58,705
39,59,663
39,60,591
39,61,541
39,62,610
39,63,577
40,0,546
40,1,650
40,2,638
40,3,538
40,4,566
40,5,628
40,6,648
40,7,554
40,8,576
40,9,580
40,10,630
40,11,657
40,12,610
40,13,612
40,14,658
40,15,598
40,16,637
40,17,585
40,18,619
40,19,585
40,20,625
40,21,643
40,22,667
40,23,570
40,24,584
40,25,610
40,26,596
40,27,554
40,28,570
40,29,571
40,30,700
40,31,644
40,32,607
40,33,552
40,34,643
40,35,612
40,36,757
40,37,600
40,38,671
40,39,583
40,40,630
40,41,554
40,42,585
40,43,586
40,44,590
40,45,575
40,46,637
40,47,608
40,48,583
40,49,616
40,50,587
40,51,565
40,52,596
40,53,606
40,54,576
40,55,580
40,56,580
40,57,587
40,58,717
40,59,700
40,60,677
40,61,647
40,62,650
40,63,582
41,0,587
41,1,558
41,2,574
41,3,525
41,4,527
41,5,544
41,6,583
41,7,473
41,8,541
41,9,516
41,10,557
41,11,613
41,12,531
41,13,545
41,14,619
41,15,588
41,16,589
41,17,519
41,18,494
41,19,593
41,20,605
41,21,593
41,22,580
41,23,567
41,24,547
41,25,530
41,26,523
41,27,463
41,28,586
41,29,510
41,30,657
41,31,555
41,32,511
41,33,550
41,34,589
41,35,514
41,36,643
41,37,551
41,38,544
41,39,547
41,40,554
41,41,526
41,42,563
41,43,557
41,44,517
41,45,547
41,46,566
41,47,524
41,48,550
41,49,594
41,50,548
41,51,552
41,52,529
41,53,578
41,54,540
41,55,571
41,56,585
41,57,556
41,58,687
41,59,622
41,60,587
41,61,575
41,62,612
41,63,527
42,0,579
42,1,614
42,2,586
42,3,611
42,4,569
42,5,645
42,6,614
42,7,535
42,8,590
42,9,605
42,10,580
42,11,625
42,12,603
42,13,587
42,14,650
42,15,564
42,16,657
42,17,584
42,18,594
42,19,614
42,20,608
42,21,640
42,22,617
42,23,611
42,24,565
42,25,564
42,26,596
42,27,528
42,28,627
42,29,559
42,30,644
42,31,603
42,32,558
42,33,564
42,34,579
42,35,583
42,36,666
42,37,607
42,38,573
42,39,561
42,40,585
42,41,563
42,42,568
42,43,577
42,44,617
42,45,575
42,46,629
42,47,601
42,48,617
42,49,615
42,50,582
42,51,568
42,52,610
42,53,548
42,54,571
42,55,581
42,56,610
42,57,606
42,58,672
42,59,652
42,60,651
42,61,610
42,62,648
42,63,546
43,0,574
43,1,596
43,2,588
43,3,596
43,4,549
43,5,580
43,6,594
43,7,512
43,8,566
43,9,572
43,10,547
43,11,596
43,12,579
43,13,641
43,14,628
43,15,616
43,16,615
43,17,571
43,18,541
43,19,589
43,20,587
43,21,654
43,22,594
43,23,574
43,24,579
43,25,565
43,26,570
43,27,492
43,28,570
43,29,566
43,30,664
43,31,535
43,32,588
43,33,583
43,34,574
43,35,576
43,36,708
43,37,590
43,38,583
43,39,589
43,40,586
43,41,557
43,42,577
43,43,548
43,44,575
43,45,560
43,46,598
43,47,548
43,48,570
43,49,639
43,50,565
43,51,527
43,52,579
43,53,548
43,54,579
43,55,563
43,56,620
43,57,611
43,58,709
43,59,636
43,60,620
43,61,557
43,62,644
43,63,601
44,0,585
44,1,567
44,2,584
44,3,539
44,4,593
44,5,566
44,6,630
44,7,572
44,8,557
44,9,585
44,10,556
44,11,607
44,12,584
44,13,607
44,14,643
44,15,531
44,16,624
44,17,544
44,18,573
44,19,599
44,20,611
44,21,631
44,22,619
44,23,578
44,24,599
44,25,565
44,26,590
44,27,478
44,28,599
44,29,585
44,30,702
44,31,591
44,32,599
44,33,594
44,34,553
44,35,594
44,36,744
44,37,544
44,38,578
44,39,591
44,40,590
44,41,517
44,42,617
44,43,575
44,44,568
44,45,582
44,46,605
44,47,609
44,48,562
44,49,620
44,50,594
44,51,558
44,52,555
44,53,558
44,54,557
44,55,541
44,56,580
44,57,536
44,58,651
44,59,636
44,60,638
44,61,566
44,62,610
44,63,542
45,0,584
45,1,595
45,2,628
45,3,546
45,4,555
45,5,662
45,6,606
45,7,538
45,8,558
45,9,583
45,10,608
45,11,676
45,12,556
45,13,612
45,14,613
45,15,572
45,16,657
45,17,550
45,18,612
45,19,595
45,20,576
45,21,655
45,22,638
45,23,589
45,24,566
45,25,625
45,26,624
45,27,528
45,28,581
45,29,569
45,30,704
45,31,545
45,32,532
45,33,604
45,34,644
45,35,559
45,36,673
45,37,639
45,38,633
45,39,594
45,40,575
45,41,547
45,42,575
45,43,560
45,44,582
45,45,562
45,46,630
45,47,620
45,48,559
45,49,592
45,50,542
45,51,588
45,52,551
45,53,565
45,54,592
45,55,592
45,56,603
45,57,606
45,58,688
45,59,652
45,60,621
45,61,625
45,62,610
45,63,569
46,0,591
46,1,674
46,2,574
46,3,591
46,4,613
46,5,689
46,6,638
46,7,569
46,8,631
46,9,642
46,10,612
46,11,680
46,12,632
46,13,632
46,14,686
46,15,639
46,16,683
46,17,617
46,18,617
46,19,635
46,20,652
46,21,661
46,22,654
46,23,657
46,24,615
46,25,627
46,26,660
46,27,529
46,28,627
46,29,627
46,30,719
46,31,630
46,32,625
46,33,654
46,34,664
46,35,633
46,36,722
46,37,688
46,38,654
46,39,599
46,40,637
46,41,566
46,42,629
46,43,598
46,44,605
46,45,630
46,46,690
46,47,655
46,48,574
46,49,693
46,50,629
46,51,595
46,52,655
46,53,587
46,54,654
46,55,681
46,56,682
46,57,576
46,58,773
46,59,658
46,60,668
46,61,616
46,62,657
46,63,622
47,0,541
47,1,594
47,2,573
47,3,530
47,4,590
47,5,601
47,6,608
47,7,495
47,8,540
47,9,571
47,10,603
47,11,621
47,12,611
47,13,631
47,14,633
47,15,563
47,16,643
47,17,601
47,18,557
47,19,577
47,20,595
47,21,616
47,22,622
47,23,640
47,24,558
47,25,540
47,26,584
47,27,503
47,28,638
47,29,576
47,30,721
47,31,590
47,32,595
47,33,524
47,34,583
47,35,542
47,36,657
47,37,654
47,38,634
47,39,625
47,40,608
47,41,524
47,42,601
47,43,548
47,44,609
47,45,620
47,46,655
47,47,536
47,48,592
47,49,624
47,50,552
47,51,518
47,52,550
47,53,563
47,54,578
47,55,580
47,56,607
47,57,596
47,58,632
47,59,621
47,60,660
47,61,594
47,62,653
47,63,594
48,0,530
48,1,551
48,2,618
48,3,552
48,4,530
48,5,599
48,6,619
48,7,533
48,8,543
48,9,565
48,10,593
48,11,609
48,12,570
48,13,583
48,14,594
48,15,570
48,16,636
48,17,554
48,18,534
48,19,608
48,20,592
48,21,632
48,22,555
48,23,583
48,24,546
48,25,566
48,26,548
48,27,524
48,28,631
48,29,528
48,30,667
48,31,593
48,32,527
48,33,600
48,34,595
48,35,540
48,36,635
48,37,636
48,38,565
48,39,551
48,40,583
48,41,550
48,42,617
48,43,570
48,44,562
48,45,559
48,46,574
48,47,592
48,48,562
48,49,596
48,50,577
48,51,529
48,52,560
48,53,538
48,54,496
48,55,573
48,56,568
48,57,562
48,58,682
48,59,643
48,60,595
48,61,593
48,62,621
48,63,631
49,0,566
49,1,636
49,2,663
49,3,608
49,4,618
49,5,610
49,6,678
49,7,614
49,8,588
49,9,638
49,10,653
49,11,636
49,12,633
49,13,627
49,14,702
49,15,590
49,16,685
49,17,586
49,18,577
49,19,675
49,20,657
49,21,671
49,22,716
49,23,605
49,24,603
49,25,603
49,26,627
49,27,577
49,28,605
49,29,575
49,30,678
49,31,644
49,32,643
49,33,629
49,34,633
49,35,619
49,36,733
49,37,697
49,38,608
49,39,621
49,40,616
49,41,594
49,42,615
49,43,639
49,44,620
49,45,592
49,46,693
49,47,624
49,48,596
49,49,696
49,50,606
49,51,545
49,52,601
49,53,607
49,54,563
49,55,634
49,56,687
49,57,635
49,58,741
49,59,682
49,60,626
49,61,614
49,62,674
49,63,613
50,0,601
50,1,595
50,2,580
50,3,564
50,4,563
50,5,572
50,6,633
50,7,560
50,8,577
50,9,606
50,10,588
50,11,645
50,12,629
50,13,626
50,14,661
50,15,571
50,16,617
50,17,561
50,18,553
50,19,630
50,20,595
50,21,671
50,22,602
50,23,566
50,24,559
50,25,581
50,26,598
50,27,520
50,28,595
50,29,593
50,30,671
50,31,604
50,32,591
50,33,572
50,34,579
50,35,574
50,36,676
50,37,612
50,38,591
50,39,580
50,40,587
50,41,548
50,42,582
50,43,565
50,44,594
50,45,542
50,46,629
50,47,552
50,48,577
50,49,606
50,50,598
50,51,554
50,52,574
50,53,565
50,54,581
50,55,630
50,56,623
50,57,581
50,58,708
50,59,645
50,60,605
50,61,606
50,62,638
50,63,607
51,0,512
51,1,559
51,2,506
51,3,519
51,4,556
51,5,589
51,6,611
51,7,511
51,8,526
51,9,550
51,10,553
51,11,638
51,12,562
51,13,579
51,14,659
51,15,582
51,16,617
51,17,561
51,18,582
51,19,584
51,20,570
51,21,618
51,22,588
51,23,564
51,24,543
51,25,569
51,26,546
51,27,490
51,28,582
51,29,499
51,30,673
51,31,512
51,32,546
51,33,532
51,34,594
51,35,557
51,36,660
51,37,598
51,38,586
51,39,548
51,40,565
51,41,552
51,42,568
51,43,527
51,44,558
51,45,588
51,46,595
51,47,518
51,48,529
51,49,545
51,50,554
51,51,570
51,52,545
51,53,567
51,54,543
51,55,528
51,56,591
51,57,536
51,58,671
51,59,632
51,60,593
51,61,547
51,62,592
51,63,585
52,0,538
52,1,588
52,2,603
52,3,574
52,4,577
52,5,599
52,6,624
52,7,548
52,8,555
52,9,624
52,10,583
52,11,668
52,12,649
52,13,592
52,14,673
52,15,559
52,16,635
52,17,568
52,18,542
52,19,607
52,20,592
52,21,632
52,22,606
52,23,636
52,24,583
52,25,607
52,26,574
52,27,516
52,28,565
52,29,600
52,30,689
52,31,604
52,32,596
52,33,556
52,34,575
52,35,564
52,36,666
52,37,631
52,38,608
52,39,591
52,40,596
52,41,529
52,42,610
52,43,579
52,44,555
52,45,551
52,46,655
52,47,550
52,48,560
52,49,601
52,50,574
52,51,545
52,52,590
52,53,546
52,54,617
52,55,588
52,56,654
52,57,557
52,58,696
52,59,613
52,60,570
52,61,621
52,62,634
52,63,542
53,0,539
53,1,586
53,2,573
53,3,554
53,4,597
53,5,583
53,6,607
53,7,540
53,8,573
53,9,556
53,10,603
53,11,607
53,12,580
53,13,636
53,14,625
53,15,574
53,16,615
53,17,566
53,18,574
53,19,598
53,20,588
53,21,616
53,22,563
53,23,560
53,24,537
53,25,583
53,26,559
53,27,534
53,28,601
53,29,535
53,30,649
53,31,545
53,32,532
53,33,574
53,34,603
53,35,548
53,36,722
53,37,645
53,38,603
53,39,567
53,40,606
53,41,578
53,42,548
53,43,548
53,44,558
53,45,567
53,46,587
53,47,563
53,48,538
53,49,607
53,50,565
53,51,567
53,52,546
53,53,568
53,54,529
53,55,570
53,56,588
53,57,567
53,58,736
53,59,630
53,60,618
53,61,564
53,62,577
53,63,584
54,0,564
54,1,637
54,2,515
54,3,542
54,4,559
54,5,613
54,6,635
54,7,516
54,8,546
54,9,542
54,10,573
54,11,630
54,12,571
54,13,539
54,14,646
54,15,524
54,16,620
54,17,579
54,18,515
54,19,605
54,20,611
54,21,670
54,22,590
54,23,588
54,24,555
54,25,592
54,26,582
54,27,512
54,28,605
54,29,557
54,30,619
54,31,603
54,32,542
54,33,574
54,34,608
54,35,620
54,36,635
54,37,550
54,38,625
54,39,623
54,40,576
54,41,540
54,42,571
54,43,579
54,44,557
54,45,592
54,46,654
54,47,578
54,48,496
54,49,563
54,50,581
54,51,543
54,52,617
54,53,529
54,54,596
54,55,600
54,56,635
54,57,556
54,58,705
54,59,648
54,60,608
54,61,582
54,62,674
54,63,547
55,0,597
55,1,587
55,2,635
55,3,625
55,4,605
55,5,611
55,6,641
55,7,539
55,8,607
55,9,625
55,10,640
55,11,688
55,12,595
55,13,621
55,14,695
55,15,602
55,16,640
55,17,617
55,18,532
55,19,666
55,20,582
55,21,651
55,22,596
55,23,651
55,24,547
55,25,643
55,26,616
55,27,516
55,28,637
55,29,589
55,30,690
55,31,590
55,32,569
55,33,577
55,34,583
55,35,547
55,36,712
55,37,608
55,38,621
55,39,565
55,40,580
55,41,571
55,42,581
55,43,563
55,44,541
55,45,592
55,46,681
55,47,580
55,48,573
55,49,634
55,50,630
55,51,528
55,52,588
55,53,570
55,54,600
55,55,604
55,56,639
55,57,599
55,58,694
55,59,616
55,60,602
55,61,579
55,62,688
55,63,589
56,0,599
56,1,622
56,2,606
56,3,608
56,4,597
56,5,642
56,6,698
56,7,516
56,8,632
56,9,659
56,10,601
56,11,670
56,12,599
56,13,624
56,14,700
56,15,627
56,16,673
56,17,590
56,18,574
56,19,635
56,20,635
56,21,649
56,22,658
56,23,640
56,24,620
56,25,654
56,26,611
56,27,570
56,28,629
56,29,578
56,30,708
56,31,621
56,32,603
56,33,688
56,34,631
56,35,654
56,36,718
56,37,645
56,38,653
56,39,620
56,40,580
56,41,585
56,42,610
56,43,620
56,44,580
56,45,603
56,46,682
56,47,607
56,48,568
56,49,687
56,50,623
56,51,591
56,52,654
56,53,588
56,54,635
56,55,639
56,56,656
56,57,614
56,58,773
56,59,669
56,60,647
56,61,586
56,62,662
56,63,594
57,0,572
57,1,650
57,2,558
57,3,571
57,4,582
57,5,603
57,6,596
57,7,515
57,8,575
57,9,602
57,10,547
57,11,634
57,12,560
57,13,600
57,14,639
57,15,572
57,16,635
57,17,542
57,18,563
57,19,607
57,20,611
57,21,634
57,22,589
57,23,618
57,24,573
57,25,591
57,26,582
57,27,534
57,28,630
57,29,563
57,30,680
57,31,559
57,32,549
57,33,586
57,34,578
57,35,588
57,36,692
57,37,600
57,38,562
57,39,558
57,40,587
57,41,556
57,42,606
57,43,611
57,44,536
57,45,606
57,46,576
57,47,596
57,48,562
57,49,635
57,50,581
57,51,536
57,52,557
57,53,567
57,54,556
57,55,599
57,56,614
57,57,532
57,58,652
57,59,656
57,60,600
57,61,564
57,62,612
57,63,575
58,0,682
58,1,768
58,2,788
58,3,647
58,4,685
58,5,700
58,6,754
58,7,693
58,8,657
58,9,719
58,10,729
58,11,770
58,12,735
58,13,795
58,14,791
58,15,693
58,16,793
58,17,737
58,18,727
58,19,740
58,20,738
58,21,773
58,22,703
58,23,740
58,24,642
58,25,722
58,26,695
58,27,618
58,28,680
58,29,661
58,30,785
58,31,758
58,32,682
58,33,701
58,34,742
58,35,692
58,36,777
58,37,754
58,38,677
58,39,705
58,40,717
58,41,687
58,42,672
58,43,709
58,44,651
58,45,688
58,46,773
58,47,632
58,48,682
58,49,741
58,50,708
58,51,671
58,52,696
58,53,736
58,54,705
58,55,694
58,56,773
58,57,652
58,58,850
58,59,775
58,60,790
58,61,692
58,62,788
58,63,674
59,0,623
59,1,693
59,2,667
59,3,648
59,4,676
59,5,676
59,6,690
59,7,617
59,8,686
59,9,682
59,10,663
59,11,700
59,12,708
59,13,708
59,14,753
59,15,646
59,16,676
59,17,685
59,18,636
59,19,713
59,20,728
59,21,752
59,22,670
59,23,720
59,24,647
59,25,628
59,26,662
59,27,548
59,28,711
59,29,641
59,30,718
59,31,669
59,32,663
59,33,690
59,34,630
59,35,632
59,36,762
59,37,646
59,38,669
59,39,663
59,40,700
59,41,622
59,42,652
59,43,636
59,44,636
59,45,652
59,46,658
59,47,621
59,48,643
59,49,682
59,50,645
59,51,632
59,52,613
59,53,630
59,54,648
59,55,616
59,56,669
59,57,656
59,58,775
59,59,776
59,60,659
59,61,634
59,62,703
59,63,645
60,0,644
60,1,635
60,2,660
60,3,549
60,4,597
60,5,633
60,6,654
60,7,535
60,8,566
60,9,618
60,10,674
60,11,621
60,12,657
60,13,682
60,14,706
60,15,594
60,16,702
60,17,634
60,18,588
60,19,642
60,20,620
60,21,724
60,22,647
60,23,586
60,24,602
60,25,617
60,26,609
60,27,521
60,28,652
60,29,627
60,30,704
60,31,650
60,32,562
60,33,653
60,34,623
60,35,639
60,36,715
60,37,693
60,38,617
60,39,591
60,40,677
60,41,587
60,42,651
60,43,620
60,44,638
60,45,622
60,46,668
60,47,660
60,48,595
60,49,626
60,50,605
60,51,593
60,52,570
60,53,618
60,54,608
60,55,602
60,56,647
60,57,600
60,58,790
60,59,659
60,60,640
60,61,621
60,62,630
60,63,612
61,0,610
61,1,579
61,2,664
61,3,528
61,4,565
61,5,557
61,6,597
61,7,540
61,8,565
61,9,606
61,10,600
61,11,638
61,12,596
61,13,628
61,14,669
61,15,591
61,16,679
61,17,589
61,18,558
61,19,589
61,20,597
61,21,689
61,22,580
61,23,592
61,24,543
61,25,530
61,26,602
61,27,503
61,28,614
61,29,593
61,30,681
61,31,622
61,32,585
61,33,628
61,34,635
61,35,555
61,36,696
61,37,631
61,38,606
61,39,541
61,40,647
61,41,575
61,42,610
61,43,557
61,44,566
61,45,625
61,46,616
61,47,594
61,48,593
61,49,614
61,50,606
61,51,547
61,52,621
61,53,564
61,54,582
61,55,579
61,56,586
61,57,564
61,58,692
61,59,634
61,60,621
61,61,604
61,62,635
61,63,582
62,0,603
62,1,685
62,2,644
62,3,650
62,4,622
62,5,653
62,6,628
62,7,592
62,8,586
62,9,608
62,10,667
62,11,678
62,12,647
62,13,667
62,14,701
62,15,581
62,16,694
62,17,595
62,18,602
62,19,629
62,20,661
62,21,710
62,22,655
62,23,683
62,24,608
62,25,613
62,26,607
62,27,498
62,28,626
62,29,626
62,30,663
62,31,619
62,32,648
62,33,618
62,34,637
62,35,608
62,36,735
62,37,676
62,38,656
62,39,610
62,40,650
62,41,612
62,42,648
62,43,644
62,44,610
62,45,610
62,46,657
62,47,653
62,48,621
62,49,674
62,50,638
62,51,592
62,52,634
62,53,577
62,54,674
62,55,688
62,56,662
62,57,612
62,58,788
62,59,703
62,60,630
62,61,635
62,62,658
62,63,622
63,0,568
63,1,642
63,2,597
63,3,559
63,4,567
63,5,614
63,6,597
63,7,475
63,8,591
63,9,591
63,10,593
63,11,622
63,12,604
63,13,626
63,14,700
63,15,576
63,16,602
63,17,581
63,18,605
63,19,603
63,20,617
63,21,612
63,22,601
63,23,590
63,24,531
63,25,621
63,26,622
63,27,517
63,28,595
63,29,548
63,30,654
63,31,608
63,32,551
63,33,582
63,34,599
63,35,522
63,36,671
63,37,610
63,38,531
63,39,577
63,40,582
63,41,527
63,42,546
63,43,601
63,44,542
63,45,569
63,46,622
63,47,594
63,48,631
63,49,613
63,50,607
63,51,585
63,52,542
63,53,584
63,54,547
63,55,589
63,56,594
63,57,575
63,58,674
63,59,645
63,60,612
63,61,582
63,62,622
63,63,594
