0,0,1112
0,1,1378
0,2,1104
0,3,902
0,4,1020
0,5,1112
0,6,937
0,7,834
0,8,1053
0,9,1283
0,10,861
0,11,1058
0,12,1129
0,13,1061
0,14,996
0,15,1215
0,16,1204
0,17,1075
0,18,1732
0,19,846
0,20,1137
0,21,1014
0,22,937
0,23,1056
0,24,957
0,25,1427
0,26,1341
0,27,876
0,28,972
0,29,904
0,30,1061
0,31,1444
0,32,1110
0,33,990
0,34,796
0,35,956
0,36,1148
0,37,1855
0,38,1354
0,39,1399
0,40,1171
0,41,1097
0,42,1077
0,43,1137
0,44,1076
0,45,2224
0,46,1105
0,47,951
0,48,1308
0,49,916
0,50,1054
0,51,989
0,52,1485
0,53,2452
0,54,1108
0,55,1203
0,56,1061
0,57,858
0,58,1076
0,59,1077
0,60,906
0,61,1352
0,62,1262
0,63,968
1,0,1135
1,1,1294
1,2,1062
1,3,878
1,4,1033
1,5,986
1,6,936
1,7,779
1,8,1050
1,9,1248
1,10,912
1,11,1011
1,12,1092
1,13,1118
1,14,938
1,15,1188
1,16,1077
1,17,1033
1,18,1846
1,19,951
1,20,1109
1,21,1034
1,22,973
1,23,1036
1,24,1022
1,25,1466
1,26,1239
1,27,845
1,28,995
1,29,893
1,30,1039
1,31,1442
1,32,1184
1,33,966
1,34,742
1,35,1017
1,36,1033
1,37,1957
1,38,1372
1,39,1408
1,40,1069
1,41,1034
1,42,1012
1,43,1069
1,44,1070
1,45,2200
1,46,1234
1,47,950
1,48,1268
1,49,860
1,50,1138
1,51,995
1,52,1555
1,53,2482
1,54,1092
1,55,1224
1,56,1042
1,57,871
1,58,1079
1,59,1061
1,60,879
1,61,1381
1,62,1305
1,63,946
2,0,1114
2,1,1302
2,2,989
2,3,889
2,4,996
2,5,1093
2,6,927
2,7,804
2,8,1086
2,9,1233
2,10,926
2,11,1026
2,12,1079
2,13,1105
2,14,996
2,15,1172
2,16,1163
2,17,1047
2,18,1782
2,19,943
2,20,1107
2,21,1021
2,22,970
2,23,1068
2,24,1039
2,25,1370
2,26,1269
2,27,847
2,28,1010
2,29,945
2,30,1042
2,31,1364
2,32,1134
2,33,915
2,34,868
2,35,978
2,36,1077
2,37,1841
2,38,1319
2,39,1457
2,40,1149
2,41,1094
2,42,1026
2,43,1074
2,44,1090
2,45,2136
2,46,1123
2,47,954
2,48,1293
2,49,823
2,50,1087
2,51,991
2,52,1549
2,53,2524
2,54,1073
2,55,1190
2,56,1027
2,57,820
2,58,1041
2,59,1088
2,60,898
2,61,1381
2,62,1260
2,63,967
3,0,1084
3,1,1341
3,2,997
3,3,877
3,4,1062
3,5,1093
3,6,946
3,7,847
3,8,1050
3,9,1283
3,10,900
3,11,1024
3,12,1115
3,13,1081
3,14,1004
3,15,1198
3,16,1141
3,17,1037
3,18,1754
3,19,915
3,20,1150
3,21,1006
3,22,1003
3,23,1025
3,24,1028
3,25,1341
3,26,1312
3,27,886
3,28,988
3,29,936
3,30,998
3,31,1360
3,32,1162
3,33,959
3,34,783
3,35,1044
3,36,1070
3,37,1839
3,38,1321
3,39,1347
3,40,1145
3,41,1168
3,42,1056
3,43,1141
3,44,1059
3,45,2112
3,46,1178
3,47,966
3,48,1349
3,49,909
3,50,1132
3,51,1017
3,52,1585
3,53,2424
3,54,1106
3,55,1148
3,56,1012
3,57,929
3,58,1124
3,59,1070
3,60,925
3,61,1361
3,62,1327
3,63,979
4,0,1157
4,1,1314
4,2,1034
4,3,884
4,4,980
4,5,1066
4,6,918
4,7,841
4,8,1084
4,9,1245
4,10,892
4,11,1017
4,12,1018
4,13,1115
4,14,962
4,15,1208
4,16,1163
4,17,1084
4,18,1759
4,19,926
4,20,1089
4,21,962
4,22,966
4,23,1021
4,24,950
4,25,1402
4,26,1338
4,27,792
4,28,910
4,29,948
4,30,1048
4,31,1351
4,32,1214
4,33,996
4,34,782
4,35,1086
4,36,1104
4,37,1851
4,38,1259
4,39,1409
4,40,1134
4,41,1093
4,42,1033
4,43,1063
4,44,1045
4,45,2153
4,46,1167
4,47,1014
4,48,1241
4,49,855
4,50,1099
4,51,978
4,52,1414
4,53,2438
4,54,1087
4,55,1191
4,56,1045
4,57,884
4,58,1043
4,59,1056
4,60,837
4,61,1453
4,62,1298
4,63,992
5,0,1106
5,1,1234
5,2,1052
5,3,887
5,4,1030
5,5,1125
5,6,994
5,7,852
5,8,1044
5,9,1289
5,10,890
5,11,1032
5,12,1083
5,13,1147
5,14,904
5,15,1270
5,16,1192
5,17,1057
5,18,1793
5,19,850
5,20,1134
5,21,989
5,22,896
5,23,1037
5,24,1042
5,25,1408
5,26,1274
5,27,842
5,28,957
5,29,901
5,30,1045
5,31,1342
5,32,1149
5,33,957
5,34,830
5,35,990
5,36,1087
5,37,1876
5,38,1331
5,39,1389
5,40,1102
5,41,1121
5,42,1005
5,43,1104
5,44,1026
5,45,2174
5,46,1156
5,47,1001
5,48,1341
5,49,808
5,50,1059
5,51,975
5,52,1479
5,53,2430
5,54,1035
5,55,1214
5,56,991
5,57,877
5,58,1039
5,59,1086
5,60,895
5,61,1333
5,62,1295
5,63,988
6,0,1150
6,1,1250
6,2,1076
6,3,864
6,4,1056
6,5,1055
6,6,872
6,7,870
6,8,1111
6,9,1312
6,10,855
6,11,1042
6,12,1028
6,13,1104
6,14,1004
6,15,1216
6,16,1234
6,17,994
6,18,1771
6,19,895
6,20,1162
6,21,956
6,22,990
6,23,1067
6,24,1057
6,25,1321
6,26,1336
6,27,862
6,28,892
6,29,941
6,30,1082
6,31,1381
6,32,1174
6,33,1043
6,34,801
6,35,1030
6,36,1067
6,37,1732
6,38,1361
6,39,1546
6,40,1159
6,41,1070
6,42,1027
6,43,1181
6,44,1100
6,45,2081
6,46,1123
6,47,1005
6,48,1328
6,49,889
6,50,1076
6,51,991
6,52,1443
6,53,2411
6,54,1104
6,55,1179
6,56,1007
6,57,896
6,58,1092
6,59,1156
6,60,855
6,61,1415
6,62,1311
6,63,955
7,0,1128
7,1,1356
7,2,958
7,3,856
7,4,1047
7,5,1099
7,6,919
7,7,799
7,8,1040
7,9,1252
7,10,850
7,11,1052
7,12,1145
7,13,1178
7,14,889
7,15,1271
7,16,1106
7,17,1093
7,18,1671
7,19,920
7,20,1080
7,21,1006
7,22,936
7,23,1092
7,24,1013
7,25,1350
7,26,1350
7,27,875
7,28,936
7,29,920
7,30,1051
7,31,1398
7,32,1177
7,33,970
7,34,776
7,35,977
7,36,1109
7,37,1886
7,38,1340
7,39,1407
7,40,1122
7,41,1083
7,42,1037
7,43,1109
7,44,1063
7,45,2241
7,46,1138
7,47,1006
7,48,1305
7,49,851
7,50,1102
7,51,983
7,52,1410
7,53,2402
7,54,1107
7,55,1163
7,56,976
7,57,888
7,58,1063
7,59,1127
7,60,872
7,61,1407
7,62,1280
7,63,934
8,0,1132
8,1,1337
8,2,1054
8,3,921
8,4,1000
8,5,1043
8,6,970
8,7,803
8,8,1092
8,9,1234
8,10,849
8,11,1046
8,12,1081
8,13,1185
8,14,1020
8,15,1220
8,16,1153
8,17,1040
8,18,1833
8,19,865
8,20,1168
8,21,1075
8,22,927
8,23,1092
8,24,1010
8,25,1513
8,26,1322
8,27,862
8,28,960
8,29,908
8,30,1114
8,31,1426
8,32,1170
8,33,994
8,34,803
8,35,1018
8,36,1083
8,37,1954
8,38,1349
8,39,1391
8,40,1175
8,41,1039
8,42,1005
8,43,1076
8,44,1061
8,45,2228
8,46,1200
8,47,1022
8,48,1319
8,49,852
8,50,1103
8,51,1067
8,52,1409
8,53,2351
8,54,1125
8,55,1156
8,56,1024
8,57,897
8,58,1104
8,59,1132
8,60,854
8,61,1393
8,62,1277
8,63,970
9,0,1117
9,1,1322
9,2,1075
9,3,883
9,4,1074
9,5,1127
9,6,958
9,7,909
9,8,1121
9,9,1338
9,10,858
9,11,1051
9,12,1132
9,13,1137
9,14,995
9,15,1169
9,16,1192
9,17,1136
9,18,1850
9,19,918
9,20,1166
9,21,1070
9,22,978
9,23,993
9,24,986
9,25,1428
9,26,1324
9,27,876
9,28,1013
9,29,965
9,30,1040
9,31,1379
9,32,1157
9,33,959
9,34,809
9,35,1104
9,36,1112
9,37,1828
9,38,1337
9,39,1414
9,40,1156
9,41,1132
9,42,1050
9,43,1096
9,44,1077
9,45,2165
9,46,1152
9,47,1065
9,48,1243
9,49,837
9,50,1117
9,51,1004
9,52,1534
9,53,2418
9,54,1109
9,55,1259
9,56,1024
9,57,846
9,58,1035
9,59,1124
9,60,877
9,61,1349
9,62,1279
9,63,1019
10,0,1190
10,1,1312
10,2,1038
10,3,895
10,4,1033
10,5,1108
10,6,917
10,7,770
10,8,1092
10,9,1279
10,10,824
10,11,1096
10,12,1086
10,13,1151
10,14,922
10,15,1163
10,16,1198
10,17,1021
10,18,1754
10,19,946
10,20,1146
10,21,1032
10,22,955
10,23,1027
10,24,972
10,25,1434
10,26,1325
10,27,831
10,28,903
10,29,991
10,30,1074
10,31,1334
10,32,1150
10,33,1023
10,34,791
10,35,1030
10,36,1068
10,37,1887
10,38,1407
10,39,1402
10,40,1064
10,41,1201
10,42,1051
10,43,1075
10,44,1058
10,45,2169
10,46,1154
10,47,1004
10,48,1345
10,49,840
10,50,1129
10,51,951
10,52,1424
10,53,2432
10,54,1195
10,55,1233
10,56,1063
10,57,846
10,58,1097
10,59,1076
10,60,914
10,61,1375
10,62,1229
10,63,910
11,0,1140
11,1,1407
11,2,1046
11,3,875
11,4,992
11,5,1171
11,6,1010
11,7,876
11,8,1098
11,9,1225
11,10,913
11,11,913
11,12,1065
11,13,1190
11,14,947
11,15,1296
11,16,1224
11,17,1075
11,18,1720
11,19,895
11,20,1162
11,21,1025
11,22,958
11,23,1070
11,24,1011
11,25,1434
11,26,1399
11,27,892
11,28,1021
11,29,928
11,30,1057
11,31,1409
11,32,1146
11,33,979
11,34,863
11,35,1020
11,36,1081
11,37,2000
11,38,1344
11,39,1366
11,40,1068
11,41,1135
11,42,1108
11,43,1103
11,44,1078
11,45,2155
11,46,1180
11,47,998
11,48,1238
11,49,825
11,50,1192
11,51,983
11,52,1463
11,53,2432
11,54,1098
11,55,1277
11,56,976
11,57,889
11,58,1052
11,59,1033
11,60,898
11,61,1301
11,62,1238
11,63,1006
12,0,1112
12,1,1360
12,2,1018
12,3,860
12,4,996
12,5,1124
12,6,938
12,7,842
12,8,1147
12,9,1348
12,10,867
12,11,969
12,12,1071
12,13,1109
12,14,1005
12,15,1215
12,16,1137
12,17,995
12,18,1762
12,19,898
12,20,1129
12,21,1094
12,22,921
12,23,1097
12,24,988
12,25,1381
12,26,1306
12,27,799
12,28,1014
12,29,934
12,30,1021
12,31,1480
12,32,1069
12,33,1006
12,34,852
12,35,1049
12,36,1094
12,37,1899
12,38,1440
12,39,1368
12,40,1095
12,41,1068
12,42,1093
12,43,1057
12,44,1055
12,45,2200
12,46,1177
12,47,997
12,48,1326
12,49,831
12,50,1128
12,51,1028
12,52,1543
12,53,2394
12,54,1138
12,55,1157
12,56,1091
12,57,931
12,58,1065
12,59,1110
12,60,871
12,61,1336
12,62,1261
12,63,977
13,0,1266
13,1,1290
13,2,1081
13,3,918
13,4,1033
13,5,1083
13,6,975
13,7,867
13,8,1106
13,9,1302
13,10,838
13,11,1032
13,12,1167
13,13,1157
13,14,992
13,15,1204
13,16,1181
13,17,1010
13,18,1752
13,19,889
13,20,1096
13,21,1126
13,22,949
13,23,1069
13,24,1034
13,25,1390
13,26,1336
13,27,888
13,28,958
13,29,937
13,30,1038
13,31,1420
13,32,1244
13,33,959
13,34,798
13,35,1000
13,36,1152
13,37,1918
13,38,1338
13,39,1428
13,40,1120
13,41,1074
13,42,1026
13,43,1081
13,44,1131
13,45,2161
13,46,1127
13,47,1044
13,48,1266
13,49,798
13,50,1110
13,51,997
13,52,1420
13,53,2511
13,54,1155
13,55,1235
13,56,1056
13,57,835
13,58,1044
13,59,1122
13,60,949
13,61,1385
13,62,1303
13,63,1006
14,0,1092
14,1,1346
14,2,1006
14,3,907
14,4,1007
14,5,1071
14,6,912
14,7,812
14,8,1056
14,9,1268
14,10,813
14,11,1000
14,12,1074
14,13,1154
14,14,943
14,15,1237
14,16,1223
14,17,1023
14,18,1805
14,19,822
14,20,1128
14,21,1021
14,22,883
14,23,1058
14,24,1047
14,25,1375
14,26,1311
14,27,839
14,28,927
14,29,875
14,30,1102
14,31,1423
14,32,1118
14,33,1021
14,34,797
14,35,996
14,36,1033
14,37,1879
14,38,1347
14,39,1466
14,40,1140
14,41,1070
14,42,1006
14,43,1063
14,44,1070
14,45,2055
14,46,1110
14,47,1031
14,48,1272
14,49,814
14,50,1058
14,51,999
14,52,1447
14,53,2446
14,54,1087
14,55,1266
14,56,952
14,57,843
14,58,1072
14,59,1117
14,60,867
14,61,1365
14,62,1379
14,63,929
15,0,1112
15,1,1292
15,2,1008
15,3,889
15,4,1003
15,5,1044
15,6,899
15,7,855
15,8,1079
15,9,1268
15,10,863
15,11,1015
15,12,1016
15,13,1121
15,14,980
15,15,1160
15,16,1193
15,17,1034
15,18,1754
15,19,882
15,20,1135
15,21,976
15,22,907
15,23,1013
15,24,962
15,25,1386
15,26,1345
15,27,824
15,28,978
15,29,884
15,30,1133
15,31,1410
15,32,1129
15,33,979
15,34,802
15,35,1049
15,36,1071
15,37,1889
15,38,1346
15,39,1429
15,40,1060
15,41,1100
15,42,1024
15,43,1054
15,44,1139
15,45,2057
15,46,1186
15,47,990
15,48,1286
15,49,890
15,50,1014
15,51,1023
15,52,1423
15,53,2378
15,54,1091
15,55,1122
15,56,1002
15,57,891
15,58,1052
15,59,1140
15,60,863
15,61,1453
15,62,1281
15,63,992
16,0,1183
16,1,1379
16,2,985
16,3,888
16,4,1090
16,5,1100
16,6,938
16,7,821
16,8,1053
16,9,1316
16,10,968
16,11,986
16,12,1072
16,13,1145
16,14,993
16,15,1221
16,16,1189
16,17,1076
16,18,1821
16,19,935
16,20,1229
16,21,1099
16,22,969
16,23,1114
16,24,1043
16,25,1404
16,26,1298
16,27,863
16,28,1007
16,29,969
16,30,1092
16,31,1445
16,32,1185
16,33,1051
16,34,810
16,35,1011
16,36,1093
16,37,1870
16,38,1367
16,39,1395
16,40,1126
16,41,1108
16,42,1094
16,43,1101
16,44,1164
16,45,2204
16,46,1208
16,47,1040
16,48,1323
16,49,884
16,50,1128
16,51,1065
16,52,1526
16,53,2430
16,54,1254
16,55,1284
16,56,1049
16,57,865
16,58,1075
16,59,1108
16,60,914
16,61,1424
16,62,1259
16,63,953
17,0,1176
17,1,1293
17,2,1058
17,3,949
17,4,992
17,5,1103
17,6,854
17,7,809
17,8,1070
17,9,1272
17,10,877
17,11,955
17,12,1027
17,13,1101
17,14,1043
17,15,1265
17,16,1144
17,17,1065
17,18,1854
17,19,944
17,20,1152
17,21,1029
17,22,906
17,23,1093
17,24,977
17,25,1400
17,26,1363
17,27,848
17,28,938
17,29,987
17,30,1142
17,31,1346
17,32,1237
17,33,1026
17,34,814
17,35,1053
17,36,1087
17,37,1814
17,38,1338
17,39,1436
17,40,1079
17,41,1117
17,42,1018
17,43,1056
17,44,1179
17,45,2125
17,46,1191
17,47,940
17,48,1300
17,49,911
17,50,1088
17,51,953
17,52,1370
17,53,2440
17,54,1036
17,55,1224
17,56,966
17,57,857
17,58,1066
17,59,1106
17,60,879
17,61,1452
17,62,1336
17,63,985
18,0,1142
18,1,1310
18,2,1043
18,3,831
18,4,1051
18,5,1093
18,6,980
18,7,800
18,8,1036
18,9,1339
18,10,857
18,11,999
18,12,1101
18,13,1127
18,14,1004
18,15,1203
18,16,1199
18,17,1058
18,18,1737
18,19,833
18,20,1127
18,21,1063
18,22,912
18,23,1021
18,24,999
18,25,1467
18,26,1313
18,27,836
18,28,986
18,29,967
18,30,1040
18,31,1385
18,32,1147
18,33,949
18,34,768
18,35,1029
18,36,1067
18,37,1909
18,38,1336
18,39,1423
18,40,1084
18,41,1065
18,42,1053
18,43,1085
18,44,1142
18,45,2210
18,46,1177
18,47,963
18,48,1269
18,49,856
18,50,1032
18,51,1008
18,52,1487
18,53,2358
18,54,1099
18,55,1226
18,56,978
18,57,841
18,58,1106
18,59,1075
18,60,853
18,61,1391
18,62,1331
18,63,964
19,0,1107
19,1,1327
19,2,1055
19,3,889
19,4,1029
19,5,1107
19,6,989
19,7,834
19,8,1034
19,9,1309
19,10,926
19,11,969
19,12,1124
19,13,1097
19,14,965
19,15,1210
19,16,1176
19,17,1080
19,18,1825
19,19,875
19,20,1147
19,21,1053
19,22,941
19,23,977
19,24,1086
19,25,1396
19,26,1288
19,27,925
19,28,1038
19,29,955
19,30,1104
19,31,1373
19,32,1073
19,33,1051
19,34,840
19,35,1070
19,36,1031
19,37,1774
19,38,1394
19,39,1369
19,40,1104
19,41,1124
19,42,1062
19,43,1122
19,44,1048
19,45,2152
19,46,1173
19,47,981
19,48,1239
19,49,879
19,50,1063
19,51,985
19,52,1406
19,53,2486
19,54,1152
19,55,1241
19,56,1071
19,57,863
19,58,1080
19,59,1103
19,60,932
19,61,1429
19,62,1243
19,63,945
20,0,1182
20,1,1314
20,2,991
20,3,843
20,4,979
20,5,1088
20,6,935
20,7,874
20,8,1072
20,9,1341
20,10,865
20,11,1052
20,12,1077
20,13,1210
20,14,978
20,15,1207
20,16,1160
20,17,1041
20,18,1678
20,19,949
20,20,1099
20,21,1025
20,22,936
20,23,1100
20,24,1047
20,25,1395
20,26,1364
20,27,833
20,28,980
20,29,922
20,30,1057
20,31,1444
20,32,1193
20,33,1015
20,34,815
20,35,966
20,36,1130
20,37,1857
20,38,1413
20,39,1467
20,40,1096
20,41,1149
20,42,1048
20,43,1100
20,44,1114
20,45,2163
20,46,1179
20,47,1013
20,48,1263
20,49,813
20,50,1098
20,51,1015
20,52,1457
20,53,2453
20,54,1162
20,55,1191
20,56,1007
20,57,851
20,58,1066
20,59,1058
20,60,887
20,61,1427
20,62,1301
20,63,995
21,0,1105
21,1,1327
21,2,1026
21,3,902
21,4,985
21,5,986
21,6,959
21,7,815
21,8,997
21,9,1311
21,10,887
21,11,1039
21,12,1083
21,13,1060
21,14,935
21,15,1199
21,16,1064
21,17,1056
21,18,1684
21,19,864
21,20,1106
21,21,1023
21,22,915
21,23,1045
21,24,985
21,25,1462
21,26,1326
21,27,853
21,28,914
21,29,959
21,30,1009
21,31,1407
21,32,1160
21,33,977
21,34,800
21,35,1000
21,36,1077
21,37,1849
21,38,1350
21,39,1385
21,40,1108
21,41,1092
21,42,1027
21,43,1084
21,44,1036
21,45,2092
21,46,1098
21,47,1035
21,48,1259
21,49,884
21,50,1026
21,51,958
21,52,1452
21,53,2368
21,54,1139
21,55,1184
21,56,986
21,57,900
21,58,997
21,59,1127
21,60,830
21,61,1343
21,62,1359
21,63,902
22,0,1162
22,1,1342
22,2,1064
22,3,835
22,4,1076
22,5,1124
22,6,932
22,7,835
22,8,1082
22,9,1280
22,10,844
22,11,1064
22,12,1088
22,13,1092
22,14,1018
22,15,1202
22,16,1168
22,17,1078
22,18,1787
22,19,882
22,20,1072
22,21,1013
22,22,992
22,23,1068
22,24,986
22,25,1459
22,26,1363
22,27,846
22,28,902
22,29,906
22,30,1085
22,31,1374
22,32,1075
22,33,923
22,34,822
22,35,1041
22,36,1086
22,37,1833
22,38,1315
22,39,1453
22,40,1114
22,41,1136
22,42,1026
22,43,1044
22,44,1076
22,45,2161
22,46,1122
22,47,975
22,48,1296
22,49,809
22,50,1143
22,51,1001
22,52,1440
22,53,2426
22,54,1178
22,55,1242
22,56,1072
22,57,888
22,58,1070
22,59,1054
22,60,852
22,61,1410
22,62,1285
22,63,976
23,0,1127
23,1,1318
23,2,1075
23,3,904
23,4,952
23,5,1087
23,6,1001
23,7,834
23,8,1119
23,9,1225
23,10,879
23,11,1085
23,12,1070
23,13,1138
23,14,979
23,15,1184
23,16,1259
23,17,1018
23,18,1893
23,19,923
23,20,1101
23,21,1049
23,22,920
23,23,1048
23,24,978
23,25,1425
23,26,1297
23,27,874
23,28,985
23,29,895
23,30,1083
23,31,1387
23,32,1101
23,33,965
23,34,828
23,35,945
23,36,1061
23,37,1938
23,38,1384
23,39,1481
23,40,1152
23,41,1064
23,42,1011
23,43,1078
23,44,1057
23,45,2096
23,46,1129
23,47,975
23,48,1346
23,49,876
23,50,1082
23,51,939
23,52,1522
23,53,2464
23,54,1143
23,55,1224
23,56,1034
23,57,906
23,58,1014
23,59,1087
23,60,836
23,61,1448
23,62,1365
23,63,963
24,0,1137
24,1,1309
24,2,1037
24,3,900
24,4,972
24,5,1030
24,6,959
24,7,805
24,8,1050
24,9,1250
24,10,846
24,11,938
24,12,1111
24,13,1125
24,14,950
24,15,1285
24,16,1161
24,17,1038
24,18,1773
24,19,835
24,20,1074
24,21,975
24,22,914
24,23,1028
24,24,980
24,25,1253
24,26,1279
24,27,779
24,28,948
24,29,832
24,30,1000
24,31,1447
24,32,1156
24,33,974
24,34,785
24,35,1048
24,36,1056
24,37,1833
24,38,1330
24,39,1389
24,40,1106
24,41,1002
24,42,1017
24,43,1022
24,44,1085
24,45,2127
24,46,1174
24,47,1045
24,48,1286
24,49,871
24,50,1023
24,51,1005
24,52,1418
24,53,2441
24,54,1059
24,55,1125
24,56,958
24,57,924
24,58,980
24,59,1095
24,60,835
24,61,1441
24,62,1297
24,63,917
25,0,1161
25,1,1335
25,2,1026
25,3,903
25,4,997
25,5,1090
25,6,888
25,7,823
25,8,1068
25,9,1271
25,10,880
25,11,973
25,12,1082
25,13,1116
25,14,902
25,15,1224
25,16,1158
25,17,1036
25,18,1754
25,19,883
25,20,1152
25,21,1005
25,22,978
25,23,960
25,24,1012
25,25,1332
25,26,1286
25,27,840
25,28,935
25,29,903
25,30,1052
25,31,1350
25,32,1180
25,33,1008
25,34,780
25,35,1043
25,36,1050
25,37,1910
25,38,1327
25,39,1361
25,40,1132
25,41,1057
25,42,1065
25,43,1047
25,44,1096
25,45,2114
25,46,1176
25,47,962
25,48,1290
25,49,809
25,50,1070
25,51,1043
25,52,1431
25,53,2379
25,54,1077
25,55,1180
25,56,1005
25,57,817
25,58,1112
25,59,1147
25,60,872
25,61,1437
25,62,1320
25,63,936
26,0,1166
26,1,1374
26,2,996
26,3,870
26,4,966
26,5,1091
26,6,857
26,7,817
26,8,1068
26,9,1292
26,10,950
26,11,973
26,12,1056
26,13,1091
26,14,1006
26,15,1144
26,16,1193
26,17,1061
26,18,1776
26,19,917
26,20,1124
26,21,1079
26,22,930
26,23,1008
26,24,1022
26,25,1373
26,26,1312
26,27,845
26,28,958
26,29,945
26,30,1035
26,31,1428
26,32,1133
26,33,948
26,34,738
26,35,1079
26,36,1141
26,37,1893
26,38,1260
26,39,1378
26,40,1157
26,41,1104
26,42,966
26,43,1093
26,44,1072
26,45,2143
26,46,1184
26,47,989
26,48,1280
26,49,893
26,50,1058
26,51,1067
26,52,1461
26,53,2393
26,54,1113
26,55,1193
26,56,1095
26,57,809
26,58,1047
26,59,1135
26,60,846
26,61,1421
26,62,1300
26,63,939
27,0,1066
27,1,1324
27,2,1073
27,3,873
27,4,991
27,5,1040
27,6,885
27,7,858
27,8,1138
27,9,1167
27,10,846
27,11,1035
27,12,1066
27,13,1079
27,14,951
27,15,1200
27,16,1169
27,17,960
27,18,1683
27,19,841
27,20,958
27,21,979
27,22,908
27,23,972
27,24,991
27,25,1289
27,26,1271
27,27,895
27,28,942
27,29,937
27,30,1079
27,31,1329
27,32,1136
27,33,959
27,34,702
27,35,950
27,36,1083
27,37,1776
27,38,1342
27,39,1362
27,40,1113
27,41,1101
27,42,1020
27,43,1025
27,44,1049
27,45,2115
27,46,1128
27,47,993
27,48,1234
27,49,825
27,50,1074
27,51,956
27,52,1443
27,53,2301
27,54,1061
27,55,1197
27,56,1034
27,57,934
27,58,1122
27,59,1040
27,60,831
27,61,1357
27,62,1306
27,63,1010
28,0,1111
28,1,1322
28,2,1035
28,3,913
28,4,1001
28,5,1059
28,6,950
28,7,820
28,8,1095
28,9,1206
28,10,818
28,11,1020
28,12,1010
28,13,1081
28,14,1025
28,15,1209
28,16,1174
28,17,1050
28,18,1757
28,19,852
28,20,1104
28,21,992
28,22,941
28,23,984
28,24,1046
28,25,1381
28,26,1262
28,27,835
28,28,926
28,29,904
28,30,1030
28,31,1409
28,32,1165
28,33,964
28,34,777
28,35,1004
28,36,1077
28,37,1768
28,38,1372
28,39,1421
28,40,1215
28,41,1076
28,42,1051
28,43,1065
28,44,1071
28,45,2157
28,46,1195
28,47,966
28,48,1369
28,49,822
28,50,1161
28,51,1011
28,52,1400
28,53,2351
28,54,1107
28,55,1230
28,56,1036
28,57,876
28,58,1054
28,59,1062
28,60,794
28,61,1396
28,62,1230
28,63,960
29,0,1089
29,1,1366
29,2,1013
29,3,897
29,4,1002
29,5,1078
29,6,965
29,7,852
29,8,1026
29,9,1301
29,10,916
29,11,961
29,12,1016
29,13,1142
29,14,1005
29,15,1146
29,16,1185
29,17,1075
29,18,1790
29,19,905
29,20,1091
29,21,1046
29,22,936
29,23,1100
29,24,973
29,25,1364
29,26,1291
29,27,847
29,28,1014
29,29,935
29,30,1009
29,31,1392
29,32,1135
29,33,1001
29,34,822
29,35,1013
29,36,1036
29,37,1958
29,38,1366
29,39,1357
29,40,1126
29,41,1147
29,42,1038
29,43,1034
29,44,1101
29,45,2103
29,46,1101
29,47,934
29,48,1321
29,49,896
29,50,1164
29,51,985
29,52,1539
29,53,2417
29,54,1106
29,55,1209
29,56,988
29,57,879
29,58,1096
29,59,1048
29,60,880
29,61,1422
29,62,1302
29,63,971
30,0,1105
30,1,1287
30,2,1001
30,3,885
30,4,986
30,5,1041
30,6,974
30,7,816
30,8,1066
30,9,1322
30,10,849
30,11,950
30,12,1069
30,13,1067
30,14,924
30,15,1226
30,16,1198
30,17,1096
30,18,1753
30,19,897
30,20,1156
30,21,1042
30,22,910
30,23,1061
30,24,1029
30,25,1354
30,26,1300
30,27,810
30,28,949
30,29,914
30,30,1051
30,31,1397
30,32,1194
30,33,922
30,34,813
30,35,970
30,36,1058
30,37,1835
30,38,1434
30,39,1411
30,40,1127
30,41,1046
30,42,1018
30,43,1136
30,44,1034
30,45,2164
30,46,1129
30,47,906
30,48,1279
30,49,817
30,50,1111
30,51,981
30,52,1492
30,53,2405
30,54,1092
30,55,1196
30,56,1063
30,57,855
30,58,1118
30,59,1084
30,60,909
30,61,1348
30,62,1322
30,63,879
31,0,1118
31,1,1272
31,2,987
31,3,832
31,4,1032
31,5,1093
31,6,966
31,7,847
31,8,1065
31,9,1259
31,10,868
31,11,1024
31,12,1011
31,13,1082
31,14,976
31,15,1238
31,16,1117
31,17,1031
31,18,1744
31,19,885
31,20,1094
31,21,991
31,22,955
31,23,1018
31,24,976
31,25,1393
31,26,1300
31,27,833
31,28,940
31,29,922
31,30,1049
31,31,1288
31,32,1117
31,33,1022
31,34,766
31,35,1055
31,36,1057
31,37,1862
31,38,1352
31,39,1421
31,40,1114
31,41,1079
31,42,1000
31,43,1042
31,44,1125
31,45,2138
31,46,1133
31,47,1003
31,48,1251
31,49,855
31,50,1012
31,51,961
31,52,1544
31,53,2365
31,54,1080
31,55,1226
31,56,1008
31,57,912
31,58,1071
31,59,1190
31,60,871
31,61,1412
31,62,1330
31,63,886
32,0,1080
32,1,1314
32,2,1033
32,3,843
32,4,1004
32,5,1178
32,6,916
32,7,788
32,8,1043
32,9,1243
32,10,883
32,11,970
32,12,1087
32,13,1039
32,14,966
32,15,1262
32,16,1147
32,17,1021
32,18,1758
32,19,919
32,20,1157
32,21,977
32,22,902
32,23,967
32,24,982
32,25,1369
32,26,1328
32,27,781
32,28,947
32,29,899
32,30,1066
32,31,1378
32,32,1082
32,33,912
32,34,789
32,35,999
32,36,1112
32,37,1918
32,38,1364
32,39,1346
32,40,1109
32,41,1099
32,42,1017
32,43,1025
32,44,1057
32,45,2103
32,46,1156
32,47,993
32,48,1253
32,49,863
32,50,1073
32,51,996
32,52,1371
32,53,2365
32,54,1080
32,55,1084
32,56,1005
32,57,840
32,58,1080
32,59,1114
32,60,834
32,61,1434
32,62,1325
32,63,940
33,0,1165
33,1,1348
33,2,1098
33,3,883
33,4,1002
33,5,1091
33,6,930
33,7,837
33,8,1059
33,9,1295
33,10,928
33,11,964
33,12,1086
33,13,1066
33,14,912
33,15,1225
33,16,1188
33,17,1082
33,18,1730
33,19,921
33,20,1085
33,21,1056
33,22,947
33,23,1005
33,24,994
33,25,1520
33,26,1302
33,27,868
33,28,923
33,29,923
33,30,1049
33,31,1375
33,32,1131
33,33,1028
33,34,792
33,35,1060
33,36,1058
33,37,1867
33,38,1309
33,39,1399
33,40,1147
33,41,1142
33,42,1064
33,43,1066
33,44,1022
33,45,2334
33,46,1170
33,47,992
33,48,1413
33,49,857
33,50,1143
33,51,942
33,52,1457
33,53,2246
33,54,1173
33,55,1277
33,56,998
33,57,847
33,58,1059
33,59,1108
33,60,869
33,61,1438
33,62,1262
33,63,971
34,0,1161
34,1,1339
34,2,1031
34,3,838
34,4,994
34,5,1154
34,6,949
34,7,862
34,8,1048
34,9,1228
34,10,939
34,11,955
34,12,1083
34,13,1118
34,14,981
34,15,1167
34,16,1094
34,17,1061
34,18,1759
34,19,889
34,20,1172
34,21,1063
34,22,976
34,23,1035
34,24,952
34,25,1400
34,26,1289
34,27,787
34,28,979
34,29,939
34,30,1105
34,31,1382
34,32,1183
34,33,959
34,34,818
34,35,1002
34,36,1040
34,37,1833
34,38,1264
34,39,1396
34,40,1135
34,41,1129
34,42,1061
34,43,1141
34,44,1043
34,45,2185
34,46,1114
34,47,947
34,48,1300
34,49,859
34,50,1122
34,51,951
34,52,1469
34,53,2385
34,54,1146
34,55,1191
34,56,1029
34,57,830
34,58,1070
34,59,1092
34,60,856
34,61,1374
34,62,1293
34,63,981
35,0,1176
35,1,1386
35,2,1110
35,3,879
35,4,1015
35,5,1111
35,6,992
35,7,811
35,8,1144
35,9,1292
35,10,880
35,11,1003
35,12,1115
35,13,1141
35,14,909
35,15,1159
35,16,1168
35,17,1081
35,18,1840
35,19,840
35,20,1171
35,21,1057
35,22,921
35,23,1053
35,24,1001
35,25,1398
35,26,1315
35,27,866
35,28,985
35,29,987
35,30,1054
35,31,1455
35,32,1135
35,33,994
35,34,814
35,35,1006
35,36,1100
35,37,1826
35,38,1363
35,39,1390
35,40,1089
35,41,1052
35,42,1087
35,43,1094
35,44,1105
35,45,2172
35,46,1163
35,47,995
35,48,1283
35,49,825
35,50,1075
35,51,988
35,52,1527
35,53,2483
35,54,1169
35,55,1186
35,56,1079
35,57,892
35,58,1044
35,59,1097
35,60,882
35,61,1438
35,62,1317
35,63,938
36,0,1125
36,1,1350
36,2,1043
36,3,887
36,4,999
36,5,1014
36,6,976
36,7,842
36,8,1153
36,9,1283
36,10,951
36,11,1066
36,12,1111
36,13,1144
36,14,971
36,15,1236
36,16,1197
36,17,1045
36,18,1842
36,19,912
36,20,1151
36,21,1070
36,22,971
36,23,1061
36,24,1033
36,25,1402
36,26,1323
36,27,872
36,28,992
36,29,898
36,30,1075
36,31,1365
36,32,1243
36,33,987
36,34,775
36,35,1097
36,36,1104
36,37,1925
36,38,1314
36,39,1345
36,40,1096
36,41,1110
36,42,1032
36,43,1109
36,44,1090
36,45,2186
36,46,1171
36,47,1036
36,48,1322
36,49,893
36,50,1073
36,51,1035
36,52,1467
36,53,2516
36,54,1118
36,55,1222
36,56,1034
36,57,851
36,58,1098
36,59,1137
36,60,890
36,61,1387
36,62,1224
36,63,1018
37,0,1148
37,1,1301
37,2,1127
37,3,878
37,4,1062
37,5,1051
37,6,982
37,7,837
37,8,1067
37,9,1296
37,10,914
37,11,1033
37,12,1069
37,13,1086
37,14,921
37,15,1177
37,16,1190
37,17,1076
37,18,1727
37,19,893
37,20,1107
37,21,1028
37,22,904
37,23,1009
37,24,1035
37,25,1426
37,26,1236
37,27,880
37,28,923
37,29,985
37,30,1033
37,31,1332
37,32,1123
37,33,997
37,34,790
37,35,1046
37,36,1090
37,37,1803
37,38,1374
37,39,1383
37,40,1099
37,41,1106
37,42,1049
37,43,1053
37,44,1075
37,45,2063
37,46,1155
37,47,1012
37,48,1305
37,49,907
37,50,1048
37,51,1020
37,52,1431
37,53,2490
37,54,1153
37,55,1256
37,56,1045
37,57,863
37,58,1047
37,59,1079
37,60,865
37,61,1310
37,62,1268
37,63,959
38,0,1151
38,1,1309
38,2,1042
38,3,897
38,4,1040
38,5,992
38,6,914
38,7,853
38,8,1041
38,9,1298
38,10,923
38,11,947
38,12,1093
38,13,1137
38,14,912
38,15,1226
38,16,1126
38,17,1071
38,18,1809
38,19,860
38,20,1145
38,21,1030
38,22,929
38,23,1032
38,24,1010
38,25,1372
38,26,1251
38,27,823
38,28,973
38,29,943
38,30,1129
38,31,1362
38,32,1203
38,33,1027
38,34,771
38,35,1082
38,36,1100
38,37,1946
38,38,1337
38,39,1382
38,40,1055
38,41,1170
38,42,999
38,43,1113
38,44,1090
38,45,2145
38,46,1139
38,47,1053
38,48,1324
38,49,884
38,50,1083
38,51,976
38,52,1428
38,53,2368
38,54,1130
38,55,1183
38,56,1044
38,57,897
38,58,1073
38,59,1157
38,60,840
38,61,1386
38,62,1275
38,63,945
39,0,1124
39,1,1307
39,2,1013
39,3,921
39,4,1038
39,5,1057
39,6,940
39,7,841
39,8,1031
39,9,1268
39,10,866
39,11,1025
39,12,1002
39,13,1134
39,14,966
39,15,1306
39,16,1165
39,17,1076
39,18,1748
39,19,906
39,20,1113
39,21,1056
39,22,896
39,23,1048
39,24,986
39,25,1368
39,26,1310
39,27,816
39,28,987
39,29,931
39,30,1039
39,31,1405
39,32,1153
39,33,992
39,34,795
39,35,1049
39,36,1031
39,37,1868
39,38,1374
39,39,1381
39,40,1142
39,41,1119
39,42,1028
39,43,1066
39,44,1042
39,45,2198
39,46,1194
39,47,991
39,48,1261
39,49,841
39,50,1075
39,51,997
39,52,1543
39,53,2373
39,54,1113
39,55,1135
39,56,1012
39,57,873
39,58,1150
39,59,1074
39,60,906
39,61,1447
39,62,1355
39,63,966
40,0,1169
40,1,1359
40,2,994
40,3,884
40,4,916
40,5,1071
40,6,860
40,7,864
40,8,1076
40,9,1293
40,10,931
40,11,1001
40,12,1109
40,13,1087
40,14,947
40,15,1183
40,16,1239
40,17,934
40,18,1729
40,19,887
40,20,1072
40,21,957
40,22,953
40,23,971
40,24,1052
40,25,1436
40,26,1341
40,27,803
40,28,968
40,29,862
40,30,1066
40,31,1387
40,32,1192
40,33,960
40,34,765
40,35,1031
40,36,1061
40,37,1972
40,38,1339
40,39,1400
40,40,1029
40,41,1105
40,42,993
40,43,1092
40,44,1084
40,45,2228
40,46,1097
40,47,985
40,48,1329
40,49,857
40,50,996
40,51,955
40,52,1577
40,53,2421
40,54,1111
40,55,1235
40,56,998
40,57,858
40,58,1125
40,59,1025
40,60,859
40,61,1387
40,62,1357
40,63,981
41,0,1171
41,1,1350
41,2,932
41,3,868
41,4,966
41,5,1089
41,6,966
41,7,846
41,8,1042
41,9,1272
41,10,866
41,11,1017
41,12,1074
41,13,1158
41,14,896
41,15,1246
41,16,1117
41,17,978
41,18,1763
41,19,880
41,20,1100
41,21,965
41,22,937
41,23,1063
41,24,923
41,25,1388
41,26,1324
41,27,836
41,28,937
41,29,905
41,30,1058
41,31,1433
41,32,1132
41,33,933
41,34,869
41,35,1038
41,36,1085
41,37,1817
41,38,1264
41,39,1386
41,40,1159
41,41,1052
41,42,976
41,43,1031
41,44,1042
41,45,2201
41,46,1210
41,47,1004
41,48,1253
41,49,850
41,50,1093
41,51,1002
41,52,1339
41,53,2380
41,54,1181
41,55,1192
41,56,1058
41,57,861
41,58,1017
41,59,1077
41,60,923
41,61,1376
41,62,1308
41,63,899
42,0,1137
42,1,1277
42,2,1004
42,3,878
42,4,961
42,5,1123
42,6,934
42,7,792
42,8,1081
42,9,1228
42,10,902
42,11,952
42,12,1091
42,13,1147
42,14,947
42,15,1188
42,16,1125
42,17,1023
42,18,1764
42,19,891
42,20,1143
42,21,1071
42,22,909
42,23,1043
42,24,1072
42,25,1365
42,26,1303
42,27,829
42,28,1003
42,29,934
42,30,1032
42,31,1402
42,32,1120
42,33,944
42,34,789
42,35,1080
42,36,1038
42,37,1882
42,38,1298
42,39,1382
42,40,1121
42,41,1134
42,42,1077
42,43,1047
42,44,1028
42,45,2197
42,46,1118
42,47,957
42,48,1276
42,49,877
42,50,1049
42,51,1042
42,52,1514
42,53,2415
42,54,1100
42,55,1238
42,56,1007
42,57,819
42,58,1056
42,59,1142
42,60,824
42,61,1489
42,62,1310
42,63,948
43,0,1154
43,1,1316
43,2,1057
43,3,880
43,4,1056
43,5,1153
43,6,898
43,7,855
43,8,1080
43,9,1233
43,10,923
43,11,1019
43,12,1116
43,13,1173
43,14,931
43,15,1272
43,16,1150
43,17,1023
43,18,1754
43,19,853
43,20,1168
43,21,1055
43,22,871
43,23,1011
43,24,940
43,25,1420
43,26,1328
43,27,803
43,28,957
43,29,904
43,30,1033
43,31,1416
43,32,1173
43,33,1014
43,34,801
43,35,1052
43,36,1056
43,37,1858
43,38,1324
43,39,1388
43,40,1077
43,41,1131
43,42,1050
43,43,1065
43,44,1105
43,45,2136
43,46,1100
43,47,952
43,48,1262
43,49,952
43,50,1134
43,51,961
43,52,1474
43,53,2321
43,54,1164
43,55,1265
43,56,1032
43,57,902
43,58,1051
43,59,1038
43,60,835
43,61,1325
43,62,1278
43,63,922
44,0,1169
44,1,1321
44,2,1042
44,3,931
44,4,991
44,5,1067
44,6,930
44,7,806
44,8,1122
44,9,1310
44,10,920
44,11,1045
44,12,1080
44,13,1117
44,14,926
44,15,1144
44,16,1103
44,17,1001
44,18,1771
44,19,906
44,20,1171
44,21,1058
44,22,944
44,23,1056
44,24,995
44,25,1477
44,26,1300
44,27,876
44,28,1044
44,29,899
44,30,1083
44,31,1352
44,32,1140
44,33,972
44,34,802
44,35,958
44,36,1128
44,37,1857
44,38,1427
44,39,1387
44,40,1138
44,41,1089
44,42,945
44,43,1049
44,44,1091
44,45,2144
44,46,1169
44,47,903
44,48,1296
44,49,831
44,50,1150
44,51,1038
44,52,1486
44,53,2418
44,54,1146
44,55,1188
44,56,1018
44,57,816
44,58,1106
44,59,1098
44,60,852
44,61,1430
44,62,1258
44,63,952
45,0,1187
45,1,1368
45,2,1033
45,3,845
45,4,1004
45,5,1056
45,6,990
45,7,849
45,8,1044
45,9,1249
45,10,888
45,11,1014
45,12,1099
45,13,1095
45,14,965
45,15,1172
45,16,1206
45,17,1037
45,18,1750
45,19,889
45,20,1084
45,21,996
45,22,940
45,23,1058
45,24,979
45,25,1454
45,26,1350
45,27,883
45,28,972
45,29,907
45,30,1083
45,31,1392
45,32,1155
45,33,1019
45,34,770
45,35,1042
45,36,1146
45,37,1831
45,38,1293
45,39,1361
45,40,1105
45,41,1149
45,42,1036
45,43,1032
45,44,1035
45,45,2136
45,46,1168
45,47,997
45,48,1354
45,49,887
45,50,1106
45,51,1053
45,52,1481
45,53,2282
45,54,1084
45,55,1190
45,56,1075
45,57,831
45,58,1024
45,59,1110
45,60,872
45,61,1364
45,62,1268
45,63,1004
46,0,1092
46,1,1351
46,2,1071
46,3,918
46,4,1033
46,5,1086
46,6,958
46,7,820
46,8,1050
46,9,1343
46,10,900
46,11,1050
46,12,1067
46,13,1171
46,14,965
46,15,1157
46,16,1183
46,17,1046
46,18,1865
46,19,972
46,20,1195
46,21,1043
46,22,935
46,23,1097
46,24,976
46,25,1448
46,26,1358
46,27,834
46,28,976
46,29,962
46,30,1043
46,31,1366
46,32,1143
46,33,1040
46,34,770
46,35,1110
46,36,1035
46,37,1857
46,38,1356
46,39,1431
46,40,1125
46,41,1146
46,42,1004
46,43,1014
46,44,1078
46,45,2206
46,46,1204
46,47,1043
46,48,1261
46,49,848
46,50,1089
46,51,1040
46,52,1510
46,53,2432
46,54,1154
46,55,1267
46,56,1026
46,57,856
46,58,1073
46,59,1120
46,60,832
46,61,1404
46,62,1295
46,63,971
47,0,1081
47,1,1346
47,2,1010
47,3,853
47,4,995
47,5,1107
47,6,953
47,7,818
47,8,1096
47,9,1319
47,10,888
47,11,973
47,12,1128
47,13,1088
47,14,1012
47,15,1229
47,16,1181
47,17,1006
47,18,1776
47,19,926
47,20,1096
47,21,1027
47,22,975
47,23,1009
47,24,930
47,25,1309
47,26,1366
47,27,848
47,28,936
47,29,952
47,30,1051
47,31,1347
47,32,1174
47,33,960
47,34,841
47,35,1034
47,36,1110
47,37,1849
47,38,1329
47,39,1307
47,40,1135
47,41,1076
47,42,1132
47,43,1026
47,44,1113
47,45,2101
47,46,1165
47,47,1013
47,48,1230
47,49,807
47,50,1166
47,51,976
47,52,1448
47,53,2538
47,54,1142
47,55,1204
47,56,1013
47,57,869
47,58,1064
47,59,1093
47,60,885
47,61,1406
47,62,1273
47,63,876
48,0,1136
48,1,1268
48,2,1082
48,3,880
48,4,1007
48,5,1080
48,6,924
48,7,840
48,8,1083
48,9,1253
48,10,873
48,11,1021
48,12,1064
48,13,1058
48,14,916
48,15,1163
48,16,1153
48,17,1024
48,18,1755
48,19,908
48,20,1094
48,21,1018
48,22,973
48,23,1077
48,24,1054
48,25,1442
48,26,1316
48,27,813
48,28,993
48,29,990
48,30,1120
48,31,1379
48,32,1115
48,33,1047
48,34,770
48,35,996
48,36,1071
48,37,1834
48,38,1322
48,39,1437
48,40,1106
48,41,1110
48,42,1043
48,43,1167
48,44,1119
48,45,2187
48,46,1122
48,47,960
48,48,1277
48,49,850
48,50,1114
48,51,1017
48,52,1394
48,53,2356
48,54,1096
48,55,1165
48,56,994
48,57,858
48,58,1107
48,59,1154
48,60,853
48,61,1410
48,62,1352
48,63,943
49,0,1223
49,1,1324
49,2,1083
49,3,855
49,4,982
49,5,1060
49,6,965
49,7,811
49,8,1043
49,9,1264
49,10,880
49,11,1012
49,12,1117
49,13,1124
49,14,1020
49,15,1221
49,16,1101
49,17,1138
49,18,1760
49,19,908
49,20,1123
49,21,1018
49,22,947
49,23,1076
49,24,975
49,25,1455
49,26,1352
49,27,851
49,28,988
49,29,928
49,30,1129
49,31,1409
49,32,1159
49,33,1035
49,34,791
49,35,955
49,36,1057
49,37,1821
49,38,1248
49,39,1406
49,40,1129
49,41,1095
49,42,1090
49,43,1097
49,44,1096
49,45,2201
49,46,1152
49,47,997
49,48,1339
49,49,856
49,50,1114
49,51,955
49,52,1457
49,53,2370
49,54,1121
49,55,1254
49,56,1017
49,57,912
49,58,1085
49,59,1094
49,60,853
49,61,1412
49,62,1343
49,63,976
50,0,1166
50,1,1366
50,2,1002
50,3,859
50,4,955
50,5,1058
50,6,877
50,7,820
50,8,1046
50,9,1200
50,10,847
50,11,981
50,12,1108
50,13,1079
50,14,996
50,15,1182
50,16,1152
50,17,1024
50,18,1756
50,19,903
50,20,1144
50,21,1071
50,22,884
50,23,996
50,24,1043
50,25,1436
50,26,1280
50,27,857
50,28,1017
50,29,949
50,30,1064
50,31,1419
50,32,1142
50,33,1038
50,34,799
50,35,1038
50,36,1145
50,37,1836
50,38,1407
50,39,1422
50,40,1167
50,41,1095
50,42,1094
50,43,1089
50,44,1064
50,45,2147
50,46,1117
50,47,998
50,48,1298
50,49,834
50,50,1004
50,51,976
50,52,1367
50,53,2380
50,54,1091
50,55,1194
50,56,1048
50,57,835
50,58,1055
50,59,1094
50,60,838
50,61,1349
50,62,1292
50,63,961
51,0,1174
51,1,1359
51,2,1038
51,3,888
51,4,949
51,5,1133
51,6,943
51,7,835
51,8,1089
51,9,1273
51,10,887
51,11,1022
51,12,1083
51,13,1135
51,14,961
51,15,1201
51,16,1062
51,17,1061
51,18,1729
51,19,908
51,20,1126
51,21,1036
51,22,927
51,23,1051
51,24,979
51,25,1465
51,26,1242
51,27,785
51,28,1014
51,29,927
51,30,1036
51,31,1417
51,32,1137
51,33,1015
51,34,772
51,35,1100
51,36,1004
51,37,1838
51,38,1285
51,39,1319
51,40,1107
51,41,1095
51,42,1030
51,43,1032
51,44,1103
51,45,2188
51,46,1142
51,47,1025
51,48,1361
51,49,850
51,50,1077
51,51,1027
51,52,1591
51,53,2374
51,54,1082
51,55,1177
51,56,954
51,57,877
51,58,1122
51,59,1095
51,60,876
51,61,1409
51,62,1353
51,63,924
52,0,1121
52,1,1307
52,2,1112
52,3,858
52,4,1065
52,5,1106
52,6,919
52,7,865
52,8,1084
52,9,1240
52,10,853
52,11,965
52,12,1070
52,13,1111
52,14,980
52,15,1186
52,16,1112
52,17,1078
52,18,1807
52,19,880
52,20,1128
52,21,994
52,22,925
52,23,983
52,24,1013
52,25,1358
52,26,1316
52,27,853
52,28,882
52,29,944
52,30,1036
52,31,1370
52,32,1126
52,33,1031
52,34,846
52,35,1000
52,36,1085
52,37,1816
52,38,1268
52,39,1445
52,40,1139
52,41,1049
52,42,1087
52,43,1061
52,44,1064
52,45,2174
52,46,1164
52,47,971
52,48,1349
52,49,916
52,50,1043
52,51,951
52,52,1413
52,53,2422
52,54,1087
52,55,1236
52,56,1025
52,57,918
52,58,1046
52,59,1118
52,60,892
52,61,1474
52,62,1278
52,63,959
53,0,1200
53,1,1329
53,2,1074
53,3,886
53,4,981
53,5,1148
53,6,973
53,7,860
53,8,1112
53,9,1189
53,10,894
53,11,1010
53,12,1012
53,13,1152
53,14,871
53,15,1164
53,16,1133
53,17,1047
53,18,1759
53,19,919
53,20,1151
53,21,936
53,22,905
53,23,987
53,24,953
53,25,1447
53,26,1363
53,27,913
53,28,987
53,29,922
53,30,1078
53,31,1407
53,32,1172
53,33,974
53,34,830
53,35,976
53,36,1137
53,37,1793
53,38,1293
53,39,1396
53,40,1140
53,41,1125
53,42,1080
53,43,1006
53,44,1084
53,45,2194
53,46,1173
53,47,977
53,48,1315
53,49,820
53,50,1113
53,51,982
53,52,1454
53,53,2426
53,54,1049
53,55,1228
53,56,1011
53,57,860
53,58,1096
53,59,1071
53,60,885
53,61,1424
53,62,1434
53,63,1026
54,0,1070
54,1,1423
54,2,1096
54,3,875
54,4,993
54,5,1020
54,6,957
54,7,846
54,8,1144
54,9,1293
54,10,916
54,11,964
54,12,1104
54,13,1111
54,14,994
54,15,1264
54,16,1171
54,17,1088
54,18,1701
54,19,917
54,20,1150
54,21,1027
54,22,927
54,23,1004
54,24,1018
54,25,1380
54,26,1357
54,27,818
54,28,936
54,29,980
54,30,1065
54,31,1321
54,32,1152
54,33,949
54,34,760
54,35,1076
54,36,1106
54,37,2012
54,38,1351
54,39,1372
54,40,1171
54,41,1082
54,42,1043
54,43,1064
54,44,1020
54,45,2140
54,46,1162
54,47,1009
54,48,1327
54,49,912
54,50,1085
54,51,949
54,52,1473
54,53,2400
54,54,1098
54,55,1172
54,56,1016
54,57,864
54,58,1041
54,59,1111
54,60,861
54,61,1347
54,62,1266
54,63,982
55,0,1130
55,1,1285
55,2,1047
55,3,880
55,4,1050
55,5,1121
55,6,934
55,7,855
55,8,1124
55,9,1198
55,10,902
55,11,987
55,12,1071
55,13,1168
55,14,981
55,15,1197
55,16,1210
55,17,1081
55,18,1791
55,19,883
55,20,1114
55,21,1034
55,22,935
55,23,989
55,24,1041
55,25,1410
55,26,1291
55,27,818
55,28,1028
55,29,949
55,30,1015
55,31,1349
55,32,1183
55,33,998
55,34,804
55,35,1045
55,36,1170
55,37,1902
55,38,1296
55,39,1422
55,40,1047
55,41,1126
55,42,1065
55,43,1105
55,44,1049
55,45,2129
55,46,1172
55,47,1050
55,48,1252
55,49,834
55,50,1078
55,51,1040
55,52,1427
55,53,2396
55,54,1107
55,55,1247
55,56,998
55,57,913
55,58,1060
55,59,1137
55,60,856
55,61,1336
55,62,1258
55,63,979
56,0,1149
56,1,1287
56,2,1029
56,3,886
56,4,989
56,5,1070
56,6,930
56,7,820
56,8,1069
56,9,1263
56,10,926
56,11,1027
56,12,1076
56,13,1109
56,14,964
56,15,1192
56,16,1173
56,17,1124
56,18,1800
56,19,910
56,20,1164
56,21,1128
56,22,968
56,23,1011
56,24,969
56,25,1424
56,26,1334
56,27,827
56,28,992
56,29,947
56,30,1052
56,31,1341
56,32,1062
56,33,998
56,34,763
56,35,1028
56,36,1131
56,37,1915
56,38,1362
56,39,1453
56,40,1132
56,41,1106
56,42,997
56,43,1045
56,44,1083
56,45,2261
56,46,1175
56,47,1072
56,48,1298
56,49,892
56,50,1088
56,51,1030
56,52,1584
56,53,2411
56,54,1064
56,55,1180
56,56,1016
56,57,852
56,58,1126
56,59,1197
56,60,868
56,61,1392
56,62,1304
56,63,976
57,0,1131
57,1,1295
57,2,1051
57,3,895
57,4,1015
57,5,1069
57,6,908
57,7,834
57,8,1052
57,9,1291
57,10,882
57,11,1010
57,12,1068
57,13,1091
57,14,973
57,15,1190
57,16,1267
57,17,1052
57,18,1758
57,19,896
57,20,1141
57,21,1044
57,22,984
57,23,1115
57,24,964
57,25,1400
57,26,1157
57,27,828
57,28,965
57,29,929
57,30,983
57,31,1399
57,32,1123
57,33,1048
57,34,823
57,35,1028
57,36,1108
57,37,1900
57,38,1263
57,39,1356
57,40,1094
57,41,1125
57,42,1050
57,43,1070
57,44,1030
57,45,2128
57,46,1213
57,47,962
57,48,1304
57,49,808
57,50,1125
57,51,1012
57,52,1467
57,53,2414
57,54,1070
57,55,1189
57,56,1037
57,57,878
57,58,1104
57,59,1161
57,60,813
57,61,1349
57,62,1296
57,63,946
58,0,1121
58,1,1331
58,2,1018
58,3,834
58,4,1007
58,5,1110
58,6,991
58,7,900
58,8,1158
58,9,1330
58,10,890
58,11,1049
58,12,1080
58,13,1100
58,14,991
58,15,1160
58,16,1210
58,17,1051
58,18,1842
58,19,860
58,20,1165
58,21,1049
58,22,987
58,23,974
58,24,985
58,25,1409
58,26,1322
58,27,865
58,28,970
58,29,929
58,30,1115
58,31,1351
58,32,1168
58,33,1025
58,34,817
58,35,1051
58,36,1115
58,37,2001
58,38,1419
58,39,1449
58,40,1194
58,41,1082
58,42,1005
58,43,1152
58,44,1080
58,45,2164
58,46,1176
58,47,1012
58,48,1347
58,49,892
58,50,1092
58,51,991
58,52,1554
58,53,2362
58,54,1085
58,55,1159
58,56,1053
58,57,935
58,58,1092
58,59,1107
58,60,854
58,61,1371
58,62,1335
58,63,1007
59,0,1090
59,1,1386
59,2,1078
59,3,938
59,4,1055
59,5,1076
59,6,926
59,7,887
59,8,1073
59,9,1278
59,10,908
59,11,962
59,12,1082
59,13,1081
59,14,1050
59,15,1210
59,16,1138
59,17,1005
59,18,1756
59,19,897
59,20,1136
59,21,1006
59,22,955
59,23,1036
59,24,1002
59,25,1384
59,26,1289
59,27,804
59,28,932
59,29,927
59,30,1075
59,31,1380
59,32,1181
59,33,993
59,34,799
59,35,1016
59,36,1061
59,37,1752
59,38,1340
59,39,1397
59,40,1103
59,41,1062
59,42,1073
59,43,1040
59,44,1073
59,45,2123
59,46,1162
59,47,998
59,48,1294
59,49,864
59,50,1126
59,51,976
59,52,1486
59,53,2483
59,54,1143
59,55,1182
59,56,1048
59,57,908
59,58,1067
59,59,1132
59,60,920
59,61,1448
59,62,1329
59,63,931
60,0,1204
60,1,1323
60,2,1023
60,3,846
60,4,971
60,5,1110
60,6,940
60,7,845
60,8,1167
60,9,1250
60,10,862
60,11,986
60,12,985
60,13,1149
60,14,976
60,15,1205
60,16,1136
60,17,1056
60,18,1786
60,19,875
60,20,1086
60,21,1004
60,22,970
60,23,1011
60,24,1059
60,25,1379
60,26,1281
60,27,839
60,28,973
60,29,938
60,30,1067
60,31,1522
60,32,1111
60,33,968
60,34,751
60,35,1016
60,36,1091
60,37,1859
60,38,1350
60,39,1377
60,40,1131
60,41,1098
60,42,970
60,43,1092
60,44,1073
60,45,2228
60,46,1185
60,47,1060
60,48,1288
60,49,867
60,50,1062
60,51,1010
60,52,1437
60,53,2385
60,54,1106
60,55,1150
60,56,1036
60,57,831
60,58,1029
60,59,1168
60,60,889
60,61,1400
60,62,1342
60,63,981
61,0,1128
61,1,1351
61,2,1046
61,3,886
61,4,970
61,5,1107
61,6,970
61,7,839
61,8,1076
61,9,1277
61,10,849
61,11,945
61,12,1083
61,13,1163
61,14,991
61,15,1189
61,16,1145
61,17,992
61,18,1758
61,19,882
61,20,1194
61,21,1043
61,22,954
61,23,1032
61,24,1031
61,25,1349
61,26,1292
61,27,816
61,28,973
61,29,937
61,30,1036
61,31,1315
61,32,1170
61,33,995
61,34,792
61,35,1018
61,36,1049
61,37,1937
61,38,1353
61,39,1317
61,40,1065
61,41,996
61,42,1039
61,43,1057
61,44,1085
61,45,2209
61,46,1088
61,47,1017
61,48,1241
61,49,844
61,50,1128
61,51,1033
61,52,1471
61,53,2393
61,54,1049
61,55,1193
61,56,1069
61,57,899
61,58,1051
61,59,1064
61,60,858
61,61,1429
61,62,1313
61,63,904
62,0,1141
62,1,1290
62,2,1015
62,3,899
62,4,992
62,5,1043
62,6,970
62,7,806
62,8,1088
62,9,1324
62,10,899
62,11,1004
62,12,1123
62,13,1184
62,14,1012
62,15,1257
62,16,1157
62,17,1062
62,18,1772
62,19,847
62,20,1158
62,21,1050
62,22,996
62,23,977
62,24,987
62,25,1425
62,26,1359
62,27,813
62,28,976
62,29,957
62,30,1033
62,31,1334
62,32,1191
62,33,946
62,34,800
62,35,1001
62,36,1059
62,37,1910
62,38,1325
62,39,1409
62,40,1136
62,41,1121
62,42,1039
62,43,1140
62,44,1082
62,45,2142
62,46,1127
62,47,1005
62,48,1353
62,49,830
62,50,1147
62,51,961
62,52,1428
62,53,2505
62,54,1131
62,55,1133
62,56,1128
62,57,899
62,58,1050
62,59,1108
62,60,843
62,61,1370
62,62,1285
62,63,985
63,0,1097
63,1,1368
63,2,993
63,3,856
63,4,995
63,5,1089
63,6,935
63,7,857
63,8,1089
63,9,1225
63,10,848
63,11,1017
63,12,1055
63,13,1099
63,14,909
63,15,1120
63,16,1105
63,17,1050
63,18,1786
63,19,873
63,20,1086
63,21,1001
63,22,1004
63,23,1038
63,24,1024
63,25,1326
63,26,1235
63,27,810
63,28,877
63,29,916
63,30,1061
63,31,1443
63,32,1150
63,33,980
63,34,842
63,35,1068
63,36,1027
63,37,1758
63,38,1320
63,39,1353
63,40,1123
63,41,999
63,42,1016
63,43,1042
63,44,1068
63,45,2121
63,46,1155
63,47,933
63,48,1289
63,49,892
63,50,1095
63,51,971
63,52,1450
63,53,2341
63,54,1195
63,55,1136
63,56,965
63,57,799
63,58,1118
63,59,1072
63,60,855
63,61,1436
63,62,1294
63,63,953
